0
0.0720183 
0.120299 
0.0605662 
0.0901373 
0.0261442 
0.0951155 
0.0528665 
0.0943667 
0.0949694 
0.0580042 
0.112811 
0.0556548 
0.0793608 
0.120063 
0.0490921 
0.111491 
0.104524 
0.053088 
0.112857 
0.0794118 
0.0701131 
0.125299 
0.0246403 
0.0666708 
0.0678632 
0.0734165 
0.0656117 
0.0812221 
0.0771451 
0.0335404 
0.0440979 
0.0447979 
0.0574762 
0.0594811 
0.0471502 
0.0256324 
0.0592168 
0.0342279 
0.0315035 
0.0564916 
0.0928129 
0.0864328 
0.0450044 
0.114404 
0.119239 
0.0544419 
0.0857876 
0.112439 
0.0381676 
0.0914575 
0.0713959 
0.0388513 
0.0589448 
0.0242543 
0.0366351 
0.0698036 
0.0637606 
0.0943799 
0.0445688 
0.0276754 
0.0275762 
0.0443595 
0.034923 
0.0701863 
0.0643677 
0.0181137 
0.0437602 
0.104117 
0.0585336 
0.0623306 
0.0826642 
0.0441539 
0.0142635 
0.0561029 
0.0881198 
0.0578572 
0.0340232 
0.0715463 
0.0365637 
0.109324 
0.048558 
0.040164 
0.0197646 
0.0273835 
0.0958367 
0.0496316 
0.118611 
0.119445 
0.0851813 
0.100723 
0.0451154 
0.0406457 
0.0711455 
0.0925354 
0.0611544 
0.10662 
0.0336164 
0.118516 
0.0864446 
0.0508215 
0.0937489 
0.00533245 
0.0916565 
0.0870683 
0.0623883 
0.0685701 
0.0391889 
0.0751878 
0.0572686 
0.0653249 
0.114218 
0.0423461 
0.0256322 
0.0468734 
0.0667415 
0.0561664 
0.0323314 
0.0207728 
0.0239268 
0.0267701 
0.0504906 
0.0378881 
0.0151947 
0.087236 
0.0677259 
0.0743085 
0.0835142 
0.0616253 
0.0476286 
0.0280578 
0.0764712 
0.0770962 
0.0247389 
0.0531924 
0.0386192 
0.0710019 
0.100994 
0.0507273 
0.0321406 
0.056918 
0.0532131 
0.0914128 
0.0483072 
0.0700299 
0.0709769 
0.110097 
0.0962361 
0.0321492 
0.100075 
