0
0.199654 
0.0811501 
0.0523306 
0.0915755 
0.0739287 
0.142905 
0.205357 
0.169596 
0.153495 
0.143044 
0.153165 
0.0873688 
0.24516 
0.290851 
0.173157 
0.131062 
0.12598 
0.202428 
0.116424 
0.108331 
0.157421 
0.0539739 
0.057755 
0.0483465 
0.0777444 
0.0742112 
0.0715068 
0.0631526 
0.0689563 
0.104975 
0.0564479 
0.0869667 
0.0651905 
0.0458974 
0.126046 
0.0817952 
0.191197 
0.169035 
0.0859584 
0.111851 
0.202017 
0.191452 
0.162726 
0.0956514 
0.0943919 
0.0899136 
0.0830578 
0.0716036 
0.0204139 
0.0588666 
0.0488861 
0.0632482 
0.0316417 
0.0565588 
0.070589 
0.078962 
0.14253 
0.139989 
0.184121 
0.143135 
0.0990458 
0.098729 
0.142129 
0.166511 
0.18451 
0.100826 
0.108479 
0.148245 
0.129163 
0.0617747 
0.0961603 
0.137374 
0.0956861 
0.0889432 
0.0833576 
0.0613441 
0.111446 
0.117863 
0.0920513 
0.0777831 
0.120466 
0.127166 
0.14054 
0.0823681 
0.157764 
0.130376 
0.0713297 
0.0660367 
0.0670799 
0.0481472 
0.0336037 
0.0742791 
0.0630933 
0.0283402 
0.0964658 
0.0713152 
0.0251067 
0.0580626 
0.0494114 
0.0659383 
0.0206949 
0.0285356 
0.0280887 
0.130062 
0.0959764 
0.0425456 
0.0587665 
0.0380363 
0.0686527 
0.0369253 
0.0626941 
0.154862 
0.21181 
0.229007 
0.0515402 
0.0688019 
0.0558183 
0.101108 
0.0737857 
0.0995911 
0.0841321 
0.0512531 
0.0595457 
0.0651496 
0.0913424 
0.0396798 
0.0760505 
0.02812 
0.101871 
0.192182 
0.163955 
0.0621031 
0.0353611 
0.0789226 
0.0373236 
0.0332607 
0.0790062 
0.109783 
0.155087 
0.147964 
0.10203 
0.0877507 
0.0839401 
0.0688248 
0.15376 
0.18142 
0.173333 
0.0529671 
0.096993 
