0
0.164306 
0.200549 
0.07259 
0.0631654 
0.0472248 
0.169923 
0.13276 
0.143977 
0.0531695 
0.0301136 
0.0904046 
0.121979 
0.0579065 
0.362622 
0.171962 
0.106189 
0.182711 
0.134971 
0.126832 
0.10878 
0.0599893 
0.0951227 
0.0577354 
0.123851 
0.145311 
0.143394 
0.0892593 
0.150533 
0.251352 
0.0755907 
0.0524023 
0.0663014 
0.102824 
0.0893567 
0.0950654 
0.135851 
0.0831227 
0.127116 
0.116949 
0.0788871 
0.0523507 
0.0435944 
0.0750778 
0.0244428 
0.0777174 
0.0423865 
0.0818274 
0.153296 
0.145912 
0.137106 
0.0287066 
0.0287984 
0.0537925 
0.107299 
0.116112 
0.097975 
0.099169 
0.19669 
0.144729 
0.0493587 
0.0510664 
0.146907 
0.129152 
0.0736842 
0.081509 
0.0276194 
0.211817 
0.173602 
0.249965 
0.0964524 
0.12846 
0.0904723 
0.334738 
0.302211 
0.2072 
0.149529 
0.134542 
0.0738853 
0.173954 
0.135411 
0.0774394 
0.124312 
0.12569 
0.175489 
0.156212 
0.107508 
0.237075 
0.11498 
0.0599781 
0.131696 
0.311744 
0.249217 
0.0809063 
0.104406 
0.103496 
0.209386 
0.168966 
0.101614 
0.0758909 
0.12719 
0.169416 
0.223636 
0.155696 
0.132873 
0.0711879 
0.145158 
0.111904 
0.622327 
0.261155 
0.15681 
0.0624244 
0.113934 
0.248443 
0.146687 
0.179611 
0.101464 
0.115681 
0.0776345 
0.0444863 
0.0483915 
0.371446 
0.221394 
0.366792 
0.0992756 
0.093212 
0.0553897 
0.0985073 
0.112786 
0.0833127 
0.0609321 
0.0810017 
0.0717276 
0.273242 
0.220244 
0.475026 
0.219016 
0.412912 
0.162246 
0.113994 
0.121256 
0.077211 
0.0931002 
0.0667028 
0.106967 
0.0922533 
0.0494653 
0.0472599 
0.0823375 
0.186007 
