0
0.149325 
0.0595409 
0.0659318 
0.104585 
0.0791918 
0.0836804 
0.0383949 
0.0396428 
0.0242139 
0.0602785 
0.0818825 
0.0711092 
0.1282 
0.0993105 
0.0919042 
0.0527526 
0.0280918 
0.0873046 
0.0167043 
0.0693773 
0.100757 
0.0971022 
0.135643 
0.0745777 
0.0761808 
0.129384 
0.16995 
0.125501 
0.0389444 
0.118839 
0.194943 
0.0649199 
0.123936 
0.0718961 
0.0346297 
0.126423 
0.0526211 
0.068634 
0.078271 
0.0352732 
0.016351 
0.110333 
0.110989 
0.121809 
0.0888137 
0.0521456 
0.0290252 
0.0675983 
0.0605896 
0.0906517 
0.118368 
0.0922027 
0.0704944 
0.042764 
0.112579 
0.118003 
0.0520857 
0.0465001 
0.0634077 
0.0632307 
0.0398006 
0.0550881 
0.10391 
0.0650836 
0.0658795 
0.0489183 
0.0627886 
0.0449384 
0.0562496 
0.0591421 
0.0507944 
0.0450972 
0.227649 
0.230169 
0.14012 
0.00669397 
0.105901 
0.0284995 
0.0547158 
0.0629556 
0.059677 
0.0723592 
0.0980828 
0.0491716 
0.0334929 
0.0705047 
0.0340693 
0.0343342 
0.108936 
0.0958163 
0.0891565 
0.0826675 
0.101297 
0.0407949 
0.0752577 
0.0503809 
0.0547056 
0.0624201 
0.0432117 
0.038275 
0.0235222 
0.0750109 
0.0310887 
0.0590727 
0.0900724 
0.106969 
0.0288771 
0.0366183 
0.0171648 
0.080517 
0.0590646 
0.0644811 
0.0451106 
0.0405751 
0.090689 
0.228946 
0.224976 
0.306119 
0.246061 
0.0999137 
0.0594133 
0.106602 
0.073144 
0.0415039 
0.0739966 
0.118583 
0.0587094 
0.057908 
0.113553 
0.149549 
0.15244 
0.0782072 
0.115967 
0.0970022 
0.129968 
0.13125 
0.0710456 
0.0699634 
0.101075 
0.141057 
0.103098 
0.102227 
0.115935 
0.108473 
0.13192 
0.139112 
0.160761 
0.158103 
0.13229 
