0
0.168866 
0.0626077 
0.121721 
0.0287508 
0.061258 
0.152181 
0.157356 
0.10415 
0.0910023 
0.0400229 
0.0737861 
0.0945847 
0.0462378 
0.146731 
0.12701 
0.0844719 
0.0838296 
0.0520928 
0.0785186 
0.13009 
0.05717 
0.0957598 
0.133078 
0.124379 
0.0809111 
0.0677922 
0.0315876 
0.0586078 
0.134054 
0.0671924 
0.0295269 
0.0794017 
0.0347694 
0.121813 
0.0755041 
0.029691 
0.0325734 
0.05417 
0.0474422 
0.0670734 
0.0537501 
0.0791133 
0.074424 
0.0409646 
0.0813547 
0.0954328 
0.066443 
0.087288 
0.0450161 
0.0685841 
0.0872206 
0.0201624 
0.0923875 
0.0911194 
0.0877273 
0.0367255 
0.0723672 
0.112975 
0.0517788 
0.0663623 
0.166998 
0.109668 
0.059638 
0.0470149 
0.0765513 
0.0615412 
0.0884986 
0.074261 
0.0719536 
0.0749956 
0.0792081 
0.0596422 
0.10041 
0.0360295 
0.0264289 
0.0678038 
0.0881051 
0.0807634 
0.0566723 
0.0307824 
0.0482252 
0.0981634 
0.068902 
0.093379 
0.132968 
0.0800761 
0.0519748 
0.0270038 
0.0212909 
0.0826555 
0.0392392 
0.063819 
0.0426744 
0.0727591 
0.117739 
0.12639 
0.164605 
0.0299696 
0.133211 
0.181376 
0.0739748 
0.20561 
0.151612 
0.0337425 
0.0801415 
0.10346 
0.0767004 
0.131572 
0.107586 
0.103711 
0.147689 
0.147867 
0.0849094 
0.073081 
0.0300368 
0.0558509 
0.0428741 
0.039277 
0.0315164 
0.0963385 
0.0561285 
0.068564 
0.0762836 
0.0923452 
0.0915587 
0.0505915 
0.0941369 
0.0814676 
0.132012 
0.0562233 
0.0825706 
0.0970131 
0.094119 
0.0647307 
0.0995194 
0.108911 
0.113606 
0.0506526 
0.116845 
0.0834652 
0.0353384 
0.167141 
0.182756 
0.130651 
0.0518574 
0.115031 
0.0474621 
0.0669609 
0.0623991 
