0
0.219332 
0.108835 
0.241027 
0.234043 
0.164026 
0.193289 
0.220083 
0.177131 
0.153608 
0.0764024 
0.159779 
0.110092 
0.148425 
0.116401 
0.230256 
0.183257 
0.0594324 
0.405772 
0.22319 
0.173447 
0.111141 
0.0832812 
0.224329 
0.318314 
0.287668 
0.321368 
0.195755 
0.10306 
0.186635 
0.141646 
0.257599 
0.165429 
0.231595 
0.244436 
0.154399 
0.125476 
0.176362 
0.145839 
0.120449 
0.18726 
0.272924 
0.326079 
0.279533 
0.160496 
0.200356 
0.218309 
0.238332 
0.137596 
0.128181 
0.240037 
0.138134 
0.151252 
0.172474 
0.187952 
0.177544 
0.119598 
0.150777 
0.203168 
0.154303 
0.145624 
0.157415 
0.158707 
0.225438 
0.32341 
0.173342 
0.168225 
0.0705948 
0.0849626 
0.106129 
0.103867 
0.0805286 
0.117371 
0.204286 
0.302049 
0.271299 
0.171907 
0.354244 
0.145099 
0.124592 
0.355118 
0.208012 
0.132944 
0.117299 
0.170938 
0.105157 
0.113524 
0.142517 
0.0700463 
0.179589 
0.300087 
0.252579 
0.168908 
0.0786757 
0.0730617 
0.142808 
0.14902 
0.17992 
0.148637 
0.117353 
0.108221 
0.139028 
0.167425 
0.143675 
0.148338 
0.152849 
0.157449 
0.185143 
0.173212 
0.160322 
0.212228 
0.204029 
0.163975 
0.140046 
0.12956 
0.0983829 
0.123953 
0.0437517 
0.105345 
0.0993427 
0.13913 
0.16188 
0.192185 
0.279013 
0.196188 
0.122049 
0.164387 
0.134596 
0.131383 
0.122438 
0.122909 
0.171458 
0.23324 
0.203384 
0.24009 
0.222281 
0.2058 
0.199641 
0.178478 
0.156753 
0.113289 
0.106257 
0.107175 
0.11396 
0.181862 
0.185581 
0.118484 
0.18591 
0.199166 
0.21972 
