0
0.187977 
0.204671 
0.0549496 
0.100982 
0.0772655 
0.0937034 
0.0933489 
0.104771 
0.102646 
0.0982166 
0.0366269 
0.0826484 
0.245009 
0.217548 
0.166803 
0.102473 
0.0678251 
0.0960041 
0.144881 
0.0494709 
0.0648308 
0.206674 
0.157612 
0.11071 
0.098606 
0.0445642 
0.0569279 
0.229448 
0.130115 
0.0582597 
0.206528 
0.252595 
0.0983356 
0.170793 
0.204425 
0.0812136 
0.103201 
0.194734 
0.191812 
0.127299 
0.102516 
0.0496952 
0.03905 
0.178329 
0.128182 
0.262909 
0.10282 
0.12026 
0.0752556 
0.0744992 
0.0404003 
0.0406307 
0.0782923 
0.223861 
0.154388 
0.138211 
0.0678585 
0.0701158 
0.16198 
0.12103 
0.293421 
0.307291 
0.117485 
0.0586903 
0.10196 
0.0815763 
0.184848 
0.110252 
0.211716 
0.148814 
0.392404 
0.216615 
0.265671 
0.0920016 
0.0838968 
0.0148581 
0.148347 
0.0913877 
0.0826378 
0.211541 
0.125239 
0.203425 
0.0523637 
0.0288679 
0.178324 
0.109344 
0.186832 
0.116074 
0.135704 
0.143173 
0.0938698 
0.0819528 
0.0687423 
0.249231 
0.144995 
0.424252 
0.138853 
0.145782 
0.066716 
0.127347 
0.162568 
0.159423 
0.104149 
0.0694044 
0.128745 
0.154921 
0.0993226 
0.0587711 
0.0618859 
0.102157 
0.212876 
0.0811402 
0.0257602 
0.326896 
0.148458 
0.198665 
0.158403 
0.142715 
0.295253 
0.098837 
0.15666 
0.138954 
0.0966794 
0.158151 
0.0977039 
0.0443387 
0.143914 
0.256786 
0.216085 
0.184928 
0.108028 
0.0393176 
0.06988 
0.0216383 
0.0505068 
0.0517995 
0.0354842 
0.188733 
0.134227 
0.111298 
0.073267 
0.118197 
0.0728896 
0.103321 
0.171298 
0.374805 
0.10041 
0.110595 
0.0738708 
