0
0.137716 
0.0640024 
0.0486583 
0.0177436 
0.127596 
0.111984 
0.126473 
0.0485994 
0.0944918 
0.0737374 
0.0737452 
0.0466424 
0.0935939 
0.086096 
0.0610418 
0.0440773 
0.0388674 
0.103086 
0.0346002 
0.100904 
0.107007 
0.0884629 
0.0935283 
0.0486314 
0.0325179 
0.0800127 
0.0382254 
0.0832573 
0.0830427 
0.0239874 
0.0922661 
0.0891195 
0.0686334 
0.106672 
0.0647631 
0.0788739 
0.102887 
0.0742096 
0.0476534 
0.0604299 
0.0770257 
0.0247015 
0.0366098 
0.0804191 
0.117142 
0.104338 
0.0346316 
0.0379909 
0.101034 
0.07346 
0.0383282 
0.097994 
0.112447 
0.0416838 
0.0868477 
0.0442872 
0.0684081 
0.0482954 
0.0873452 
0.081177 
0.0425557 
0.0314121 
0.0205184 
0.051789 
0.0321586 
0.0216511 
0.0653682 
0.0933342 
0.0196174 
0.103281 
0.0974926 
0.0889532 
0.0231093 
0.0488302 
0.140625 
0.107761 
0.0940921 
0.0755887 
0.181386 
0.168925 
0.18623 
0.145469 
0.0776331 
0.0390841 
0.0360892 
0.0478782 
0.0588094 
0.0412457 
0.0763451 
0.104754 
0.0661364 
0.134647 
0.165273 
0.099848 
0.31027 
0.20201 
0.205672 
0.349895 
0.205706 
0.108845 
0.0299944 
0.102609 
0.0719975 
0.133206 
0.179199 
0.16214 
0.106 
0.0664173 
0.20859 
0.176756 
0.0967826 
0.0414051 
0.0704939 
0.158913 
0.0870383 
0.131427 
0.115764 
0.118177 
0.145433 
0.0733838 
0.0658458 
0.120238 
0.0222293 
0.113403 
0.153767 
0.0650644 
0.0402667 
0.0496828 
0.0992409 
0.0564103 
0.0440699 
0.0547421 
0.0580089 
0.0407341 
0.0717781 
0.130528 
0.0561595 
0.0614424 
0.106077 
0.04519 
0.0741186 
0.101041 
0.0274547 
0.102044 
0.0413656 
0.0741536 
0.0231181 
0.149117 
0.165979 
