0
0.10844 
0.0466214 
0.0916578 
0.0739493 
0.108004 
0.160377 
0.180931 
0.118599 
0.0966717 
0.0650451 
0.0337098 
0.0884685 
0.137043 
0.0266854 
0.108351 
0.0793422 
0.0458637 
0.0564445 
0.0991851 
0.0888236 
0.0564284 
0.0872041 
0.0346879 
0.0360111 
0.0439525 
0.0398968 
0.0953676 
0.126812 
0.0764973 
0.0914049 
0.122198 
0.0517802 
0.0743043 
0.0367048 
0.0111337 
0.0430032 
0.041766 
0.0579899 
0.0845591 
0.0334148 
0.0262262 
0.0523444 
0.0747866 
0.031462 
0.0831291 
0.0962889 
0.0348099 
0.192344 
0.137758 
0.0474575 
0.0388876 
0.016593 
0.0566429 
0.0110121 
0.0550393 
0.0427195 
0.052897 
0.074223 
0.110704 
0.119526 
0.0715738 
0.130266 
0.119203 
0.0752748 
0.104472 
0.0401426 
0.0320377 
0.0303021 
0.0255241 
0.027342 
0.0893426 
0.0518832 
0.0376811 
0.0513217 
0.0302592 
0.023359 
0.077977 
0.0186178 
0.00999589 
0.0261552 
0.0134541 
0.0235145 
0.0370877 
0.0337238 
0.046283 
0.0347283 
0.0338576 
0.0662243 
0.0460227 
0.0338728 
0.0412622 
0.0629576 
0.0774459 
0.0974798 
0.0766288 
0.0599235 
0.0710321 
0.0560605 
0.101967 
0.0805541 
0.0206607 
0.0563174 
0.0850468 
0.0265619 
0.0336307 
0.0355224 
0.0891149 
0.0184005 
0.0521172 
0.0407648 
0.0225017 
0.0183841 
0.0424116 
0.0552421 
0.0251624 
0.0338797 
0.0740349 
0.0290443 
0.0436557 
0.0909768 
0.086332 
0.0396521 
0.0182506 
0.0418573 
0.13236 
0.196893 
0.142368 
0.0859968 
0.0858375 
0.0421771 
0.0645291 
0.0965029 
0.069878 
0.0983754 
0.10447 
0.083555 
0.0456135 
0.0727554 
0.0563679 
0.0210267 
0.0365866 
0.0551495 
0.0583526 
0.0536311 
0.0473647 
0.0551402 
0.0485379 
0.0223944 
0.0745402 
