0
0.183727 
0.360091 
0.206646 
0.221278 
0.170622 
0.1187 
0.103967 
0.280268 
0.157714 
0.1268 
0.154657 
0.168353 
0.183193 
0.323409 
0.221599 
0.0987192 
0.189393 
0.250728 
0.206608 
0.139041 
0.180786 
0.344508 
0.408006 
0.373788 
0.386754 
0.139071 
0.139318 
0.183528 
0.255092 
0.356634 
0.341417 
0.197797 
0.230487 
0.268441 
0.0929235 
0.17138 
0.242501 
0.331229 
0.312743 
0.270975 
0.257117 
0.221912 
1.46207 
1.73482 
0.881757 
0.176909 
0.377587 
0.1799 
0.572791 
0.31192 
0.22446 
0.155454 
0.10448 
0.129136 
0.106034 
0.0828464 
0.26379 
0.194702 
0.123622 
0.0511565 
0.108609 
0.106477 
0.100343 
0.157992 
0.0914381 
0.226879 
0.231472 
0.201417 
0.197517 
0.131095 
0.0577515 
0.160431 
0.16752 
0.183541 
0.107093 
0.144074 
0.100962 
0.0891075 
0.167372 
0.181292 
0.243752 
0.14671 
0.0615409 
0.0876413 
0.134328 
0.106867 
0.0627488 
0.179815 
0.101714 
0.135723 
0.143102 
0.111339 
0.0999014 
0.149965 
0.112842 
0.2334 
0.147636 
0.197878 
0.225207 
0.107964 
0.0217748 
0.0570631 
0.103682 
0.0688503 
0.0783735 
0.11843 
0.0938345 
0.163127 
0.240204 
0.27328 
0.270222 
1.54513 
0.326952 
0.207117 
1.15568 
0.616496 
0.267157 
0.260389 
0.243174 
0.280796 
0.181025 
0.295456 
0.349108 
0.144433 
0.0743549 
0.276836 
0.171091 
0.188477 
0.102402 
0.0882176 
0.0535538 
0.0892312 
0.149804 
0.132257 
0.0782363 
0.122092 
0.17137 
0.22297 
0.152625 
0.167314 
0.0945724 
0.105165 
0.249758 
0.354093 
0.812858 
1.01533 
0.360752 
0.389207 
0.256878 
