0
0.0910368 
0.0601501 
0.0858955 
0.104476 
0.117784 
0.128519 
0.104139 
0.0749512 
0.122121 
0.10087 
0.12868 
0.0839569 
0.1408 
0.13941 
0.124874 
0.0691234 
0.0873764 
0.116459 
0.125031 
0.100634 
0.104065 
0.151916 
0.0986679 
0.0392497 
0.093638 
0.120016 
0.101267 
0.120863 
0.129504 
0.180504 
0.147038 
0.0813192 
0.0672682 
0.133966 
0.153581 
0.129094 
0.0754342 
0.106983 
0.0968707 
0.14965 
0.128755 
0.104342 
0.0793551 
0.071061 
0.104781 
0.12731 
0.101291 
0.061173 
0.100843 
0.101909 
0.114298 
0.124497 
0.151072 
0.149234 
0.0936138 
0.0788269 
0.0889148 
0.103293 
0.122375 
0.0983815 
0.0318375 
0.0943946 
0.112536 
0.135671 
0.12441 
0.0872861 
0.0634409 
0.0986201 
0.150033 
0.158998 
0.0826605 
0.0652931 
0.078486 
0.127678 
0.149379 
0.11871 
0.115709 
0.222412 
0.184957 
0.177976 
0.11403 
0.062709 
0.0605161 
0.0675721 
0.0993497 
0.0710023 
0.104786 
0.203991 
0.139872 
0.123577 
0.156375 
0.178475 
0.134525 
0.121894 
0.147347 
0.0830057 
0.154642 
0.137646 
0.157238 
0.0800661 
0.0417641 
0.0907148 
0.0750481 
0.112372 
0.0971176 
0.0962986 
0.16188 
0.17447 
0.0916119 
0.0969183 
0.151465 
0.0562645 
0.129089 
0.167685 
0.107311 
0.0798739 
0.0994342 
0.127099 
0.108482 
0.107855 
0.121583 
0.0577541 
0.0887618 
0.140222 
0.17284 
0.148498 
0.0780643 
0.0914068 
0.139295 
0.137382 
0.144834 
0.118704 
0.102225 
0.138297 
0.0689918 
0.0561926 
0.0928493 
0.13524 
0.178117 
0.146687 
0.126438 
0.0996693 
0.105516 
0.225638 
0.140561 
0.190295 
0.101521 
0.0906109 
0.118993 
0.111869 
0.142867 
0.104357 
0.0618974 
0.0686522 
0.0304992 
0.108804 
0.122043 
0.175131 
0.161724 
0.14494 
0.106367 
0.13075 
0.120337 
0.122286 
0.177436 
0.137816 
0.166147 
0.0857985 
0.065925 
0.126297 
0.129613 
0.114937 
0.0991563 
0.109099 
0.110437 
0.116469 
0.123834 
0.100011 
0.0649738 
0.0997944 
0.126032 
0.0750862 
0.138286 
0.165943 
0.109803 
0.113072 
0.0614964 
0.0672913 
0.116699 
0.127868 
0.117915 
0.127823 
0.105821 
0.122689 
0.118463 
0.065349 
0.0771315 
0.0620688 
0.0836284 
0.0899929 
0.0954339 
0.0879834 
0.0480622 
0.06306 
0.0966366 
0.0770721 
0.0940851 
0.218109 
0.0362903 
0.112966 
0.139734 
0.188088 
0.192177 
0.145001 
0.189207 
0.0886386 
0.165183 
0.191293 
0.107586 
0.150175 
0.131108 
0.112763 
0.0737146 
0.0796702 
0.0806034 
0.0444998 
0.116163 
0.086337 
0.123236 
0.14488 
0.124886 
0.0889792 
0.0772662 
0.0776893 
0.0652019 
0.0229198 
0.0751227 
0.104635 
0.1141 
0.0827752 
0.0651705 
0.0924108 
0.114877 
0.110543 
0.101737 
0.100873 
0.0770026 
0.0386938 
0.0741308 
0.13504 
0.1564 
0.0741075 
0.137593 
0.14709 
0.0858183 
0.0771943 
0.102544 
0.111276 
0.127562 
0.0739522 
0.0691344 
0.110944 
0.176029 
0.155348 
0.0947443 
0.081091 
0.0783552 
0.101693 
0.0961455 
0.0835249 
0.0974944 
0.0951995 
0.103643 
0.100238 
0.124255 
0.153174 
0.123033 
0.109775 
0.0670695 
0.0476631 
0.0656942 
0.0557615 
0.0875653 
0.0973347 
0.118507 
0.0845809 
0.105818 
0.1263 
0.130207 
0.145874 
0.139903 
0.128637 
0.152769 
0.143916 
0.114933 
0.0902445 
0.0934212 
0.0778466 
0.0726721 
0.117917 
0.109302 
0.102577 
0.128252 
0.16388 
0.141179 
0.0876952 
0.0624417 
0.061108 
0.0482419 
0.0750323 
0.0795582 
0.122599 
0.120959 
0.13308 
0.122509 
0.141889 
0.106506 
0.168678 
0.0847057 
