0
0.180844 
0.0376897 
0.155625 
0.212352 
0.136956 
0.0582043 
0.0857235 
0.0468463 
0.139901 
0.0673607 
0.163614 
0.0796956 
0.125034 
0.0696178 
0.167626 
0.439848 
0.75245 
0.571511 
1.83399 
1.29136 
0.413428 
0.56874 
0.676644 
0.251048 
0.110817 
0.128803 
0.0637195 
0.0280216 
0.0828749 
0.0957759 
0.105764 
0.0925332 
0.0967537 
0.0767969 
0.0572963 
0.0523271 
0.0676088 
0.344043 
0.276008 
0.0873309 
0.0373749 
0.0875027 
0.275936 
0.198445 
0.123308 
0.206031 
0.0838157 
0.0837104 
0.328071 
0.197402 
0.36643 
0.194239 
0.094581 
0.0555972 
0.0701471 
0.0862207 
0.101641 
0.0412437 
0.0788944 
0.0816566 
0.0520502 
0.184916 
0.11017 
0.0410564 
0.0296566 
0.0876215 
0.064178 
0.0167118 
0.045959 
0.0833224 
0.0444059 
0.0694077 
0.0739792 
0.0757102 
0.0947501 
0.0446106 
0.0346966 
0.0872214 
0.0665378 
0.0442062 
0.0294431 
0.0728563 
0.044558 
0.308889 
0.252493 
0.104043 
0.309508 
0.184143 
0.0852638 
0.0988976 
0.045633 
0.0584266 
0.0636421 
0.0937035 
0.0734103 
0.080512 
0.0560741 
0.126943 
0.0816401 
0.146933 
0.313422 
0.211831 
0.161081 
0.369532 
0.311248 
0.119222 
0.671073 
1.78668 
1.92237 
0.131744 
0.0804458 
0.0595314 
0.05785 
0.0668069 
0.0230499 
0.104524 
0.0864232 
0.0934971 
0.0717123 
0.0411656 
0.0961521 
0.180092 
0.0813061 
0.0737174 
0.0628846 
0.082807 
0.0441613 
0.0590549 
0.0803327 
0.0351154 
0.0363988 
0.0689737 
0.0587908 
0.0809666 
0.10646 
0.0522107 
0.0739776 
0.109542 
0.118074 
0.18136 
0.0588914 
0.152798 
0.17561 
0.132316 
0.340842 
0.141152 
0.0904335 
0.128832 
0.320822 
0.187799 
0.141883 
0.104121 
0.16954 
0.314126 
0.302258 
