0
0.18892 
0.15764 
0.154361 
0.093182 
0.184725 
0.172635 
0.167305 
0.0950724 
0.113128 
0.227647 
0.116153 
0.0845679 
0.125465 
0.0344587 
0.255176 
0.178992 
0.141169 
0.0673405 
0.132061 
0.331579 
0.251308 
0.0193371 
0.114428 
0.252198 
0.180621 
0.427809 
0.301705 
0.153638 
0.201657 
0.0975084 
0.176414 
0.0842771 
0.082303 
0.109273 
0.145946 
0.150482 
0.231347 
0.176132 
0.293672 
0.170783 
0.125007 
0.231623 
0.192828 
0.178938 
0.054617 
0.0951791 
0.172007 
0.172673 
0.189862 
0.105302 
0.190425 
0.154818 
0.105519 
0.144798 
0.0526503 
0.0860462 
0.0378484 
0.139185 
0.0332346 
0.0809764 
0.0956161 
0.109937 
0.110748 
0.148391 
0.091843 
0.0739779 
0.108226 
0.0979699 
0.0688942 
0.11335 
0.0591245 
0.0406135 
0.10144 
0.193766 
0.122385 
0.109215 
0.0942966 
0.129305 
0.119661 
0.137581 
0.156628 
0.08922 
0.179917 
0.237246 
0.149077 
0.134894 
0.0329449 
0.215165 
0.264833 
0.105509 
0.175294 
0.0695504 
0.0893426 
0.0795679 
0.174379 
0.386766 
0.202734 
0.217543 
0.0506562 
0.0683051 
0.0538588 
0.0668797 
1.32263 
0.398097 
0.142141 
0.06712 
0.191394 
0.10487 
0.101831 
0.138606 
0.0883405 
0.0783143 
0.0824926 
0.116518 
0.165275 
0.145563 
0.141722 
0.379766 
0.117016 
0.179294 
0.152429 
0.0897845 
0.120609 
0.107961 
0.143064 
0.158726 
0.126675 
0.0366893 
0.0811422 
0.101463 
0.114665 
0.125946 
0.0906543 
0.0783568 
0.0270696 
0.111176 
0.0910234 
0.0915218 
0.129132 
0.0900081 
0.0247284 
0.0660025 
0.138173 
0.0994262 
0.212206 
0.153271 
0.0651946 
0.077458 
0.0584115 
0.0740245 
0.115501 
0.224187 
0.187568 
0.122878 
0.284662 
