0
0.0744574 
0.0579368 
0.0621717 
0.0599275 
0.0836701 
0.0657414 
0.0481207 
0.0455375 
0.0343305 
0.0275232 
0.0415012 
0.0810126 
0.0664725 
0.0657225 
0.0641118 
0.0742116 
0.0745552 
0.0561327 
0.0527075 
0.044383 
0.0919572 
0.0217781 
0.253831 
0.165263 
0.0722851 
0.0562167 
0.0246411 
0.0321941 
0.544619 
0.345426 
0.0925713 
0.0511969 
0.0875103 
0.10587 
0.0719474 
0.0419475 
0.0431132 
0.0942436 
0.0789059 
0.0850963 
0.115756 
0.116707 
0.213291 
0.0680775 
0.0603391 
0.0966138 
0.158244 
0.144945 
0.0783097 
0.122418 
0.0717544 
0.0913021 
0.0703339 
0.0453643 
0.0528715 
0.0994698 
0.0314112 
0.065976 
0.0310588 
0.0437025 
0.103897 
0.0750137 
0.107469 
0.0864347 
0.194038 
0.0818311 
0.130228 
0.0424325 
0.0499171 
0.111134 
0.116759 
0.0415623 
0.030829 
0.11528 
0.083308 
0.0511881 
0.0466416 
0.0477927 
0.0440856 
0.0861709 
0.0493576 
0.0540742 
0.0960002 
0.0625203 
0.0681804 
0.0457944 
0.0164639 
0.0502887 
0.023883 
0.0981148 
0.294616 
0.922072 
0.508197 
0.362329 
0.374607 
0.156887 
0.0964903 
0.179156 
0.441516 
0.169571 
0.166184 
0.105332 
0.0591546 
0.0741159 
0.0718024 
0.0926458 
0.0983992 
0.0950222 
0.0999101 
0.127803 
0.0673121 
0.114931 
0.217885 
0.267266 
0.248147 
0.0869919 
0.0848712 
0.121663 
0.21601 
0.097812 
0.149159 
0.215779 
0.118412 
0.0497808 
0.0960706 
0.0785317 
0.0604011 
0.0624313 
0.0561725 
0.0661326 
0.0531852 
0.0427156 
0.0427722 
0.044106 
0.0435277 
0.0521067 
0.0459743 
0.0831617 
0.0694183 
0.0940688 
0.0621449 
0.101867 
0.077756 
0.0720185 
0.0534864 
0.0683762 
0.0576156 
0.0643208 
0.138669 
0.047445 
0.0677307 
0.0776113 
0.464747 
0.658404 
0.42494 
