0
6.17762 
0.0827812 
0.0592642 
0.114993 
0.160809 
0.193052 
0.0894338 
0.404118 
0.0800476 
0.244789 
0.122639 
0.0331909 
0.176812 
0.265268 
0.27185 
0.0815117 
0.100031 
0.0436926 
0.139694 
0.0457102 
0.0479908 
0.088176 
0.0410991 
0.0421595 
0.0864459 
0.0743539 
0.0925448 
0.0264898 
0.0978179 
0.0459646 
0.0544086 
0.0496532 
0.0634221 
0.139872 
0.18011 
0.184241 
0.19776 
0.137879 
0.207907 
0.0706951 
0.0778892 
0.0818827 
0.0995985 
0.0890271 
0.0854393 
0.0518062 
0.0499345 
0.071343 
0.0301456 
0.0818613 
0.0255058 
0.0348389 
0.0537798 
0.0536582 
0.0634183 
0.0427966 
0.0408063 
0.0215894 
0.073173 
0.0780467 
0.0583526 
0.082066 
0.0369622 
0.032118 
0.0580959 
0.130359 
0.0381942 
0.0545024 
0.0714513 
0.0182539 
0.0698059 
0.0549392 
0.0936573 
0.0967925 
0.0804675 
0.112041 
0.118272 
0.0214062 
0.205685 
0.20448 
0.106298 
0.0470427 
0.150562 
0.0322261 
0.0348726 
0.0427075 
0.0506444 
0.137993 
0.124348 
0.0691621 
0.0409256 
0.0237971 
0.0836545 
0.0701492 
0.0547563 
0.0637883 
0.0486541 
0.0502083 
0.0385057 
0.0351762 
0.0916396 
0.065415 
0.182182 
0.0900074 
0.0841369 
0.0424821 
0.0825838 
0.0336747 
0.0449612 
0.0114719 
0.0221143 
0.0506418 
0.0494837 
0.0546493 
0.0769702 
0.040963 
0.0648822 
0.0618272 
0.0688762 
0.0829652 
0.0388658 
0.0385616 
0.0240585 
0.060059 
0.0430837 
0.0961844 
0.0286142 
