0
0.153095 
0.0580613 
0.203678 
0.113579 
0.168264 
0.151047 
0.0864147 
0.0268646 
0.107767 
0.115958 
0.100143 
0.0946478 
0.0747424 
0.17175 
0.113882 
0.116738 
0.0780711 
0.0449883 
0.0600633 
0.0934321 
0.117111 
0.176386 
0.10485 
0.148311 
0.0581385 
0.0574168 
0.139838 
0.277032 
0.119683 
0.0719757 
0.0750119 
0.0730585 
0.142685 
0.115521 
0.102513 
0.0477089 
0.10263 
0.0419072 
0.0766812 
0.124936 
0.0560315 
0.126671 
0.0676204 
0.0999406 
0.119337 
0.0330392 
0.0469981 
0.0354236 
0.0508078 
0.0722135 
0.0372368 
0.0509703 
0.0842536 
0.0683928 
0.0553508 
0.0430817 
0.0823196 
0.0423144 
0.0453243 
0.0648329 
0.0557423 
0.0640356 
0.141157 
0.0408582 
0.110594 
0.0813019 
0.0632267 
0.0647599 
0.0630943 
0.0803434 
0.031052 
0.0462086 
0.0845296 
0.079956 
0.0610051 
0.0823212 
0.0889928 
0.0566968 
0.0322417 
0.0500335 
0.0371068 
0.0546794 
0.0462992 
0.115884 
0.119048 
0.0658472 
0.043187 
0.127804 
0.0572254 
0.0553234 
0.0498535 
0.0373085 
0.0930346 
0.0777251 
0.0415448 
0.0264456 
0.0996479 
0.0347678 
0.086797 
0.0477337 
0.0581083 
0.110822 
0.120034 
0.110352 
0.129076 
0.0598506 
0.130676 
0.0877639 
0.187363 
0.0490688 
0.0965372 
0.0526137 
0.0493993 
0.0596797 
0.116591 
0.111807 
0.0852415 
0.0564533 
0.071488 
0.0862307 
0.0622301 
0.049703 
0.0724403 
0.0756089 
0.401108 
0.0747031 
0.200939 
0.104067 
0.0918384 
0.0772633 
0.0672067 
0.063498 
0.0832131 
0.103634 
0.172694 
0.150899 
0.0822746 
0.0411934 
0.0521938 
0.174969 
0.0684435 
0.049771 
0.0376828 
0.127125 
0.0911 
0.0706798 
0.175742 
0.0859237 
0.0429257 
0.0626754 
0.0425486 
0.067508 
0.0662745 
0.0588243 
0.160069 
