0
0.1818 
0.312448 
0.155793 
0.187818 
0.0890294 
0.044057 
0.119286 
0.0960981 
0.0949406 
0.103858 
0.0628821 
0.123058 
0.201329 
0.12228 
0.15644 
0.102123 
0.09985 
0.104348 
0.0851619 
0.0570931 
0.0468041 
0.105266 
0.0772307 
0.217603 
0.184125 
0.145936 
0.121653 
0.383608 
0.21106 
0.309916 
0.158859 
0.384411 
0.115634 
0.166382 
0.090398 
0.0914166 
0.0496331 
0.11412 
0.100853 
0.221895 
0.126159 
0.195159 
0.285594 
0.263226 
0.0951073 
0.19516 
0.242209 
0.144247 
0.176005 
0.379136 
0.137893 
0.138262 
0.123302 
0.0360077 
0.371899 
0.224508 
0.217497 
0.0593387 
0.0829126 
0.112834 
0.129881 
0.0586613 
0.165011 
0.12132 
0.146467 
0.187847 
0.211599 
0.0932485 
0.0734664 
0.209512 
0.424222 
0.337945 
0.168807 
0.288326 
0.0844526 
0.111515 
0.288614 
0.559768 
0.606616 
0.209156 
0.133381 
0.0724579 
0.0498318 
0.0712595 
0.113225 
0.0607796 
0.0621716 
0.0517746 
0.015201 
0.00656529 
0.104966 
0.0308323 
0.0461232 
0.0951154 
0.127874 
0.877318 
0.276537 
0.0842716 
0.0918048 
0.118874 
0.0731554 
0.171099 
0.166078 
0.115137 
0.207754 
0.321342 
0.220656 
0.151889 
0.0496927 
0.0394546 
0.130309 
0.16531 
0.124245 
0.233689 
0.0642346 
0.0619452 
0.0511352 
0.0755765 
0.0221144 
0.0884681 
0.0900254 
0.080262 
0.0607737 
0.0524667 
0.072479 
0.010681 
0.0999181 
0.107316 
0.124379 
0.0654499 
0.0548074 
0.0840533 
0.0450369 
0.0309322 
0.0405032 
0.0259978 
0.0376537 
0.0340736 
0.212487 
0.0954716 
0.400946 
0.118863 
0.0892365 
0.0514371 
0.0971201 
0.0962396 
0.0496981 
0.0785981 
0.0924052 
0.281187 
0.245833 
0.560189 
0.30176 
0.160763 
0.234629 
