0
0.303672 
0.194615 
0.229623 
0.726571 
0.464876 
0.36448 
0.285524 
0.153224 
0.239338 
0.515905 
0.257398 
0.0857401 
0.103796 
0.344157 
0.308967 
0.281271 
0.101005 
0.0947144 
0.194313 
0.119911 
0.105783 
0.116448 
0.158746 
0.222665 
0.125792 
0.120694 
0.109214 
0.0786283 
0.112554 
0.19074 
0.0924036 
0.210274 
0.138125 
0.161832 
0.325711 
0.379375 
0.106857 
0.113673 
0.114637 
0.0541091 
0.0971833 
0.278236 
0.288358 
0.377039 
0.255843 
0.120038 
0.431721 
0.130078 
0.102333 
0.152653 
0.146145 
0.286782 
0.173748 
0.181885 
0.240576 
0.144463 
0.119178 
0.074486 
0.250451 
0.138662 
0.117351 
0.108324 
0.259963 
0.0862509 
0.0371454 
0.107275 
0.31053 
0.109875 
0.0654365 
0.0810817 
0.272264 
0.215222 
0.101846 
0.14405 
0.208243 
0.0440201 
0.086264 
0.0569118 
0.080837 
0.0529454 
0.096553 
0.179448 
0.0591395 
0.124262 
0.0427569 
0.0780546 
0.153111 
0.123953 
0.134172 
0.122519 
0.128815 
0.213966 
0.0613031 
0.166694 
0.117735 
0.141104 
0.175059 
0.220947 
0.0922927 
0.0767105 
0.108689 
0.0323804 
0.253998 
0.189422 
0.125289 
0.180783 
0.173546 
0.130281 
0.10242 
0.206122 
0.110537 
0.269596 
0.156927 
0.162642 
0.519354 
0.637077 
0.252597 
0.236642 
0.0636417 
0.142092 
0.332471 
0.266887 
0.339023 
0.177202 
0.0752957 
0.553267 
0.314325 
0.38682 
0.114715 
0.203259 
0.0541008 
0.141843 
0.395434 
0.253389 
0.124552 
0.365506 
0.0933753 
0.286106 
0.131928 
0.539035 
0.115595 
0.0929936 
0.048205 
0.0905924 
0.135655 
0.109521 
0.100687 
0.0968288 
0.247185 
0.286961 
0.238834 
0.567094 
0.48846 
1.56863 
8.14688 
