0
0.476069 
0.193472 
0.17765 
0.108161 
0.190208 
0.108193 
0.130053 
0.170589 
0.119761 
0.248959 
0.0962708 
0.093499 
0.081972 
0.0828976 
0.0976773 
0.0847268 
0.0858032 
0.10737 
0.134196 
0.062843 
0.11705 
0.179324 
0.275502 
0.0998903 
0.139987 
0.104329 
0.0328648 
0.0514428 
0.124858 
0.0800904 
0.0564233 
0.0809198 
0.0588079 
0.0769939 
0.250377 
0.217675 
0.220459 
0.316961 
0.298195 
0.138441 
0.0559995 
0.0666745 
0.186832 
0.0952682 
0.129161 
0.119629 
0.218957 
0.534284 
0.242048 
0.085996 
0.14342 
0.223051 
0.101661 
0.0862333 
0.179755 
0.109992 
0.152227 
0.14664 
0.132563 
0.0667282 
0.0943994 
0.109299 
0.142912 
0.126173 
0.0684569 
0.103483 
0.0557112 
0.0968507 
0.100527 
0.491598 
0.0945835 
0.0309441 
0.15686 
0.147764 
0.411441 
0.127715 
0.0801261 
0.0793061 
0.0604112 
0.06698 
0.0568871 
0.0604372 
0.153156 
0.160158 
0.0863428 
0.0933001 
0.0797422 
0.108966 
0.0798398 
0.0699456 
0.0792408 
0.0316262 
0.0340797 
0.157323 
0.0667236 
0.0682424 
0.0925335 
0.070092 
0.0669146 
0.119191 
0.32387 
0.364636 
0.478403 
0.627925 
0.164571 
0.224594 
0.0746456 
0.389076 
0.0868581 
0.214262 
0.0599686 
0.136122 
0.0565488 
0.0774468 
0.0989131 
0.0923759 
0.0694121 
0.0642999 
0.250391 
0.536083 
0.088933 
0.802406 
0.118149 
0.141827 
0.220095 
0.547245 
0.730058 
0.213731 
0.267258 
0.229498 
0.112368 
0.183885 
0.164551 
0.0802725 
0.059325 
0.122403 
0.328775 
0.159678 
0.286842 
0.135761 
0.810886 
0.370936 
0.3993 
0.20336 
0.106412 
0.496543 
0.208157 
0.509713 
0.327344 
0.18573 
0.46469 
0.484845 
0.511762 
0.128244 
0.187025 
