0
0.0971621 
0.111308 
0.131018 
0.185438 
0.0896237 
0.195755 
0.102521 
0.0929823 
0.120432 
0.132254 
0.0736909 
0.0980819 
0.097988 
0.131018 
0.0694043 
0.126928 
0.168578 
0.126244 
0.0393404 
0.129135 
0.0841308 
0.039886 
0.128771 
0.177444 
0.0339336 
0.136013 
0.192555 
0.0857897 
0.132867 
0.0382693 
0.0853541 
0.0868835 
0.0454585 
0.101959 
0.0595204 
0.0977731 
0.116738 
0.0491524 
0.0497371 
0.0650208 
0.101311 
0.147554 
0.0969135 
0.103495 
0.172131 
0.103005 
0.103869 
0.121914 
0.107421 
0.141018 
0.0932461 
0.0684774 
0.163433 
0.0598699 
0.100636 
0.0610492 
0.174449 
0.0714998 
0.0762479 
0.0582115 
0.178263 
0.0632682 
0.0865845 
0.0491958 
0.0563273 
0.113427 
0.0413111 
0.087014 
0.053329 
0.0864195 
0.0233529 
0.107318 
0.0620284 
0.139856 
0.0620795 
0.116424 
0.0543647 
0.102276 
0.0636986 
0.0438496 
0.0361927 
0.0679808 
0.0422182 
0.084281 
0.0371417 
0.106792 
0.0559401 
0.106008 
0.0717035 
0.0536309 
0.0534359 
0.0419536 
0.0761749 
0.120392 
0.153336 
0.0715015 
0.140166 
0.0952497 
0.0595808 
0.0687622 
0.0529608 
0.130957 
0.0397316 
0.117113 
0.0601837 
0.0972285 
0.107967 
0.0733673 
0.167767 
0.129165 
0.0579673 
0.174536 
0.104026 
0.0273121 
0.0628848 
0.0799323 
0.0542101 
0.107202 
0.105154 
0.0923475 
0.15056 
0.035017 
0.117997 
0.0824464 
0.106241 
0.130673 
0.067879 
0.125065 
0.0926572 
0.120657 
0.0749809 
0.201552 
0.101284 
0.216098 
0.119505 
0.255296 
0.165844 
0.136573 
0.0942529 
0.0759747 
0.216432 
0.145741 
0.0581729 
0.103912 
0.0894954 
0.0570066 
0.081562 
0.093966 
0.138154 
0.0712475 
0.198812 
0.180887 
0.0328376 
0.148762 
0.10062 
