0
0.0213316 
0.127101 
0.169843 
0.137205 
0.0921838 
0.0606808 
0.157394 
0.202694 
0.0793485 
0.0481355 
0.0444669 
0.0571382 
0.147872 
0.163316 
0.0971098 
0.0382269 
0.124284 
0.136632 
0.0655788 
0.0666868 
0.061441 
0.0550362 
0.02459 
0.0474637 
0.0595855 
0.0907297 
0.0628161 
0.0507921 
0.124591 
0.159834 
0.125758 
0.0646355 
0.0737627 
0.0586441 
0.0853246 
0.117763 
0.0639298 
0.0518123 
0.0718936 
0.0581344 
0.0295899 
0.0538111 
0.0445866 
0.043729 
0.0593139 
0.0614448 
0.065234 
0.0602949 
0.0341704 
0.0613394 
0.0538375 
0.0227224 
0.0388952 
0.161074 
0.143699 
0.161524 
0.120606 
0.114173 
0.0976789 
0.0480213 
0.0446869 
0.101953 
0.0494385 
0.0726626 
0.0507183 
0.100526 
0.114678 
0.0538427 
0.0620135 
0.098924 
0.0494504 
0.0457084 
0.0417474 
0.0667705 
0.0309915 
0.0476672 
0.0502662 
0.0363921 
0.0492216 
0.0217428 
0.069351 
0.0378531 
0.0626487 
0.0687736 
0.0237649 
0.0436015 
0.0658523 
0.0541034 
0.0883592 
0.0551709 
0.0594224 
0.0341751 
0.0800799 
0.208262 
0.105017 
0.0820408 
0.101933 
0.06681 
0.0243115 
0.098016 
0.0768716 
0.0247698 
0.056269 
0.0533906 
0.0492358 
0.0737089 
0.105895 
0.0576555 
0.0828518 
0.0845473 
0.178356 
0.100076 
0.0867575 
0.1162 
0.267215 
0.164394 
0.230205 
0.134627 
0.0673447 
0.0922574 
0.0510626 
0.106152 
0.0566004 
0.219485 
0.187762 
0.101812 
0.0519278 
0.0909189 
0.107975 
0.115757 
0.0829705 
0.144325 
0.174503 
0.0361848 
0.398616 
0.571567 
0.188379 
0.155389 
0.510418 
0.154408 
0.450244 
0.22865 
0.1162 
0.0659749 
0.092583 
0.273081 
0.033303 
0.07814 
0.0547168 
0.0547947 
0.120236 
0.102384 
0.0713576 
0.0816808 
0.0599242 
