0
0.298904 
0.173883 
0.13316 
0.138973 
0.115614 
0.149905 
0.0814054 
0.0827753 
0.0854171 
0.0916801 
0.0601744 
0.0805452 
0.126146 
0.122701 
0.042083 
0.0700038 
0.0291331 
0.0521881 
0.112906 
0.0675358 
0.0500081 
0.0380746 
0.0506349 
0.150157 
0.115866 
0.066434 
0.0952193 
0.0658395 
0.0579833 
0.0431314 
0.172322 
0.0776857 
0.0920438 
0.0812675 
0.0484659 
0.100974 
0.204763 
0.178714 
0.0761323 
0.0512098 
0.0384729 
0.123672 
0.0900535 
0.17604 
0.165758 
0.158273 
0.226573 
0.0435801 
0.379175 
1.22855 
0.398461 
0.591245 
0.299487 
0.0943869 
0.126428 
0.0756245 
0.0482861 
0.0841563 
0.106471 
0.372398 
0.180028 
0.134501 
0.18728 
0.0778783 
0.0598707 
0.0600367 
0.138848 
0.0594994 
0.0562511 
0.0444299 
0.0472061 
0.212608 
0.140824 
0.105584 
0.0784553 
0.0770145 
0.0492942 
0.0431224 
0.220144 
0.0641597 
0.118094 
0.101484 
0.0244378 
0.0382971 
0.202083 
0.10004 
0.0392729 
0.0752691 
0.0998618 
0.0403128 
0.164829 
0.155953 
0.0658797 
0.174707 
0.126639 
0.0333237 
0.0265741 
0.045624 
0.0813266 
0.0711669 
0.014311 
0.0286074 
0.026355 
0.0631941 
0.0819477 
0.0594551 
0.0805348 
0.0650627 
0.0493253 
0.0426176 
0.0681239 
0.059711 
0.0464766 
0.0555404 
0.0794233 
0.234467 
0.440221 
0.126934 
0.390482 
0.468259 
0.0897911 
0.0688135 
0.0678802 
0.0861911 
0.0773824 
0.0495531 
0.113525 
0.0644775 
0.127641 
0.125465 
1.35877 
1.40892 
1.26386 
0.77804 
1.08011 
0.515314 
0.635604 
1.68132 
1.6486 
1.78917 
0.960624 
0.694725 
0.0833191 
0.121775 
0.0702111 
0.117995 
0.159043 
0.153652 
0.064469 
0.034605 
0.0702371 
0.147295 
0.0951559 
0.244701 
0.427232 
