0
0.242699 
0.128488 
0.115466 
0.234687 
0.143552 
0.1481 
0.189799 
0.232498 
0.327771 
0.239096 
0.159792 
0.23375 
0.236588 
0.0986959 
0.160144 
0.188133 
0.115858 
0.1613 
0.147055 
0.302115 
0.0981773 
0.0771803 
0.225516 
0.199219 
0.153313 
0.118895 
0.0398303 
0.126383 
0.778248 
0.707089 
0.482974 
0.4328 
0.137972 
0.102737 
0.239432 
0.163179 
0.0832974 
0.0689662 
0.0785068 
0.188748 
0.279256 
0.503916 
0.166684 
0.379612 
0.410179 
0.242228 
1.29798 
0.276422 
0.274946 
0.280546 
0.334997 
0.238887 
0.0950074 
0.104701 
0.15744 
0.104468 
0.0840507 
0.17311 
0.193343 
0.108133 
0.156637 
0.114437 
0.150323 
0.104573 
0.188848 
0.236899 
0.231813 
0.235084 
0.203922 
0.22543 
0.195582 
0.0870857 
0.309244 
0.289381 
0.111398 
0.178287 
0.296361 
0.07498 
0.0511227 
0.166688 
0.231159 
0.0779115 
0.067291 
0.115528 
0.116672 
0.189689 
0.21711 
0.035525 
0.0316705 
0.0618111 
0.0529835 
0.106247 
0.278888 
0.111838 
0.0877327 
0.147052 
0.11454 
0.0552646 
0.158968 
0.176125 
0.0567981 
0.0447486 
0.134103 
0.0490442 
0.0809482 
0.0680459 
0.0568102 
0.0822725 
0.0198959 
0.0894066 
0.0730839 
0.226864 
0.135647 
0.15121 
0.0608106 
0.118767 
0.0545182 
0.108905 
0.138956 
0.0717146 
0.17372 
0.143568 
0.0671666 
0.0833991 
0.0882666 
0.0442095 
0.102591 
0.290242 
0.295619 
0.0763458 
0.0834682 
0.097576 
0.17374 
0.146632 
1.42157 
6.59421 
2.27883 
2.66235 
0.364973 
0.244134 
0.199516 
0.352803 
0.297898 
0.46582 
0.182627 
0.185075 
0.0858026 
0.112771 
0.176916 
0.0487805 
0.201257 
0.0637145 
0.117329 
0.218112 
0.213831 
