0
0.0376936 
0.071366 
0.0772383 
0.0387481 
0.100584 
0.0477111 
0.0228178 
0.189658 
0.197173 
0.0845812 
0.0559427 
0.0638826 
0.115032 
0.0646177 
0.0536509 
0.0909624 
0.0789037 
0.0408212 
0.123067 
0.0976219 
0.0467204 
0.0517219 
0.0408575 
0.117418 
0.0763451 
0.0474939 
0.0654244 
0.0426556 
0.0612693 
0.0592646 
0.0575887 
0.0889337 
0.108116 
0.14178 
0.0519173 
0.0376891 
0.0609291 
0.0277772 
0.0425652 
0.0670229 
0.0843371 
0.0577767 
0.0430919 
0.115823 
0.0331628 
0.110132 
0.0628693 
0.11471 
0.0363059 
0.0388672 
0.0333532 
0.0514341 
0.0279411 
0.0511019 
0.0477363 
0.0844188 
0.10997 
0.0416199 
0.119368 
0.0576411 
0.0499972 
0.0902424 
0.0706673 
0.0654129 
0.0542705 
0.0655676 
0.0320918 
0.105805 
0.0782803 
0.0753908 
0.0529797 
0.0989279 
0.0630211 
0.0906332 
0.0338427 
0.117786 
0.018193 
0.0688778 
0.133801 
0.113858 
0.0735371 
0.0514142 
0.0829462 
0.0595254 
0.0970952 
0.0434938 
0.0352998 
0.0921982 
0.0446989 
0.0517771 
0.052343 
0.0357982 
0.032298 
0.0807975 
0.0606076 
0.177785 
0.0898773 
0.0453146 
0.0459645 
0.0596501 
0.0739309 
0.06121 
0.0656139 
0.061423 
0.0462599 
0.0538186 
0.055079 
0.0484609 
0.0802692 
0.0372623 
0.0858847 
0.0893863 
0.0765533 
0.0638743 
0.116611 
0.0377252 
0.092657 
0.079138 
0.0327529 
0.0822587 
0.063537 
0.130858 
0.0457385 
0.0923201 
0.0941221 
0.0321048 
0.0740279 
0.0349173 
0.0374037 
0.0824353 
0.0603747 
0.128567 
0.0552898 
0.0733694 
0.0456355 
0.0569908 
0.10036 
0.0601895 
0.0891116 
0.0622634 
0.0713868 
0.0765845 
0.0659495 
0.0377538 
0.102831 
0.0626283 
0.094915 
0.07622 
0.0533386 
0.0568742 
0.0782755 
0.129623 
0.0828168 
0.0815919 
0.0636594 
