0
0.0452129 
0.0604082 
0.0464507 
0.17628 
0.216926 
0.217031 
0.206819 
0.162394 
0.107884 
0.0203502 
0.0280319 
0.0396726 
0.0962842 
0.239612 
0.105659 
0.254564 
0.228897 
0.227377 
0.168535 
0.0358065 
0.240814 
0.204359 
0.318203 
0.150008 
0.128131 
0.1137 
0.241506 
0.0537046 
0.357903 
0.112468 
0.0355061 
0.0521827 
0.0881927 
0.0978926 
0.123 
0.172886 
0.296795 
0.178727 
0.210018 
0.0678568 
0.0328424 
0.101508 
0.120107 
0.0845076 
0.0616236 
0.0445552 
0.0805878 
0.0898563 
0.107441 
0.199927 
0.108611 
0.0670434 
0.243812 
0.0918456 
0.144485 
0.0644066 
0.058197 
0.0825752 
0.0876105 
0.0454788 
0.14497 
0.121521 
0.0849713 
0.110579 
0.104187 
0.11406 
0.0166498 
0.110377 
0.0780914 
0.135527 
0.103105 
0.0644787 
0.0734667 
0.0485647 
0.0992576 
0.0595642 
0.101586 
0.0505803 
0.0785879 
0.0661919 
0.0599444 
0.144992 
0.131302 
0.134482 
0.12681 
0.0720423 
0.0600661 
0.039453 
0.125276 
0.13054 
0.135717 
0.148773 
0.287645 
0.0927972 
0.204849 
0.0394467 
0.0829543 
0.142787 
0.387317 
0.171219 
0.15666 
0.0798279 
0.114926 
0.0989338 
0.0669385 
0.11534 
0.108675 
0.0340538 
0.111634 
0.304923 
0.0821758 
0.13324 
0.116361 
0.0278534 
0.00547941 
0.0216852 
0.0329406 
0.0718594 
0.037152 
0.0112007 
0.0271156 
0.0640569 
0.0491394 
0.0650445 
0.0632006 
0.0614362 
0.0199151 
0.0633727 
0.0522587 
0.0335238 
0.0366114 
0.0571467 
0.147274 
0.089885 
0.0382299 
0.0813107 
0.047253 
0.0295439 
0.0674727 
0.0810201 
0.128781 
0.0756154 
0.0736693 
0.0482828 
0.0250347 
0.0224245 
0.0468143 
0.0309531 
0.0407958 
0.0823928 
0.0826079 
0.0481708 
0.333317 
0.0657502 
0.0433647 
