0
0.160514 
0.178696 
0.469191 
0.29356 
0.278264 
0.129523 
0.11579 
0.299878 
0.204641 
0.11469 
0.249345 
0.0362539 
0.208768 
0.0837069 
0.125322 
0.115622 
0.12178 
0.0621648 
0.256943 
0.205501 
0.0355459 
0.312173 
0.792307 
0.649976 
0.133222 
0.0907314 
0.218721 
0.437245 
0.146279 
0.390902 
0.180215 
0.174469 
0.239536 
0.116896 
0.0939311 
0.110963 
0.0972256 
0.0764419 
0.111988 
0.101064 
0.0750342 
0.0451853 
0.0315573 
0.140537 
0.121421 
0.109657 
0.0576166 
0.02079 
0.10888 
0.065651 
0.0843216 
0.0955673 
0.0563769 
0.270198 
0.351633 
0.100278 
0.0500618 
0.0558862 
0.0465955 
0.0571626 
0.360926 
0.33437 
0.328445 
0.0696369 
0.0985266 
0.251561 
0.279224 
0.406926 
0.359023 
0.216124 
0.0644502 
0.233522 
0.339423 
0.0619173 
0.0859004 
0.0930162 
0.0658306 
0.32647 
0.322174 
0.322165 
0.489009 
0.0714416 
0.272202 
0.0678661 
0.0592844 
0.0264567 
0.13211 
0.117592 
0.0738934 
0.0469133 
0.114752 
0.200087 
0.0834419 
0.490281 
0.363149 
0.146336 
0.117408 
0.0220172 
0.125367 
0.150074 
0.2239 
0.226871 
0.327336 
0.0834595 
0.034859 
0.124422 
0.0626282 
0.087988 
0.0392762 
0.0927349 
0.069253 
0.0833579 
0.0138636 
0.0803165 
0.0925548 
0.172381 
0.0809785 
0.0861059 
0.111965 
0.0704601 
0.104569 
0.0799013 
0.0556251 
0.0744253 
0.173003 
0.068045 
0.472949 
0.355638 
0.195818 
0.102215 
0.451175 
0.154892 
0.0844556 
0.0521096 
0.0604194 
0.288703 
0.151405 
0.125885 
0.11796 
0.267363 
0.079796 
0.31771 
0.217126 
0.236461 
0.0471896 
0.0678172 
0.417583 
0.0570537 
0.0648987 
0.112067 
0.126045 
0.140013 
0.0912051 
0.204209 
0.1275 
