0
0.269932 
0.0616665 
0.0775404 
0.0575479 
0.107275 
0.0593466 
0.0657653 
0.0694075 
0.0528744 
0.0661333 
0.106563 
0.476564 
0.390879 
0.103731 
0.119957 
0.143518 
0.0790749 
0.0597283 
0.0599459 
0.046639 
0.0684853 
0.0552924 
0.0694229 
0.111392 
0.104613 
0.0787833 
0.103249 
0.138159 
0.105434 
0.179169 
0.133458 
0.0521928 
0.0958237 
0.108157 
0.113096 
0.100832 
0.19323 
0.167763 
0.120165 
0.0487846 
0.0306891 
0.0816083 
0.163111 
0.0901913 
0.194028 
0.186804 
0.222996 
0.136991 
0.161155 
0.158317 
0.230413 
0.179961 
0.151594 
0.271347 
0.202276 
0.305488 
0.300492 
0.0548811 
0.0965497 
0.07671 
0.05886 
0.0469852 
0.114924 
0.0509003 
0.129068 
0.175887 
0.0704295 
0.0718699 
0.120828 
0.0295645 
0.202325 
0.169511 
0.0154972 
0.0366103 
0.0207537 
0.0536366 
0.107134 
0.045398 
0.035513 
0.427729 
0.485888 
0.243499 
0.223388 
0.10908 
0.105416 
0.075102 
0.102228 
0.0949809 
0.0172507 
0.10713 
0.0434029 
0.0421201 
0.101029 
0.083481 
0.135587 
0.175588 
0.202139 
0.026423 
0.251066 
0.130514 
0.123333 
0.323576 
0.679348 
0.430503 
0.443664 
0.391267 
0.49401 
0.204448 
0.496838 
0.505246 
0.411018 
0.335721 
0.432804 
0.222258 
0.149716 
0.440823 
0.297229 
0.0919636 
0.0420454 
0.0636319 
0.136321 
0.0814591 
0.0656667 
0.103933 
0.218654 
0.0893096 
0.0773642 
0.0647186 
0.0369614 
0.0783719 
0.0528049 
0.0477482 
0.0170819 
0.0643775 
0.100952 
0.0580543 
0.0391636 
0.0482375 
0.0254702 
0.0344743 
0.0468563 
0.134201 
0.283155 
0.0943514 
0.183031 
0.130098 
0.138908 
0.129887 
0.0576048 
0.0681285 
0.0444555 
0.0428021 
0.288619 
0.152842 
0.272829 
