0
0.515894 
0.429817 
0.225401 
0.580214 
0.539919 
0.29327 
0.199926 
0.111566 
0.510394 
0.196019 
0.640426 
0.581117 
0.110358 
0.0716523 
0.249246 
0.20912 
0.0785409 
0.176014 
0.192503 
0.0973411 
0.0647511 
0.245516 
0.371671 
0.172359 
0.0590514 
0.150279 
0.38879 
0.289902 
0.451216 
0.165965 
0.234254 
0.145121 
0.269553 
0.178692 
0.0647338 
0.13979 
0.116882 
0.114338 
0.0688385 
0.211984 
0.346588 
0.553447 
0.48649 
0.115717 
0.0898922 
0.0349636 
0.132262 
0.0303048 
0.13399 
0.0859259 
0.374448 
0.140894 
0.0698794 
0.256869 
0.227086 
0.236197 
0.253139 
0.225894 
0.171877 
0.31339 
0.186287 
0.117391 
0.255336 
0.213792 
0.176183 
0.203869 
0.0783172 
0.117785 
0.0609647 
0.191399 
0.192538 
0.139339 
0.0962345 
0.161443 
0.11008 
0.128439 
0.0902406 
0.415687 
0.2925 
0.354311 
0.11338 
0.171827 
0.107055 
0.0908729 
0.322804 
0.115746 
0.0499164 
0.176119 
0.105543 
0.0720051 
0.102556 
0.108691 
0.0510732 
0.472079 
0.191838 
0.311765 
0.141284 
0.199875 
0.135926 
0.158621 
0.202909 
0.51877 
0.169077 
0.0865718 
0.241396 
0.394339 
0.21343 
0.161455 
0.147733 
0.140861 
0.258835 
0.258483 
0.157935 
0.0846833 
0.3579 
0.335816 
0.326888 
0.346335 
0.211084 
0.224584 
0.152488 
0.0648463 
0.1294 
0.230338 
0.186028 
0.126386 
0.162391 
0.080678 
0.147699 
0.218215 
0.222384 
0.167351 
0.132268 
0.471075 
0.160024 
0.204689 
0.0441004 
0.134684 
0.245663 
0.247419 
0.107007 
0.107348 
0.426229 
0.432939 
0.158839 
0.142614 
0.232734 
0.176841 
0.188406 
0.172153 
0.145218 
0.227436 
0.472023 
0.285347 
0.171134 
