0
0.151154 
0.117431 
0.135645 
0.133034 
0.0819302 
0.127181 
0.163336 
0.0548349 
0.13764 
0.137499 
0.06267 
0.0818811 
0.12626 
0.0847632 
0.0702339 
0.0911672 
0.108797 
0.0930848 
0.0736865 
0.148846 
0.105095 
0.0859046 
0.101384 
0.0914911 
0.0867848 
0.0669925 
0.07889 
0.0863406 
0.108392 
0.0715012 
0.0988337 
0.108095 
0.0839636 
0.0516222 
0.084425 
0.127991 
0.171688 
0.0860269 
0.10066 
0.116054 
0.0924361 
0.0825441 
0.0909574 
0.0757627 
0.0811627 
0.09735 
0.039818 
0.147768 
0.159316 
0.139007 
0.13069 
0.0687999 
0.1183 
0.137998 
0.130264 
0.074955 
0.0737103 
0.0689205 
0.0577231 
0.0588709 
0.0776685 
0.095578 
0.142497 
0.0823515 
0.0455165 
0.0811371 
0.0818139 
0.0789719 
0.0680917 
0.0483393 
0.101414 
0.0736821 
0.0889843 
0.16643 
0.145088 
0.0409916 
0.0357022 
0.110069 
0.105652 
0.1178 
0.147265 
0.192126 
0.0956926 
0.516772 
0.48347 
0.143485 
0.12942 
0.10819 
0.0682701 
0.0774797 
0.13045 
0.15269 
0.0812683 
0.11429 
0.0540346 
0.0662059 
0.0545647 
0.054036 
0.0841571 
0.0816684 
0.0840156 
0.0706422 
0.0476503 
0.0484984 
0.0491606 
0.143144 
0.173668 
0.164877 
0.253362 
0.0819403 
0.180063 
0.204617 
0.053833 
0.0538584 
0.139066 
0.179588 
0.300901 
0.339407 
0.121275 
0.084092 
0.110406 
0.137476 
0.0824465 
0.196994 
0.181814 
0.121027 
0.139729 
0.163452 
0.13757 
0.0664423 
0.11609 
0.104512 
0.0128163 
0.106407 
0.0556763 
0.105471 
0.155228 
0.0996683 
0.0966459 
0.177194 
0.125371 
0.151722 
0.123144 
0.111516 
0.0763142 
0.0668544 
0.0440004 
0.0779981 
0.0657493 
0.04525 
0.0876354 
0.0791422 
0.0556508 
0.0920012 
0.0890876 
