0
0.167238 
0.0928801 
0.302372 
0.151393 
0.144467 
0.0318381 
0.295548 
0.332094 
0.120819 
0.114261 
0.12625 
0.224601 
0.200686 
0.214305 
0.487463 
0.152281 
0.606281 
0.273132 
0.226042 
0.128115 
0.241355 
0.280794 
0.137385 
0.200487 
0.230727 
0.103228 
0.276978 
0.272089 
0.12414 
0.294175 
0.126615 
0.195959 
0.147433 
0.147479 
0.272642 
0.280374 
0.295281 
0.0826195 
0.176919 
0.117599 
0.263493 
0.178104 
0.0477514 
0.133453 
0.147754 
0.427897 
0.360059 
0.273772 
0.27872 
0.094929 
0.298611 
0.0661074 
0.217508 
0.219762 
0.175908 
0.169249 
0.319395 
0.245864 
0.190413 
0.25188 
0.410515 
0.507099 
0.118036 
0.255841 
0.109865 
0.16192 
0.342654 
0.145036 
0.319708 
0.0981919 
0.35353 
2.44785 
0.461896 
0.22797 
0.0364783 
0.262565 
0.121721 
0.159754 
0.169337 
0.0824973 
0.105275 
0.0834291 
0.184899 
0.174698 
0.172316 
0.104761 
0.241749 
0.0476323 
0.170258 
0.0758983 
0.20764 
0.0730775 
0.155788 
0.0950602 
0.130675 
0.126582 
0.0913278 
0.097734 
0.102139 
0.247264 
0.107648 
0.148936 
0.153954 
0.101696 
0.178708 
0.146464 
0.15786 
0.0682929 
0.273545 
0.198755 
0.0918306 
0.122765 
0.0917424 
0.100958 
0.109499 
0.0899286 
0.0975477 
0.392822 
0.303476 
0.159357 
0.163439 
0.0481722 
0.104507 
0.119807 
0.236839 
0.233294 
0.0691351 
0.310945 
0.217655 
0.130703 
0.159388 
0.0959675 
0.120247 
0.0539179 
0.0841317 
0.107063 
0.179291 
0.124459 
0.068043 
0.116576 
0.131163 
0.0920804 
0.187233 
0.097561 
0.186234 
0.198563 
0.167006 
0.081411 
0.144319 
0.104053 
0.167083 
0.174657 
0.121316 
0.230661 
0.0956887 
