0
0.0784778 
0.0956134 
0.133933 
0.183217 
0.131045 
0.10618 
0.106078 
0.15219 
0.118573 
0.0932919 
0.0629338 
0.101179 
0.176282 
0.147311 
0.095813 
0.088947 
0.0864515 
0.131066 
0.124345 
0.101869 
0.131623 
0.120132 
0.135407 
0.161755 
0.151758 
0.11323 
0.113766 
0.104139 
0.0463716 
0.0599265 
0.0338795 
0.144882 
0.183861 
0.136912 
0.178239 
0.207354 
0.103271 
0.0657193 
0.117957 
0.151092 
0.0349484 
0.0580142 
0.109778 
0.0686419 
0.0761593 
0.054844 
0.06858 
0.0828129 
0.0701222 
0.125596 
0.0739589 
0.0285569 
0.0846163 
0.130668 
0.126981 
0.136772 
0.128415 
0.0926036 
0.082613 
0.10852 
0.150833 
0.0646749 
0.089548 
0.108732 
0.132179 
0.159074 
0.109084 
0.113053 
0.104551 
0.0585212 
0.107034 
0.125613 
0.10675 
0.0974406 
0.096955 
0.214814 
0.0761348 
0.110651 
0.122056 
0.0705023 
0.0596337 
0.0993878 
0.0944479 
0.121691 
0.058251 
0.0609277 
0.0676731 
0.108955 
0.127971 
0.189354 
0.17687 
0.10927 
0.0867836 
0.0504611 
0.126497 
0.151183 
0.120145 
0.104588 
0.0779582 
0.0774154 
0.102317 
0.139208 
0.163441 
0.0818586 
0.100487 
0.152697 
0.0548929 
0.0424274 
0.108384 
0.128707 
0.131128 
0.0552243 
0.0700053 
0.153278 
0.136132 
0.0984592 
0.125978 
0.0713603 
0.0765523 
0.0731883 
0.101295 
0.0420733 
0.0556779 
0.0278373 
0.0477811 
0.0830338 
0.0456833 
0.0443737 
0.0848065 
0.121973 
0.116932 
0.123209 
0.145891 
0.136373 
0.120691 
0.0656806 
0.02862 
0.0146221 
0.0980992 
0.154231 
0.16577 
0.0926157 
0.0618954 
0.0651653 
0.127538 
0.131125 
0.0693133 
0.0785967 
0.120977 
0.112569 
0.103932 
0.0989211 
0.111563 
0.108999 
0.0587125 
0.0608082 
0.0905179 
0.092171 
0.104565 
0.0912433 
0.102967 
0.066506 
0.0703856 
0.0773924 
0.082988 
0.134035 
0.10854 
0.0972934 
0.151964 
0.178872 
0.170992 
0.142342 
0.147697 
0.217634 
0.11952 
0.11909 
0.15448 
0.113979 
0.0889145 
0.121215 
0.109141 
0.133748 
0.144955 
0.120066 
0.124289 
0.14543 
0.0542876 
0.166441 
0.0933788 
0.0876308 
0.0676822 
0.134901 
0.18783 
0.0881906 
0.203099 
0.151679 
0.192362 
0.131975 
0.0970224 
0.132725 
0.156152 
0.085305 
0.0770569 
0.148619 
0.124625 
0.113733 
0.104986 
0.111584 
0.127632 
0.0941356 
0.0867218 
0.0604177 
0.157313 
0.135679 
0.0598595 
0.0748202 
0.125544 
0.129539 
0.06031 
0.188125 
0.16916 
0.16359 
0.200394 
0.188617 
0.179183 
0.246807 
0.237126 
0.147108 
0.0799876 
0.101467 
0.126729 
0.157827 
0.133952 
0.119512 
0.104663 
0.0898823 
0.11583 
0.161094 
0.265025 
0.226343 
0.112053 
0.122954 
0.179883 
0.177475 
0.148819 
0.107126 
0.0637745 
0.0520689 
0.0952905 
