0
0.0454233 
0.10815 
0.142269 
0.136324 
0.13297 
0.149483 
0.162651 
0.101229 
0.105139 
0.144458 
0.0809069 
0.112363 
0.14798 
0.109883 
0.0810886 
0.0680823 
0.119412 
0.0809932 
0.0913629 
0.134916 
0.106796 
0.103128 
0.124219 
0.101512 
0.15809 
0.118766 
0.0651367 
0.0780921 
0.103348 
0.0991379 
0.0589216 
0.0751406 
0.0900234 
0.122235 
0.0547638 
0.0687255 
0.0856394 
0.0753041 
0.0801084 
0.0660549 
0.0456652 
0.0928473 
0.0867001 
0.0990134 
0.118874 
0.113061 
0.113348 
0.140891 
0.140511 
0.0821958 
0.0500827 
0.111538 
0.106269 
0.158633 
0.109163 
0.102834 
0.107432 
0.0658385 
0.0801665 
0.119825 
0.0813024 
0.102286 
0.0643408 
0.0332355 
0.0256899 
0.0634217 
0.0651266 
0.0648305 
0.11372 
0.0806069 
0.0867937 
0.0611236 
0.0390696 
0.150914 
0.141035 
0.0550939 
0.112124 
0.07898 
0.0555997 
0.0595021 
0.183032 
0.12714 
0.0352657 
0.108743 
0.0981103 
0.0818269 
0.078691 
0.13924 
0.104248 
0.0995871 
0.0829539 
0.11128 
0.0960329 
0.0832179 
0.140387 
0.122796 
0.0705007 
0.0445783 
0.0434049 
0.0795559 
0.12436 
0.115898 
0.146891 
0.0887175 
0.1974 
0.148669 
0.0817493 
0.0988731 
0.104357 
0.0443411 
0.0395443 
0.129163 
0.0457687 
0.0494775 
0.12061 
0.146622 
0.102068 
0.07826 
0.12526 
0.162576 
0.107516 
0.0478355 
0.0516839 
0.0501674 
0.0611568 
0.132343 
0.140801 
0.07243 
0.0959602 
0.0909393 
0.0901124 
0.129624 
0.0982457 
0.211823 
0.174717 
0.0468742 
0.0826806 
0.0728806 
0.0676094 
0.0644873 
0.098859 
0.15938 
0.150073 
0.327505 
0.219109 
0.105013 
0.136308 
0.120333 
0.12368 
0.0802377 
0.241552 
0.236454 
0.0875324 
0.0829319 
0.0886492 
0.0723729 
0.0473844 
0.051038 
0.0507133 
0.163152 
0.116245 
0.133299 
0.0550279 
0.114695 
0.0939163 
0.0697171 
0.0680021 
0.105247 
0.112447 
0.0780054 
0.109499 
0.0535033 
0.167878 
0.0881988 
0.0650886 
0.11586 
0.107118 
0.12855 
0.217934 
0.0949314 
0.0818791 
0.128863 
0.120756 
0.118835 
0.166123 
0.149126 
0.111445 
0.0753545 
0.0689119 
0.112169 
0.150423 
0.140612 
0.198028 
0.0755223 
0.066687 
0.0641723 
0.0505854 
0.0862138 
0.349208 
0.273611 
0.0670901 
0.0692359 
0.104342 
0.153219 
0.0725633 
0.127483 
0.114427 
0.106959 
0.136725 
0.0928357 
0.0975995 
0.127635 
0.105491 
0.067423 
0.125545 
0.152526 
0.108141 
0.113118 
0.132384 
0.12205 
0.141779 
0.0927441 
0.072653 
0.108821 
0.0871369 
0.106788 
0.119071 
0.122879 
0.088394 
0.110952 
0.14394 
0.0875165 
0.114956 
0.141168 
0.086332 
0.11047 
0.12749 
0.0925997 
0.0711109 
0.0792346 
0.112081 
0.161562 
0.174407 
0.0723885 
0.061764 
0.0913765 
0.0462862 
0.100228 
0.120821 
