0
0.131651 
0.105639 
0.132259 
0.155714 
0.0692772 
0.0782963 
0.0378973 
0.164118 
0.184148 
0.12549 
0.0978211 
0.191009 
0.131086 
0.0851609 
0.169538 
0.177735 
0.114499 
0.0851636 
0.0576322 
0.08301 
0.0307504 
0.111347 
0.217055 
0.0938208 
0.109853 
0.119788 
0.076637 
0.0693499 
0.121012 
0.0786714 
0.0610842 
0.0900943 
0.0583359 
0.121157 
0.0658749 
0.0662336 
0.112773 
0.225388 
0.181195 
0.105431 
0.20052 
0.0881206 
0.0842567 
0.191021 
0.24059 
0.206178 
0.111052 
0.0701811 
0.0601758 
0.0960192 
0.0457342 
0.0853486 
0.0736859 
0.0932965 
0.126298 
0.100949 
0.13759 
0.136654 
0.114987 
0.107852 
0.129413 
0.0706167 
0.0858657 
0.045483 
0.073691 
0.0512475 
0.118849 
0.0990125 
0.0724095 
0.0784487 
0.185983 
0.117293 
0.161232 
0.154912 
0.0762507 
0.0878099 
0.0754237 
0.0425743 
0.113188 
0.138992 
0.189606 
0.155404 
0.13534 
0.0503954 
0.104874 
0.0792669 
0.0513562 
0.0977413 
0.163697 
0.142997 
0.101131 
0.0882791 
0.0578875 
0.14406 
0.168852 
0.0767478 
0.12722 
0.108706 
0.0775341 
0.137354 
0.143144 
0.74096 
0.341746 
0.052624 
0.176954 
0.158029 
0.100405 
0.0993979 
0.154905 
0.162672 
0.0752847 
0.147957 
0.133846 
0.0418878 
0.0241465 
0.0432409 
0.0859318 
0.164325 
0.0296765 
0.0359281 
0.171283 
0.122633 
0.0944729 
0.0646137 
0.19344 
0.0842011 
0.150388 
0.124997 
0.064253 
0.0435959 
0.105899 
0.163647 
0.0834019 
0.161566 
0.162448 
0.205676 
0.202482 
0.198798 
0.0676893 
0.152707 
0.129694 
0.0902369 
0.108709 
0.0550286 
0.0668519 
0.0310009 
0.0637448 
0.0622234 
0.125099 
0.145096 
0.152886 
0.11231 
0.0904964 
0.0556436 
0.0757062 
0.0812017 
0.118747 
0.0993178 
0.14627 
0.27613 
0.643461 
0.299872 
0.0959256 
0.105046 
0.233377 
0.184701 
0.0938629 
0.114364 
0.229216 
0.211048 
0.0589617 
0.203815 
0.156348 
0.0672968 
0.0157943 
0.116466 
0.0594371 
0.067073 
0.0948112 
0.0840521 
0.124178 
0.115596 
0.254572 
0.227031 
0.324545 
0.565464 
0.251987 
0.278313 
0.52932 
0.263642 
0.178999 
0.0808549 
0.170912 
0.174634 
0.125992 
0.0767909 
0.0767849 
0.0755772 
0.0249829 
0.0457987 
0.136236 
0.176755 
0.0896835 
0.229693 
0.281255 
0.0861155 
0.101028 
0.16023 
0.0645452 
0.140044 
0.0824398 
0.41188 
0.231285 
0.0940792 
0.155312 
0.231202 
0.264667 
0.0583146 
0.108364 
0.0510914 
0.0913031 
0.0551839 
0.115721 
0.0700441 
0.401107 
0.140337 
0.335292 
0.173924 
0.0264627 
0.0656604 
0.10576 
0.0982891 
0.162996 
0.411597 
0.24226 
0.403752 
0.16725 
0.224104 
0.543754 
0.42209 
0.280392 
0.294296 
0.70629 
0.416396 
0.277782 
0.190399 
0.128744 
0.169432 
0.208876 
