0
0.0778933 
0.360685 
0.154315 
0.0854321 
0.137329 
0.0726941 
0.100363 
0.141557 
0.147494 
0.138034 
0.16073 
0.131879 
0.131986 
0.198844 
0.141902 
0.145271 
0.119087 
0.176758 
0.112802 
0.0861029 
0.124998 
0.106699 
0.120195 
0.160015 
0.119099 
0.0846768 
0.142235 
0.11385 
0.125257 
0.0588741 
0.078721 
0.0674786 
0.156088 
0.19905 
0.205962 
0.223339 
0.1374 
0.072647 
0.0975605 
0.13702 
0.114084 
0.092464 
0.0896501 
0.0862335 
0.144183 
0.157126 
0.114687 
0.0619608 
0.0788368 
0.0683013 
0.0422204 
0.0550956 
0.0676472 
0.0970011 
0.125073 
0.120185 
0.116111 
0.0716503 
0.622752 
0.336141 
0.0954982 
0.28382 
0.074163 
0.100052 
0.0570459 
0.0362721 
0.034024 
0.0774731 
0.0739054 
0.0704709 
0.0884387 
0.129111 
0.0622129 
0.0864675 
0.0919237 
0.098949 
0.110385 
0.0614894 
0.0601741 
0.067591 
0.137244 
0.0882075 
0.0516635 
0.382123 
0.205315 
0.160137 
0.142984 
0.0645877 
0.108104 
0.0924613 
0.105212 
0.125784 
0.109551 
0.124871 
0.110423 
0.151224 
0.0491156 
0.107321 
0.0678084 
0.121183 
0.0858247 
0.163026 
0.0832188 
0.128965 
0.100726 
0.106498 
0.107073 
0.0871371 
0.070149 
0.0740361 
0.0565921 
0.123848 
0.148107 
0.12287 
0.0675052 
0.0582682 
0.052464 
0.0841796 
0.0410376 
0.0222698 
0.0542899 
0.0760876 
0.0646935 
0.0521371 
0.0931361 
0.0789362 
0.0967043 
0.107807 
0.14023 
0.0925339 
0.12446 
0.73802 
0.278288 
0.287672 
0.105501 
0.0639606 
0.191003 
0.502744 
0.191074 
0.0679341 
0.151083 
0.0543678 
0.314579 
0.344034 
0.0922032 
0.199438 
0.327865 
0.310068 
0.197205 
0.084959 
0.18924 
0.0816481 
0.105098 
0.340491 
0.247338 
0.0936873 
0.0685909 
0.0218378 
0.131878 
0.0994884 
0.197155 
0.134735 
0.0814699 
0.0878957 
0.103194 
0.0664304 
0.10715 
0.145815 
0.100088 
0.0874904 
0.0612803 
0.0633937 
0.10325 
0.0780402 
0.0858509 
0.0341424 
0.0623808 
0.176582 
0.09519 
0.114603 
0.089755 
0.0858409 
0.11038 
0.12879 
0.103825 
0.119669 
0.123435 
0.141144 
0.141858 
0.0999497 
0.610202 
0.423499 
0.092931 
0.0615337 
0.16572 
0.581037 
0.32619 
0.262581 
0.149503 
0.14369 
0.0830937 
0.125867 
0.11116 
0.102295 
0.055761 
0.0783937 
0.10275 
0.106855 
0.153673 
0.101749 
0.0817375 
0.0785326 
0.106453 
0.0760776 
0.0489703 
0.0806097 
0.0694872 
0.110424 
0.108206 
0.110874 
0.158855 
0.0557144 
0.0439512 
0.0834149 
0.100204 
0.124291 
0.177107 
0.174421 
0.0652921 
0.0878768 
0.0499219 
0.0321895 
0.0887294 
0.250737 
0.231119 
0.128898 
0.109238 
0.109158 
0.0724686 
0.0680225 
0.228881 
0.128799 
0.053089 
0.147277 
0.177062 
0.171354 
0.18757 
0.143649 
0.139314 
