0
0.240536 
0.0727495 
0.199095 
0.249119 
0.251621 
0.130281 
0.2422 
0.147375 
0.176334 
0.14831 
0.17556 
0.187728 
0.573081 
1.18499 
0.56435 
0.179531 
0.209139 
0.20322 
0.121879 
0.191936 
0.22029 
0.190432 
0.17594 
0.204593 
0.120388 
0.116753 
0.0810145 
0.214526 
0.14985 
0.039142 
0.209976 
0.281637 
0.0801969 
0.280187 
0.264189 
0.0828616 
0.0469038 
0.0629115 
0.0594908 
0.0893162 
0.146704 
0.0754618 
0.0941609 
0.169752 
0.189959 
0.142713 
0.104598 
0.139399 
0.136718 
0.122077 
0.0915658 
0.0752807 
0.0485829 
0.452268 
0.907098 
0.177021 
0.113317 
0.300189 
0.365146 
0.124245 
0.138603 
0.101177 
0.162237 
0.171888 
0.068033 
0.17326 
0.1628 
0.154846 
0.303729 
0.195278 
0.473915 
0.193901 
0.132745 
0.214009 
0.180741 
0.108449 
0.0619284 
0.171172 
0.160498 
0.0642432 
0.160998 
0.193279 
0.224664 
0.180196 
0.0954835 
0.0999711 
0.164146 
0.167206 
0.106597 
0.203093 
0.254465 
0.133078 
0.299805 
0.380597 
0.188103 
0.080255 
0.12292 
0.107367 
0.100031 
0.142305 
0.0690301 
0.140531 
0.099955 
0.0632928 
0.194753 
0.198164 
0.12945 
0.109806 
0.0710696 
0.0692609 
0.0600035 
0.0975609 
0.109492 
0.165799 
0.200999 
0.208333 
0.115717 
0.20172 
0.123584 
0.25613 
0.290344 
0.190408 
0.11002 
0.132945 
0.122978 
0.0468291 
0.0909344 
0.118408 
0.168757 
0.138772 
0.18323 
0.183288 
0.182767 
0.136022 
0.125739 
0.107091 
0.136065 
0.173677 
0.0452112 
0.165269 
0.0566769 
0.178564 
0.280459 
0.156903 
0.181843 
0.17222 
0.0746263 
0.0662549 
0.163072 
0.227493 
0.139428 
0.176013 
0.142402 
0.10883 
0.192236 
0.147143 
0.176052 
0.189722 
0.167743 
0.162874 
0.176332 
0.124644 
0.119627 
0.0828476 
0.0757221 
0.0884652 
0.100171 
0.163851 
0.147119 
0.0786085 
0.22334 
0.239695 
0.157287 
0.124105 
0.136611 
0.228798 
0.0853253 
0.385229 
0.595843 
0.340636 
0.309323 
0.235458 
0.192705 
0.361477 
0.165242 
0.186924 
0.296597 
0.231107 
0.226405 
0.154879 
0.31353 
0.183459 
0.205932 
0.289019 
0.168303 
0.105836 
0.208055 
0.270507 
0.163581 
0.170467 
0.11644 
0.145117 
0.127294 
0.0924233 
0.182644 
0.0855088 
0.292516 
0.127786 
0.133399 
0.168231 
0.106896 
0.177122 
0.124729 
0.0580017 
0.132014 
0.198447 
0.23316 
0.36577 
0.335363 
0.364842 
0.193674 
0.257431 
0.229152 
0.211625 
0.2936 
0.247418 
0.109917 
0.162168 
0.19958 
0.181703 
0.329082 
0.25757 
0.145214 
0.275298 
0.266249 
0.183629 
0.43727 
0.642561 
0.35144 
0.315004 
0.161478 
0.1067 
0.101967 
0.201071 
0.100551 
0.0661875 
0.0265322 
0.184378 
0.21126 
