0
0.0182897 
0.124192 
0.0984996 
0.116133 
0.125473 
0.117675 
0.0660907 
0.102339 
0.07861 
0.0730812 
0.099078 
0.098944 
0.0905577 
0.119731 
0.140872 
0.127572 
0.0732714 
0.0666314 
0.0453033 
0.0504136 
0.0916838 
0.0687367 
0.0884944 
0.0817093 
0.0906556 
0.0251888 
0.0101901 
0.0159272 
0.0542865 
0.0767543 
0.0912879 
0.0650665 
0.0729747 
0.0520153 
0.0676856 
0.0172856 
0.050732 
0.0871484 
0.107782 
0.121944 
0.067713 
0.022866 
0.0488205 
0.0273638 
0.026422 
0.0667244 
0.114268 
0.0495224 
0.0339516 
0.0412642 
0.0577231 
0.0760098 
0.0792952 
0.106866 
0.0702826 
0.0419681 
0.0711462 
0.0816658 
0.0751518 
0.117333 
0.0850145 
0.0824663 
0.102644 
0.0692005 
0.0767917 
0.0573471 
0.0433452 
0.059787 
0.0232982 
0.0276372 
0.0464915 
0.0930211 
0.0851917 
0.0518764 
0.075303 
0.0874444 
0.0550047 
0.108765 
0.0786172 
0.0972406 
0.113237 
0.0629362 
0.0615861 
0.0653498 
0.0172403 
0.0463267 
0.0949053 
0.094607 
0.0721503 
0.0950779 
0.0687866 
0.112345 
0.101988 
0.0758214 
0.0775551 
0.0992711 
0.0802022 
0.0405494 
0.0819818 
0.0498767 
0.0640122 
0.0481319 
0.0578166 
0.0602212 
0.0424516 
0.0534962 
0.0575087 
0.0492926 
0.0649644 
0.0646491 
0.0724669 
0.0714451 
0.0862932 
0.091369 
0.0817055 
0.0770877 
0.124654 
0.0725254 
0.0443442 
0.062934 
0.0327815 
0.0615399 
0.0948965 
0.0445295 
0.0797033 
0.10184 
0.0324287 
0.0497902 
0.0791611 
0.139435 
0.0730335 
0.0565812 
0.0830467 
0.0611526 
0.0446549 
0.0780647 
0.0599998 
0.138582 
0.107217 
0.0560469 
0.0679013 
0.0728899 
0.0478903 
0.0420512 
0.0468398 
0.0630915 
0.138714 
0.0945155 
0.0408871 
0.0765342 
0.101236 
0.100947 
0.122914 
0.0589094 
0.0517086 
0.0634713 
0.0655029 
0.092403 
0.0519732 
0.0972019 
0.0605308 
0.048573 
0.0806491 
0.0831224 
0.0441867 
0.0333551 
0.0436463 
0.0662886 
0.0541936 
0.0323706 
0.0926008 
0.0663285 
0.0460245 
0.0408581 
0.0366356 
0.098159 
0.0567747 
0.0766936 
0.0586158 
0.102199 
0.0772942 
0.0506693 
0.0215212 
0.0982592 
0.082761 
0.0790479 
0.0756713 
0.0555244 
0.129156 
0.103834 
0.0662894 
0.0601903 
0.119916 
0.123181 
0.0330323 
0.0388761 
0.0580101 
0.0177188 
0.151984 
0.214515 
0.100225 
0.0621604 
0.106926 
0.103669 
0.137942 
0.0860317 
0.0387056 
0.0167047 
0.0734185 
0.0635558 
0.12465 
0.0507356 
0.0672485 
0.0701447 
0.106399 
0.0890669 
0.0467776 
0.123399 
0.0481171 
0.137704 
0.0953598 
0.0759767 
0.0729489 
0.117359 
0.0492162 
0.0927291 
0.101981 
0.0516544 
0.0417342 
0.0889131 
0.0813832 
0.0540547 
0.0453982 
0.0648397 
0.0769187 
0.105755 
0.0844402 
0.0571824 
0.0576694 
0.0243407 
0.0801625 
0.155743 
0.0774394 
0.00824364 
0.0680785 
0.133282 
0.195157 
0.130128 
0.14667 
