0
0.119335 
0.19956 
0.208453 
0.168239 
0.0998321 
0.183389 
0.191975 
0.157263 
0.199812 
0.183272 
0.121689 
0.11504 
0.13255 
0.167376 
0.161153 
0.218969 
0.0756067 
0.160436 
0.162688 
0.167585 
0.158841 
0.0736804 
0.145846 
0.249951 
0.167523 
0.207418 
0.284301 
0.0365066 
0.168555 
0.254626 
0.151664 
0.167507 
0.277362 
0.17528 
0.242023 
0.163133 
0.19404 
0.23382 
0.118636 
0.169036 
0.166843 
0.0598427 
0.227373 
0.257148 
0.169765 
0.29152 
0.132706 
0.120794 
0.166085 
0.122549 
0.163168 
0.173567 
0.171873 
0.153645 
0.0885934 
0.181505 
0.284696 
0.278749 
0.275705 
0.215838 
0.135472 
0.141913 
0.153095 
0.204485 
0.0335654 
0.152422 
0.243177 
0.286075 
0.252707 
0.145642 
0.302845 
0.642866 
0.203202 
0.147706 
0.165866 
0.164147 
0.232817 
0.114525 
0.105006 
0.200689 
0.183313 
0.186338 
0.208898 
0.244366 
0.203435 
0.143822 
0.143168 
0.148411 
0.184018 
0.113244 
0.136817 
0.186439 
0.101787 
0.175558 
0.063796 
0.174447 
0.240419 
0.169545 
0.313885 
0.204723 
0.150836 
0.166568 
0.194263 
0.148133 
0.167988 
0.0472674 
0.199369 
0.107597 
0.134971 
0.13209 
0.188693 
0.150586 
0.149686 
0.152011 
0.472323 
0.252021 
0.319569 
0.124576 
0.13341 
0.161616 
0.170345 
0.0672646 
0.109638 
0.102591 
0.049953 
0.179871 
0.158177 
0.172088 
0.162792 
0.0741722 
0.141973 
0.188781 
0.185402 
0.231641 
0.134374 
0.280767 
0.174969 
0.0998615 
0.0947555 
0.215932 
0.187875 
0.241288 
0.114808 
0.167759 
0.177019 
0.0964468 
0.181602 
0.107492 
0.16723 
0.146091 
0.183468 
0.128092 
0.479249 
0.212412 
0.165569 
0.190341 
0.138367 
0.12936 
0.157106 
0.176811 
0.197859 
0.126451 
0.190624 
0.105928 
0.263335 
0.226315 
0.158119 
0.122706 
0.12399 
0.186053 
0.104821 
0.180556 
0.153407 
0.185444 
0.0864727 
0.214157 
0.110684 
0.0605273 
0.146456 
0.0681922 
0.199604 
0.200995 
0.108379 
0.108112 
0.171628 
0.157565 
0.0594768 
0.153427 
0.159494 
0.158843 
0.0791682 
0.124534 
0.216941 
0.13677 
0.11501 
0.124506 
0.146241 
0.262164 
0.345898 
0.220402 
0.396658 
0.350036 
0.291164 
0.175077 
0.0723547 
0.366442 
0.246003 
0.282366 
0.0851354 
0.114457 
0.136157 
0.203554 
0.21239 
0.453474 
0.444375 
0.265655 
0.342113 
0.304148 
0.301722 
0.16283 
0.0756293 
0.135751 
0.857694 
0.692052 
0.611713 
0.258103 
0.270942 
0.368584 
0.401749 
0.135602 
0.241281 
0.189149 
0.275792 
0.188668 
0.164103 
0.267084 
0.281854 
0.991537 
0.363104 
0.42299 
0.445911 
0.192406 
0.117409 
0.219181 
0.365976 
0.746567 
0.531983 
0.153708 
0.365812 
