0
0.217732 
0.145958 
0.107943 
0.0862807 
0.0653083 
0.0957525 
0.0599935 
0.102841 
0.108779 
0.0989353 
0.109454 
0.12998 
0.222819 
0.12552 
0.231882 
0.318604 
0.171253 
0.221244 
0.138675 
0.102066 
0.142029 
0.0952944 
0.0478053 
0.0776912 
0.103473 
0.0770637 
0.108793 
0.0459374 
0.0576314 
0.0753286 
0.13364 
0.137634 
0.122665 
0.155013 
0.111925 
0.0858578 
0.128885 
0.161418 
0.134016 
0.0919417 
0.0808775 
0.0535619 
0.0619373 
0.140436 
0.0856905 
0.074658 
0.0803522 
0.0677129 
0.124288 
0.208052 
0.258689 
0.0739351 
0.152949 
0.131878 
0.11495 
0.139865 
0.0627592 
0.0963411 
0.165684 
0.131021 
0.0790254 
0.0791855 
0.111004 
0.185458 
0.141807 
0.240792 
0.128831 
0.0819507 
0.0802444 
0.0641168 
0.0326852 
0.0758354 
0.0735351 
0.0424994 
0.0821167 
0.0549767 
0.0789043 
0.0443484 
0.0685997 
0.134677 
0.0885023 
0.0860105 
0.108357 
0.0903142 
0.0620503 
0.0475326 
0.0476004 
0.112135 
0.196476 
0.1227 
0.109585 
0.0463644 
0.0724837 
0.0700208 
0.0534227 
0.118263 
0.0721333 
0.0414663 
0.0301059 
0.047759 
0.102311 
0.114581 
0.0981838 
0.102044 
0.104272 
0.0516304 
0.0635265 
0.0338195 
0.0743269 
0.100693 
0.0743581 
0.0897379 
0.103328 
0.108266 
0.09033 
0.0613917 
0.0593831 
0.0804129 
0.0477961 
0.034008 
0.0700621 
0.018677 
0.113033 
0.129784 
0.1321 
0.0717739 
0.0749904 
0.143074 
0.152998 
0.116611 
0.0943135 
0.108773 
0.183201 
0.242979 
0.0767642 
0.0629745 
0.0592717 
0.0447206 
0.030752 
0.0305002 
0.0111443 
0.0326567 
0.0812912 
0.114097 
0.115104 
0.0925925 
0.0908766 
0.0688836 
0.0686197 
0.0743264 
0.0759001 
0.0644315 
0.0467341 
0.101897 
0.0667585 
0.0793504 
0.0990688 
0.052605 
0.10468 
0.129523 
0.0809541 
0.0859203 
0.117342 
0.0911426 
0.11086 
0.116653 
0.126389 
0.112874 
0.0550832 
0.0335328 
0.0287476 
0.0689734 
0.0683326 
0.067599 
0.0853896 
0.0694833 
0.0997249 
0.140221 
0.0973915 
0.0572135 
0.0879763 
0.0539456 
0.0314566 
0.0253259 
0.117289 
0.133533 
0.0534603 
0.064555 
0.0927998 
0.112589 
0.113482 
0.191227 
0.166258 
0.0746511 
0.0760796 
0.0951176 
0.0810121 
0.117951 
0.0617784 
0.0402496 
0.114353 
0.137855 
0.0962785 
0.0830735 
0.0779215 
0.0328351 
0.0640387 
0.0998194 
0.0894752 
0.0619301 
0.0916589 
0.109091 
0.0667451 
0.0491304 
0.0682099 
0.0879154 
0.0694276 
0.0632865 
0.120144 
0.0921372 
0.110401 
0.165251 
0.200255 
0.121056 
0.110588 
0.129154 
0.121888 
0.106986 
0.114377 
0.152443 
0.223465 
0.222399 
0.175395 
0.119089 
0.106393 
0.152619 
0.137449 
0.0892468 
0.0602924 
0.0856446 
0.105597 
0.100591 
0.0424789 
0.101963 
0.0702579 
0.12022 
0.177472 
0.127559 
0.0774855 
