0
0.161405 
0.181425 
0.193919 
0.125979 
0.0896365 
0.190438 
0.167546 
0.1035 
0.055947 
0.138988 
0.0822405 
0.110574 
0.171948 
0.159091 
0.165202 
0.107485 
0.113968 
0.147595 
0.175823 
0.151491 
0.261373 
0.101669 
0.0913045 
0.101902 
0.150955 
0.151392 
0.157824 
0.189434 
0.257731 
0.142605 
0.128249 
0.138717 
0.162225 
0.120653 
0.101501 
0.0726211 
0.0438143 
0.159453 
0.134997 
0.0877323 
0.137026 
0.158988 
0.119225 
0.112911 
0.138694 
0.130209 
0.10688 
0.142175 
0.109292 
0.109131 
0.128584 
0.0983126 
0.117741 
0.0868467 
0.0891973 
0.0899448 
0.0982251 
0.129967 
0.145605 
0.161997 
0.129985 
0.209768 
0.130071 
0.20411 
0.146463 
0.096124 
0.17942 
0.171421 
0.0702535 
0.0886971 
0.174779 
0.25452 
0.145891 
0.100783 
0.119389 
0.311514 
0.147227 
0.0862515 
0.182252 
0.0561046 
0.120352 
0.142254 
0.361834 
0.320151 
0.2881 
0.104285 
0.128351 
0.205943 
0.190649 
0.124482 
0.154009 
0.138691 
0.1832 
0.196459 
0.166013 
0.123733 
0.188903 
0.133458 
0.110491 
0.110333 
0.125757 
0.140028 
0.0899252 
0.0553597 
0.0744581 
0.0810912 
0.111729 
0.127638 
0.171432 
0.0747549 
0.0876627 
0.0962063 
0.0755753 
0.0640858 
0.122916 
0.130113 
0.0631043 
0.0979417 
0.13094 
0.208604 
0.202098 
0.140714 
0.0546751 
0.0969733 
0.0802133 
0.101326 
0.0970035 
0.100029 
0.128656 
0.0850602 
0.152736 
0.188367 
0.138517 
0.0997961 
0.129219 
0.131507 
0.0848114 
0.101361 
0.117313 
0.14435 
0.075617 
0.0968133 
0.148384 
0.0694756 
0.140985 
0.056139 
0.117231 
0.106364 
0.0828066 
0.0157779 
0.0523035 
0.0905928 
0.0758437 
0.0735536 
0.122081 
0.180929 
0.0937858 
0.0534638 
0.0420732 
0.108428 
0.11977 
0.103919 
0.11892 
0.214215 
0.131647 
0.117562 
0.0952365 
0.16826 
0.112494 
0.101916 
0.0874702 
0.102039 
0.122853 
0.0597802 
0.0941623 
0.0843734 
0.0983313 
0.0112708 
0.0864751 
0.0508688 
0.0096125 
0.0380994 
0.0552469 
0.139079 
0.191864 
0.122311 
0.0640786 
0.0428964 
0.118722 
0.120568 
0.0505692 
0.116339 
0.190696 
0.130932 
0.171968 
0.145131 
0.0930187 
0.0918835 
0.120968 
0.115673 
0.101253 
0.0959339 
0.144705 
0.0752157 
0.114107 
0.1381 
0.212003 
0.533941 
0.158664 
0.183179 
0.157437 
0.149448 
0.164072 
0.143443 
0.122758 
0.0778573 
0.0660746 
0.0774108 
0.0935017 
0.105958 
0.128075 
0.146426 
0.0800123 
0.121675 
0.126908 
0.126517 
0.0975666 
0.112851 
0.0910386 
0.0713755 
0.148613 
0.148638 
0.1085 
0.132171 
0.163027 
0.258323 
0.133309 
0.0648486 
0.084373 
0.0890625 
0.124165 
0.161776 
0.291511 
0.216635 
0.197365 
0.153806 
0.157025 
0.14063 
0.0734431 
