0
0.0545194 
0.0559538 
0.0798979 
0.144417 
0.130787 
0.119916 
0.157647 
0.105148 
0.155793 
0.119391 
0.131828 
0.0523215 
0.0671394 
0.0834983 
0.0715718 
0.0953304 
0.0962277 
0.0810414 
0.116887 
0.0923244 
0.0884584 
0.0829562 
0.0845209 
0.0656804 
0.124843 
0.120357 
0.170712 
0.0936182 
0.089157 
0.137629 
0.121059 
0.0937414 
0.0859769 
0.0734105 
0.0648787 
0.0555586 
0.0737064 
0.0992789 
0.108623 
0.0517994 
0.113819 
0.129246 
0.0805726 
0.0718719 
0.0834383 
0.0754783 
0.0999034 
0.125958 
0.110717 
0.103019 
0.0505581 
0.0919266 
0.134534 
0.127121 
0.109322 
0.0866761 
0.0968309 
0.0420139 
0.0493683 
0.0642599 
0.0922683 
0.0858412 
0.142665 
0.207303 
0.143752 
0.082484 
0.123325 
0.108181 
0.12441 
0.100782 
0.0905253 
0.0674299 
0.0836966 
0.0642688 
0.0968256 
0.142923 
0.0965516 
0.0584423 
0.0966458 
0.0996769 
0.0156087 
0.043113 
0.123434 
0.152561 
0.0930438 
0.0611881 
0.0273813 
0.0792196 
0.141074 
0.154513 
0.119258 
0.0987138 
0.121739 
0.0576528 
0.0951237 
0.116477 
0.110005 
0.0781061 
0.140214 
0.0849042 
0.0790694 
0.119834 
0.134254 
0.0637015 
0.0786628 
0.0679678 
0.092095 
0.0603429 
0.103303 
0.0939463 
0.0664827 
0.0961239 
0.0437056 
0.0794996 
0.186465 
0.25348 
0.0974385 
0.0699062 
0.0785247 
0.115106 
0.082576 
0.0708885 
0.0740599 
0.035901 
0.0603639 
0.0688235 
0.0312719 
0.0260627 
0.102815 
0.148393 
0.0828709 
0.0968991 
0.106578 
0.0930955 
0.078515 
0.116285 
0.111284 
0.0790045 
0.095357 
0.102993 
0.0993606 
0.154275 
0.157458 
0.0674027 
0.0860818 
0.0973039 
0.0705437 
0.052831 
0.111391 
0.0960173 
0.080962 
0.0563096 
0.0478164 
0.0564785 
0.0659485 
0.0673394 
0.0499194 
0.102128 
0.101896 
0.0572796 
0.124454 
0.0759667 
0.104944 
0.120425 
0.100539 
0.0612999 
0.0771168 
0.161411 
0.170659 
0.315378 
0.10069 
0.110917 
0.0588427 
0.100641 
0.0801415 
0.0822885 
0.0161244 
0.0709575 
0.0588946 
0.0838241 
0.0937275 
0.101227 
0.114137 
0.103467 
0.114155 
0.132036 
0.107143 
0.0397233 
0.079034 
0.0134284 
0.09146 
0.0494492 
0.056812 
0.052144 
0.0977784 
0.15857 
0.0681865 
0.0778155 
0.108787 
0.125329 
0.120916 
0.118557 
0.102916 
0.140143 
0.0716494 
0.0639503 
0.108954 
0.0593245 
0.0889282 
0.0566779 
0.0667465 
0.083842 
0.0768117 
0.0613262 
0.0676026 
0.0953946 
0.101866 
0.0643353 
0.0958166 
0.126506 
0.181788 
0.0669716 
0.106244 
0.12393 
0.116728 
0.0313452 
0.0627408 
0.0702204 
0.0456474 
0.0713355 
0.176295 
0.232415 
0.0827663 
0.113696 
0.0764387 
0.0361138 
0.0973943 
0.155795 
0.132138 
0.0699851 
0.104475 
0.102811 
0.0324558 
0.302554 
0.0604155 
0.192896 
0.0265639 
0.120625 
0.078525 
