0
0.149833 
0.144138 
0.102476 
0.138051 
0.215903 
0.26707 
0.215959 
0.179242 
0.177536 
0.18456 
0.239966 
0.259413 
0.210928 
0.209895 
0.205618 
0.19924 
0.2533 
0.256865 
0.211072 
0.18626 
0.12998 
0.196331 
0.167858 
0.126106 
0.187578 
0.160679 
0.223389 
0.114179 
0.082005 
0.0962548 
0.133507 
0.163595 
0.249207 
0.216091 
0.184654 
0.188067 
0.213738 
0.229382 
0.185618 
0.178961 
0.217454 
0.182224 
0.148459 
0.170292 
0.21636 
0.153739 
0.184949 
0.266588 
0.251323 
0.198032 
0.249869 
0.227666 
0.189475 
0.167791 
0.270897 
0.177056 
0.208746 
0.220357 
0.275226 
0.248648 
0.177998 
0.171147 
0.254013 
0.233143 
0.211699 
0.200978 
0.236704 
0.201032 
0.161079 
0.193577 
0.196125 
0.208754 
0.175473 
0.67764 
0.191667 
0.252925 
0.0516515 
0.103271 
0.175148 
0.207178 
0.228451 
0.225522 
0.215611 
0.201535 
0.145658 
0.178681 
0.114105 
0.110873 
0.171869 
0.147025 
0.15447 
0.170668 
0.185537 
0.146796 
0.172093 
0.16264 
0.148941 
0.184108 
0.190729 
0.167473 
0.0724203 
0.119274 
0.0798939 
0.103388 
0.112807 
0.223896 
0.1569 
0.261706 
0.138999 
0.163844 
0.0963327 
0.18939 
0.16822 
0.163068 
0.175108 
0.230035 
0.248005 
0.19794 
0.186603 
0.216159 
0.189593 
0.149388 
0.174276 
0.143426 
0.131814 
0.145569 
0.156123 
0.208423 
0.203965 
0.183047 
0.195279 
0.154272 
0.177151 
0.10728 
0.11006 
0.102696 
0.148626 
0.141363 
0.184755 
0.149875 
0.207669 
0.228554 
0.233899 
0.246504 
0.227026 
0.246307 
0.213922 
0.134553 
0.146426 
0.248083 
0.219278 
0.135706 
0.156331 
0.177456 
0.144028 
0.137748 
0.15897 
0.156714 
0.194674 
0.19508 
0.245642 
0.182089 
0.115265 
0.143381 
0.104085 
0.163698 
0.270179 
0.231812 
0.116251 
0.0777348 
0.15826 
0.0860455 
0.18195 
0.136609 
0.516311 
0.336498 
0.144155 
0.270181 
0.93096 
0.458499 
0.405899 
0.261189 
0.157375 
0.128441 
0.217893 
0.151751 
0.225873 
0.178748 
0.171662 
0.101017 
0.132546 
0.146197 
0.122487 
0.123748 
0.215633 
0.232983 
0.156947 
0.202558 
0.222091 
0.201925 
0.19661 
0.227376 
0.200303 
0.173285 
0.211705 
0.207561 
0.208395 
0.236097 
0.29229 
0.319263 
0.209378 
0.193405 
0.17941 
0.171743 
0.16971 
0.174279 
0.143606 
0.151774 
0.100599 
0.141737 
0.145807 
0.225374 
0.149805 
0.173237 
0.148457 
0.135395 
0.173664 
0.186112 
0.175167 
0.210022 
0.231074 
0.188607 
0.245407 
0.254619 
0.177795 
0.112254 
0.158377 
0.145203 
0.139041 
0.110811 
0.12606 
0.113521 
0.155397 
0.176144 
0.157188 
0.21627 
0.169777 
0.151365 
0.118884 
