0
0.262695 
0.120215 
0.154211 
0.225329 
0.163266 
0.13517 
0.144005 
0.0731936 
0.0913964 
0.165553 
0.132748 
0.125691 
0.106612 
0.126754 
0.148586 
0.19564 
0.110999 
0.150941 
0.310995 
0.251384 
0.137894 
0.181265 
0.240085 
0.328991 
0.191161 
0.130422 
0.2728 
0.216995 
0.222259 
0.156988 
0.176745 
0.13629 
0.159185 
0.17457 
0.0828379 
0.228564 
0.235018 
0.0785681 
0.173211 
0.210708 
0.17484 
0.162933 
0.120529 
0.104167 
0.13556 
0.0828168 
0.251419 
0.345545 
0.151989 
0.125749 
0.213349 
0.108009 
0.162208 
0.0753437 
0.176869 
0.309464 
0.261358 
0.244232 
0.212936 
0.249424 
0.180069 
0.0424009 
0.181523 
0.136064 
0.11264 
0.151006 
0.180164 
0.251138 
0.105445 
0.113387 
0.189424 
0.166301 
0.232421 
0.155849 
0.187812 
0.126793 
0.0940354 
0.187103 
0.223872 
0.234639 
0.0629234 
0.105503 
0.114139 
0.0817201 
0.083001 
0.137175 
0.18114 
0.0555671 
0.138861 
0.229526 
0.241798 
0.237244 
0.0637668 
0.154053 
0.533321 
0.333484 
0.135468 
0.112352 
0.0799583 
0.0804804 
0.0953297 
0.109671 
0.0913265 
0.118772 
0.097948 
0.0889977 
0.0212598 
0.0957776 
0.0694877 
0.0816469 
0.0761373 
0.102907 
0.117409 
0.066717 
0.100581 
0.0838405 
0.129982 
0.0868208 
0.0924935 
0.0539057 
0.056845 
0.058702 
0.140168 
0.0787579 
0.0878352 
0.087388 
0.0557461 
0.102067 
0.0525775 
0.0562786 
0.379898 
0.246854 
0.0341165 
0.156919 
0.0839016 
0.0644239 
0.0350236 
0.104346 
0.101888 
0.141207 
0.123582 
0.158676 
0.161728 
0.0447524 
0.0442805 
0.022029 
0.0971678 
0.107784 
0.119328 
0.134135 
0.162459 
0.0735776 
0.0838086 
0.122017 
0.241016 
0.28315 
0.105264 
0.176692 
0.11002 
0.114585 
0.147964 
0.108084 
0.172188 
0.105219 
0.299943 
0.143282 
0.161826 
0.168077 
0.101032 
0.121185 
0.131411 
0.0767012 
0.107839 
0.242638 
0.171493 
0.0788563 
0.0866658 
0.0753822 
0.0752984 
0.0718045 
0.134424 
0.462037 
0.358737 
0.288465 
0.261859 
0.165919 
0.0723649 
0.0810018 
0.132028 
0.0954565 
0.128916 
0.0857217 
0.0855233 
0.107668 
0.108691 
0.1705 
0.523956 
0.330225 
0.135954 
0.412992 
0.184784 
0.128259 
0.135759 
0.22655 
0.252533 
0.170681 
0.138979 
0.0558075 
0.116211 
0.159128 
0.0695883 
0.100962 
0.0663883 
0.0518611 
0.0899262 
0.14013 
0.184323 
0.0664418 
0.0570191 
0.10659 
0.0840274 
0.073137 
0.0990155 
0.162005 
0.148311 
0.14364 
0.0652436 
0.176544 
0.182089 
0.0969757 
0.0896248 
0.073532 
0.0792573 
0.0952711 
0.218281 
0.175695 
0.0921377 
0.0996098 
0.0799292 
0.114569 
0.113499 
0.086273 
0.0914126 
0.230381 
0.21429 
0.221017 
0.105404 
0.131394 
0.0382223 
