0
0.0705259 
0.062777 
0.0821461 
0.106799 
0.067219 
0.158287 
0.118548 
0.148254 
0.133453 
0.139972 
0.232294 
0.138911 
0.225696 
0.0901009 
0.162538 
0.128781 
0.185414 
0.188633 
0.064906 
0.233744 
0.417588 
0.37539 
0.215406 
0.23317 
0.099499 
0.146741 
0.202572 
0.149541 
0.47186 
1.18218 
0.296651 
0.410186 
0.252942 
0.251292 
0.167713 
0.241698 
0.382708 
0.146114 
0.062468 
0.193542 
0.103609 
0.684595 
0.304333 
0.472365 
0.739229 
0.674902 
0.084794 
0.0710255 
0.132959 
0.17046 
0.509226 
0.108318 
0.113301 
0.23188 
0.259305 
0.151849 
0.147933 
0.113098 
0.258629 
0.2915 
0.893663 
0.088589 
0.19916 
0.316708 
0.210487 
0.248838 
0.1226 
0.212559 
0.672788 
0.732948 
0.164671 
0.13581 
0.195003 
0.44751 
0.120496 
0.277459 
0.199022 
0.108176 
0.191907 
0.206839 
0.35689 
0.254996 
0.464257 
0.107961 
0.126998 
0.208055 
0.154681 
0.20235 
0.280417 
0.378696 
0.313016 
0.506316 
0.481788 
0.336157 
0.22846 
0.228191 
0.617433 
0.564701 
0.272885 
0.171523 
0.207609 
0.409964 
0.456212 
0.263499 
0.163852 
0.16816 
0.1151 
0.116805 
0.261913 
0.431013 
0.41245 
0.291712 
0.25423 
0.361561 
0.199354 
0.138236 
0.193019 
0.234925 
0.119443 
0.101308 
0.34308 
0.316593 
0.550237 
0.432581 
0.370821 
0.297818 
0.183127 
0.244909 
0.300705 
0.423756 
0.185831 
0.238354 
0.200408 
0.211528 
0.432084 
0.172967 
0.243704 
0.620859 
0.946042 
0.25954 
0.175351 
0.10542 
0.193558 
0.207694 
0.111347 
0.238438 
0.141997 
0.475756 
0.138366 
0.118051 
0.255651 
0.468736 
0.12933 
0.299489 
0.376397 
0.45884 
0.209524 
0.234545 
0.253585 
0.144062 
0.143679 
0.16462 
0.211391 
0.592799 
0.169167 
0.484653 
0.177638 
0.211456 
0.482388 
0.285704 
0.251565 
0.176975 
0.471556 
0.153171 
0.150025 
0.138907 
0.24153 
0.187783 
0.580547 
0.486036 
0.302392 
0.27451 
0.261365 
0.151606 
0.197648 
0.178956 
0.148543 
0.227211 
0.30837 
0.17699 
0.302159 
0.43616 
0.0946479 
0.215101 
0.215112 
0.830847 
0.784577 
0.202511 
0.121792 
0.619108 
0.504638 
0.126248 
0.412136 
0.572094 
0.666613 
0.154938 
0.264203 
0.0702376 
0.129203 
0.352907 
0.135407 
0.410551 
0.362499 
0.354665 
0.246318 
0.362384 
0.192464 
0.246953 
0.473552 
0.468146 
0.707674 
0.253411 
0.070881 
0.48883 
0.149907 
0.239132 
0.232211 
0.227172 
0.18906 
0.134666 
0.135457 
0.250004 
0.235686 
0.268664 
0.458821 
0.295238 
0.0986815 
0.102267 
0.155562 
0.211116 
0.227293 
0.281036 
0.215241 
0.271126 
0.182519 
0.394655 
0.276902 
0.15939 
0.253841 
