0
0.129661 
0.0799022 
0.0690546 
0.0687653 
0.141586 
0.176053 
0.17333 
0.0896922 
0.0662333 
0.0940512 
0.11454 
0.146239 
0.213352 
0.171356 
0.133876 
0.115704 
0.0547931 
0.0490971 
0.155027 
0.168192 
0.091196 
0.124564 
0.138329 
0.164043 
0.174426 
0.152374 
0.144214 
0.133267 
0.166616 
0.182445 
0.146542 
0.143329 
0.101488 
0.162881 
0.135821 
0.0979034 
0.206924 
0.0950901 
0.0702378 
0.128455 
0.111913 
0.127114 
0.173434 
0.134548 
0.192948 
0.113848 
0.199416 
0.134533 
0.137252 
0.112037 
0.0845289 
0.131417 
0.120194 
0.169886 
0.121616 
0.0956991 
0.142247 
0.157885 
0.277085 
0.0940645 
0.0555862 
0.113737 
0.0418305 
0.0934561 
0.0635801 
0.110461 
0.147229 
0.23805 
0.0745474 
0.157046 
0.167592 
0.149565 
0.0959483 
0.0581179 
0.105807 
0.0257704 
0.114395 
0.242193 
0.127704 
0.20323 
0.198038 
0.18242 
0.108055 
0.091412 
0.146435 
0.180133 
0.12507 
0.109253 
0.113151 
0.125687 
0.144911 
0.109424 
0.104179 
0.0827015 
0.0551075 
0.0953698 
0.109534 
0.196442 
0.147038 
0.0731943 
0.268957 
0.215616 
0.285453 
0.123028 
0.212096 
0.323608 
0.191273 
0.127981 
0.209163 
0.14814 
0.130377 
0.121259 
0.0998283 
0.124812 
0.0956948 
0.0273434 
0.0879837 
0.0685097 
0.114693 
0.0940206 
0.0701235 
0.143883 
0.0920837 
0.12762 
0.115055 
0.0913451 
0.0775103 
0.0847659 
0.138797 
0.0418414 
0.113508 
0.13665 
0.0576865 
0.101159 
0.0832418 
0.112839 
0.14489 
0.0851369 
0.0837835 
0.0851801 
0.139822 
0.139755 
0.0499972 
0.0649431 
0.0957278 
0.144911 
0.11525 
0.105513 
0.244182 
0.170016 
0.084349 
0.0791847 
0.102289 
0.242222 
0.0476804 
0.0964471 
0.212346 
0.14817 
0.147282 
0.147022 
0.0879468 
0.207736 
0.141777 
0.127495 
0.0857116 
0.159896 
0.186942 
0.16273 
0.0516749 
0.17192 
0.0474038 
0.0481032 
0.174045 
0.0549584 
0.163604 
0.154182 
0.105203 
0.224635 
0.603137 
0.111962 
0.219861 
0.208046 
0.1863 
0.0342771 
0.0780014 
0.305523 
0.0723588 
0.250344 
0.185896 
0.107465 
0.206759 
0.13877 
0.126615 
0.11576 
0.1704 
0.0932831 
0.0928608 
0.151176 
0.109434 
0.0562809 
0.0896917 
0.100164 
0.0767662 
0.139796 
0.0572018 
0.110741 
0.187003 
0.247033 
0.235129 
0.133848 
0.180183 
0.16585 
0.105727 
0.178585 
0.113118 
0.1615 
0.186233 
0.130267 
0.172803 
0.20062 
0.118469 
0.177141 
0.14528 
0.0689085 
0.189256 
0.286725 
0.182521 
0.385161 
0.279935 
0.286471 
0.181223 
0.154794 
0.199738 
0.142225 
0.113735 
0.116704 
0.170356 
0.0992101 
0.167636 
0.223994 
0.123398 
0.209642 
0.235433 
0.226736 
0.123735 
0.187772 
0.222851 
0.0801025 
0.187494 
