0
0.107077 
0.112568 
0.0865324 
0.0305293 
0.0482894 
0.095453 
0.0552501 
0.0987159 
0.135986 
0.0654843 
0.0794102 
0.124677 
0.097078 
0.103525 
0.128519 
0.0962225 
0.107342 
0.0588407 
0.134434 
0.129803 
0.117651 
0.761227 
0.458513 
0.184454 
0.088346 
0.0792851 
0.0814283 
0.0771957 
0.130744 
0.0708593 
0.128927 
0.0937485 
0.0334898 
0.127697 
0.0622908 
0.17773 
0.287934 
0.0906644 
0.0897408 
0.0722384 
0.119161 
0.103055 
0.113424 
0.0472588 
0.0587296 
0.071809 
0.0261496 
0.101046 
0.0669663 
0.042796 
0.0666483 
0.103092 
0.0819597 
0.108736 
0.104058 
0.107186 
0.0916489 
0.147321 
0.0888464 
0.0668181 
0.0655006 
0.0396678 
0.0700427 
0.0290552 
0.0430569 
0.0498698 
0.103799 
0.116718 
0.0836737 
0.257024 
0.145367 
0.0701294 
0.111895 
0.0543852 
0.0613685 
0.0426601 
0.0557678 
0.0761116 
0.182386 
0.0928599 
0.0735544 
0.0412568 
0.0404463 
0.0317448 
0.0682252 
0.107649 
0.0743321 
0.123643 
0.0888476 
0.104011 
0.0693413 
0.0952649 
0.0378558 
0.133201 
0.0777496 
0.0950204 
0.118989 
0.0284692 
0.0356367 
0.0868822 
0.0548092 
0.137773 
0.0211805 
0.0618988 
0.0339234 
0.0766449 
0.0900584 
0.0328724 
0.072413 
0.101955 
0.0738616 
0.0516298 
0.107524 
0.0873781 
0.0726773 
0.0410056 
0.122157 
0.0820247 
0.125361 
