0
0.182619 
0.482384 
0.189879 
0.295051 
0.295114 
0.330577 
0.470916 
0.263804 
0.350654 
0.30817 
0.201068 
0.224872 
0.307626 
0.421238 
0.29223 
0.185179 
0.0862058 
0.113312 
0.159486 
0.175881 
0.107861 
0.216577 
0.067475 
0.108399 
0.201283 
0.0981754 
0.0744981 
0.249366 
0.150367 
0.105469 
0.112131 
0.193346 
0.144229 
0.11828 
0.0889933 
0.134762 
0.0656106 
0.0918345 
0.0905137 
0.154549 
0.103383 
0.13762 
0.16158 
0.0611906 
0.231673 
0.112347 
0.143491 
0.0879906 
0.055884 
0.127697 
0.18336 
0.0773119 
0.250993 
0.330292 
0.286997 
0.199222 
0.115207 
0.0876027 
0.0799174 
0.230205 
0.124742 
0.163399 
0.0635518 
0.158387 
0.175095 
0.0488715 
0.141732 
0.12337 
0.208218 
0.250178 
0.143131 
0.311905 
0.178351 
0.0911216 
0.0832659 
0.264792 
0.396492 
0.217888 
0.17885 
0.171781 
0.186953 
0.164118 
0.179743 
0.0906684 
0.142759 
0.0675326 
0.11832 
0.115098 
0.077417 
0.0831025 
0.0604258 
0.108256 
0.232382 
0.27395 
0.105884 
0.085637 
0.0769117 
0.164735 
0.11989 
0.111726 
0.10831 
0.151169 
0.157943 
0.448031 
0.380757 
0.263279 
0.0876479 
0.0891893 
0.105527 
0.0264876 
0.080085 
0.138129 
0.199672 
0.0702535 
0.0682576 
0.0719815 
0.0478794 
0.112302 
0.112527 
