0
0.109864 
0.117183 
0.0263434 
0.0146745 
0.0276308 
0.0557237 
0.033678 
0.0323334 
0.048021 
0.139401 
0.0358156 
0.0736231 
0.0455959 
0.0170597 
0.0372034 
0.0442602 
0.0480509 
0.0137571 
0.0678217 
0.0340788 
0.0170204 
0.0380994 
0.0401049 
0.0499123 
0.0461162 
0.0304605 
0.0256038 
0.0350085 
0.0469123 
0.0488705 
0.0560425 
0.0306281 
0.0505697 
0.0464284 
0.0716752 
0.0509663 
0.0320227 
0.0432691 
0.0424793 
0.0809454 
0.0665279 
0.0274969 
0.0388102 
0.0504128 
0.0534112 
0.032639 
0.0532117 
0.0601264 
0.0544795 
0.0642266 
0.0395321 
0.0344381 
0.0302058 
0.0311439 
0.0363756 
0.0627891 
0.0902972 
0.041383 
0.0307889 
0.0242884 
0.0353297 
0.0181017 
0.0252755 
0.0481668 
0.0343852 
0.0490162 
0.0574052 
0.0479935 
0.0667657 
0.0572527 
0.117076 
0.0831349 
0.0612088 
0.035001 
0.0630459 
0.0969296 
0.103661 
0.0457727 
0.025556 
0.0320583 
0.0303316 
0.0633039 
0.0467221 
0.0507721 
0.090648 
0.0704554 
0.0724906 
0.0779481 
0.0395819 
0.0645451 
0.0552869 
0.105577 
0.0483087 
0.0317131 
0.0509674 
0.0874462 
0.0729123 
0.0627125 
0.0960802 
0.0252091 
0.0205235 
0.0464438 
0.0758432 
0.0765487 
0.0899305 
0.0618826 
0.0416247 
0.0673377 
0.0663983 
0.0476224 
0.0927256 
0.0437782 
0.191625 
0.0300462 
0.0494685 
0.0977789 
0.0367695 
0.0580522 
0.0943159 
0.074341 
0.0719393 
0.0996122 
0.0515445 
0.180591 
0.0922703 
0.0637527 
0.0607847 
0.0523269 
0.0399143 
0.0392946 
0.0443652 
0.05196 
0.0404261 
0.0374616 
0.0339276 
0.0301833 
0.0455872 
0.11473 
0.0824382 
0.0537953 
0.0337861 
0.0854253 
0.103146 
0.0654166 
0.0686708 
0.0448582 
0.0227332 
0.0501867 
0.0443721 
0.0199337 
0.0276668 
0.0135402 
0.0136495 
0.0445 
0.0707082 
0.0888406 
0.0827572 
0.0853878 
0.0542641 
0.0309427 
0.0435727 
0.0242023 
0.0973419 
0.0587721 
0.0421654 
0.031758 
0.0873927 
0.0805141 
0.0795271 
0.0482546 
0.0212476 
0.0459098 
0.0403095 
0.0448745 
0.068061 
0.0880685 
0.0439539 
0.0370216 
0.0402388 
0.0446345 
1.11087 
0.282725 
0.088921 
0.0677149 
0.0964327 
0.0224545 
0.055521 
0.107843 
0.0518437 
0.0278766 
0.099546 
0.0374443 
0.0931023 
0.0765023 
0.0741742 
0.0694427 
0.021363 
0.112897 
0.0394814 
