0
0.0993661 
0.11883 
0.173884 
0.0900471 
0.231306 
0.119925 
0.176443 
0.21227 
0.0746678 
0.125828 
0.0410069 
0.392122 
0.638936 
0.20097 
0.17038 
0.117945 
0.0724276 
0.0921287 
0.112252 
0.133001 
0.10979 
0.104011 
0.0976388 
0.0568104 
0.043356 
0.118142 
0.109094 
0.0824223 
0.0508199 
0.0399526 
0.0704388 
0.0588148 
0.0792213 
0.0547017 
0.0426649 
0.0699716 
0.0776807 
0.0485783 
0.0773737 
0.168895 
0.15902 
0.0734219 
0.0362585 
0.0372551 
0.156805 
0.126915 
0.073241 
0.0415715 
0.0287903 
0.0760478 
0.0414767 
0.0619792 
0.0499109 
0.0427523 
0.0529471 
0.0550505 
0.0626097 
0.108009 
0.196841 
0.164744 
0.0834959 
0.0898049 
0.0482156 
0.0111623 
0.0247142 
0.0849173 
0.0983085 
0.127286 
0.0555363 
0.0733772 
0.0845092 
0.114962 
0.238646 
0.261143 
0.113369 
0.0854796 
0.0582977 
0.0522566 
0.0402208 
0.0424487 
0.0327831 
0.023402 
0.0405132 
0.275982 
0.112494 
0.13057 
0.049064 
0.0527342 
0.0166868 
0.0469327 
0.0500258 
0.0694691 
0.146849 
0.186183 
0.0532649 
0.0448464 
0.0777594 
0.0588715 
0.0623463 
0.126127 
0.190769 
0.101865 
0.0666933 
0.0324676 
0.11885 
0.138623 
0.0351276 
0.0417211 
0.0267919 
0.089007 
0.0273673 
0.0579192 
0.14684 
0.0473077 
0.0634805 
0.0474731 
0.0607383 
0.0573158 
0.0463587 
