0
0.106858 
0.0578782 
0.235939 
0.287305 
0.0836223 
0.0886851 
0.0873038 
0.0715994 
0.0328698 
0.0797635 
0.0477752 
0.080313 
0.0742345 
0.117152 
0.119421 
0.0533251 
0.0595165 
0.0969769 
0.0635267 
0.0363812 
0.0226478 
0.0932168 
0.132471 
0.118035 
0.117108 
0.243993 
0.226503 
0.0501362 
0.0241473 
0.0827781 
0.105629 
0.0301815 
0.12518 
0.0893281 
0.128093 
0.030526 
0.0690597 
0.0334167 
0.0376735 
0.0384199 
0.0385419 
0.296692 
0.755834 
1.28162 
0.326702 
0.439943 
0.347716 
0.168486 
0.407825 
0.106087 
0.126318 
0.117019 
0.106932 
0.0672153 
0.0730023 
0.104084 
0.105145 
0.0981988 
0.0352619 
0.0609371 
0.242237 
0.180062 
0.351526 
0.414309 
0.431959 
0.153086 
0.0316891 
0.0590888 
0.112326 
0.0300831 
0.0547922 
0.0195674 
0.00839967 
0.140188 
0.148846 
0.0993334 
0.0660582 
0.0362837 
0.0899965 
0.104399 
0.083387 
0.0856794 
0.0810366 
0.095512 
0.0501629 
0.0561749 
0.139295 
0.182817 
0.291803 
0.370109 
0.261593 
0.431107 
0.26308 
0.1338 
0.0736502 
0.222546 
0.217386 
0.245719 
0.280671 
0.201414 
0.200837 
0.275375 
0.342388 
0.244115 
0.127085 
0.124281 
0.130043 
0.0936579 
0.0608388 
0.196272 
0.219281 
0.125578 
0.0524977 
0.0450653 
0.0605774 
0.091763 
0.188727 
0.182845 
0.149742 
