0
0.104931 
0.161429 
0.0521726 
0.102054 
0.122044 
0.0844226 
0.0674605 
0.0539918 
0.100661 
0.137014 
0.0472836 
0.0737785 
0.0498698 
0.198623 
0.0513381 
0.0650456 
0.089163 
0.0747653 
0.0510184 
0.0694878 
0.0239474 
0.0629699 
0.0322633 
0.0518082 
0.0602818 
0.064564 
0.0431982 
0.0405132 
0.0898603 
0.0396419 
0.079161 
0.0803581 
0.0412252 
0.0586418 
0.0841204 
0.106817 
0.127199 
0.0810656 
0.0361718 
0.0589372 
0.0650951 
0.184675 
0.124658 
0.0556739 
0.0759876 
0.0674924 
0.0677179 
0.080195 
0.0698211 
0.125695 
0.0914906 
0.0893116 
0.0192315 
0.102679 
0.0920144 
0.0964185 
0.0417468 
0.0272485 
0.0288042 
0.0332537 
0.0407704 
0.0325619 
0.108753 
0.0787249 
0.0234047 
0.0428006 
0.0540988 
0.103173 
0.0499267 
0.0796089 
0.060475 
0.0944165 
0.0460806 
0.0549445 
0.0562514 
0.0819349 
0.094711 
0.0586901 
0.0714238 
0.084643 
0.114284 
0.0657583 
0.0605478 
0.0468443 
0.0530692 
0.0340739 
0.0893762 
0.0605537 
0.0644431 
0.0803676 
0.05257 
0.0686058 
0.106658 
0.0539782 
0.0674062 
0.0666166 
0.103786 
0.0648391 
0.0487918 
0.0415497 
0.0646774 
0.034957 
0.103659 
0.104045 
0.0389063 
0.0830352 
0.0748363 
0.0607185 
0.0829111 
0.05384 
0.104983 
0.0382053 
0.0710533 
0.0630589 
0.0607415 
0.0240166 
0.0313968 
0.0841521 
0.0695267 
