0
0.0934766 
0.0288711 
0.0382051 
0.0610788 
0.0552753 
0.12085 
0.0722167 
0.108162 
0.0488644 
0.0643094 
0.0377261 
0.091894 
0.0973743 
0.0459685 
0.0794112 
0.0983234 
0.028859 
0.0373039 
0.100144 
0.0502177 
0.0263981 
0.0307656 
0.03989 
0.0298841 
0.0396449 
0.0378618 
0.0425687 
0.104309 
0.101059 
0.0511153 
0.0560061 
0.0395754 
0.0805519 
0.313547 
0.214727 
0.0989319 
0.0593435 
0.0254025 
0.0373617 
0.0680072 
0.0650004 
0.425734 
0.241513 
0.120326 
0.0684366 
0.121056 
0.479154 
0.265511 
0.217301 
0.0701801 
0.0742587 
0.0809913 
0.124733 
0.17407 
0.197299 
0.214663 
0.200839 
0.0689331 
0.0331917 
0.0429161 
0.0429122 
0.0580453 
0.0431333 
0.08028 
0.0961237 
0.0816233 
0.0566539 
0.0772967 
0.0473569 
0.0789914 
0.130315 
0.0512421 
0.0769382 
0.0566615 
0.0612295 
0.0599516 
0.0931794 
0.125694 
0.0632752 
0.085983 
0.0999951 
0.0762069 
0.103734 
0.058149 
0.0462636 
0.0473087 
0.0573554 
0.0278642 
0.0951688 
0.0595974 
0.0852464 
0.0446592 
0.0825874 
0.623821 
0.434408 
0.0711803 
0.0743404 
0.0886482 
0.176811 
0.19456 
0.0774023 
0.0987452 
0.082959 
0.102811 
0.0930184 
0.116136 
0.0867333 
0.151239 
0.0762179 
0.0738311 
0.0933033 
0.0961771 
0.0983237 
0.123995 
0.0502169 
0.332191 
0.218954 
0.0610759 
0.030684 
