0
0.111423 
0.0995147 
0.0330448 
0.0528499 
0.0615076 
0.0547993 
0.0320138 
0.114795 
0.0739945 
0.054665 
0.0484505 
0.0473347 
0.0730324 
0.281506 
0.16713 
0.0949412 
0.0967362 
0.0417297 
0.0489159 
0.0757088 
0.0278826 
0.0585383 
0.0758128 
0.0185011 
0.0333801 
0.0766244 
0.113646 
0.112674 
0.0614951 
0.0232142 
0.0739093 
0.0570238 
0.0344151 
0.0506068 
0.0817023 
0.0865912 
0.0683302 
0.155421 
0.938896 
0.988108 
0.0822626 
0.0603066 
0.0680114 
0.0644863 
0.0721681 
0.0668875 
0.956157 
0.782323 
0.171149 
0.130194 
0.0820173 
0.103337 
0.120937 
0.0867894 
0.0506402 
0.0337733 
0.0399787 
0.0756957 
0.0550233 
0.0583706 
0.0484694 
0.148884 
0.0630742 
0.0706737 
0.0473172 
0.176309 
0.183718 
0.27797 
0.126414 
0.142798 
0.0433192 
0.0465229 
0.0918139 
0.0489912 
0.0522487 
0.0534571 
0.0485482 
0.0826203 
0.0224902 
0.0306889 
0.112963 
0.0401457 
0.299086 
0.865665 
0.541145 
0.138294 
0.0812529 
0.0977859 
0.0885731 
0.0491371 
0.0381575 
0.0358202 
0.0359973 
0.0456705 
0.053907 
0.0154518 
0.0999894 
0.0523555 
0.0266673 
0.0480696 
0.00903834 
0.0935772 
0.375415 
0.295943 
0.0671086 
0.464914 
0.362555 
0.0431489 
0.0582426 
0.0619485 
0.0619004 
0.0873643 
0.460233 
0.3804 
0.0767521 
0.0739847 
0.0402885 
0.02981 
0.0465069 
0.0523831 
0.0541477 
0.0628835 
0.013088 
0.0282863 
0.0445042 
0.0632963 
0.035916 
0.109464 
0.322243 
0.320207 
0.29723 
0.136073 
0.157072 
0.0934107 
0.0149209 
0.0207513 
0.0538105 
0.0773531 
0.0383078 
0.115172 
0.0640278 
0.0441282 
0.0477516 
0.0884205 
0.081801 
0.0594199 
0.0178228 
0.0367238 
0.046408 
0.0317015 
0.0436446 
0.0647227 
0.0274044 
0.0409114 
0.0405561 
0.049596 
0.0328037 
0.050536 
0.0457487 
0.280998 
0.195975 
0.0616147 
0.049163 
0.0438309 
0.0638182 
0.0443227 
0.0275431 
0.0208239 
0.0732418 
0.0769742 
0.0636384 
0.0448561 
0.0547303 
0.0774382 
0.114839 
0.13588 
0.651189 
0.631612 
0.11305 
0.12024 
0.0657203 
0.0299061 
0.0704626 
0.0173679 
0.037187 
0.0348392 
0.065966 
0.0302814 
0.0630085 
0.0401908 
0.0417221 
0.0333659 
0.0419157 
0.0742498 
0.374025 
0.382677 
0.15213 
0.0561627 
0.0928982 
