0
0.0548985 
0.0345547 
0.0235927 
0.0246978 
0.0346736 
0.015613 
0.0257378 
0.0277186 
0.0369332 
0.0414013 
0.0405767 
0.0325487 
0.0262323 
0.0386744 
0.0534832 
0.0616443 
0.0398004 
0.0144972 
0.0523814 
0.0592217 
0.0355766 
0.0608242 
0.0243189 
0.0271361 
0.0187514 
0.0505459 
0.0429878 
0.0391221 
0.0321488 
0.042296 
0.0356547 
0.0248399 
0.0582082 
0.0286201 
0.0501837 
0.0223579 
0.0312616 
0.14621 
0.0765901 
0.130731 
0.0898319 
0.0932248 
0.0696378 
0.0509986 
0.0321675 
0.0434217 
0.0637018 
0.0266337 
0.0454431 
0.0741553 
0.217562 
0.154418 
0.125511 
0.0161853 
0.0586661 
0.0837532 
0.0163135 
0.0782393 
0.0271115 
0.0628148 
0.0609796 
0.0343859 
0.0723097 
0.0641654 
0.0334854 
0.0795306 
0.0579342 
0.346055 
0.21497 
0.261721 
0.0720944 
0.0280067 
0.0496609 
0.0883748 
0.0793708 
0.158592 
0.170063 
0.0623978 
0.0602319 
0.0213774 
0.0247849 
0.0486781 
0.0482422 
0.0445491 
0.0215125 
0.0803837 
0.150299 
0.0935576 
0.0909739 
0.0617968 
0.0239566 
0.0397551 
0.0337109 
0.0265609 
0.032587 
0.0299162 
0.0544654 
0.22977 
0.3861 
0.291265 
0.156886 
0.0934912 
0.0952476 
0.0442305 
0.0394708 
0.0195341 
0.0505753 
0.0510566 
0.0630793 
0.0836821 
0.0399046 
0.041355 
0.101356 
0.117537 
0.103464 
0.11125 
0.09742 
0.048531 
0.0434284 
