0
0.0562202 
0.0552687 
0.0650198 
0.0296221 
0.044408 
0.0316887 
0.0455725 
0.0449088 
0.0731565 
0.0586074 
0.0851585 
0.0594823 
0.0447592 
0.103963 
0.079738 
0.044344 
0.0266013 
0.0502597 
0.0272362 
0.0251606 
0.0342869 
0.0283906 
0.0798471 
0.0754402 
0.0599937 
0.0608257 
0.0553017 
0.101239 
0.0865656 
0.0272039 
0.0791347 
0.0807121 
0.189841 
0.138157 
0.0898044 
0.138728 
0.066044 
0.0482952 
0.0934229 
0.0615926 
0.0711421 
0.0709507 
0.0773024 
0.0812292 
0.0905751 
0.220461 
0.102367 
0.0960064 
0.0798092 
0.0520401 
0.0503909 
0.110875 
0.084649 
0.0791233 
0.0293191 
0.0796356 
0.0372034 
0.0429449 
0.066203 
0.0474057 
0.0644041 
0.052526 
0.051946 
0.0455889 
0.0245766 
0.044235 
0.0650472 
0.0449152 
0.100507 
0.0305707 
0.0432021 
0.0658625 
0.0677235 
0.0210228 
0.0305303 
0.0520624 
0.0781815 
0.0318808 
0.0592565 
0.0185226 
0.0497343 
0.0677332 
0.0428613 
0.0835114 
0.141788 
0.0973835 
0.118479 
0.170285 
0.115369 
0.0611508 
0.028907 
0.0417716 
0.0366318 
0.0228844 
0.069074 
0.0933177 
0.023739 
0.0564844 
0.050238 
0.0425328 
0.0610357 
0.0832558 
0.0449834 
0.0612213 
0.0281997 
0.0196028 
0.0359229 
0.0432646 
0.0886473 
0.0481595 
0.104147 
0.0468505 
0.0213614 
0.0895849 
0.116521 
0.0868669 
0.0847873 
0.0657125 
0.055619 
