0
0.0714886 
0.112237 
0.183292 
0.0840368 
0.0732155 
0.0594265 
0.0600547 
0.0738248 
0.0608063 
0.0786285 
0.0352738 
0.0312808 
0.0379463 
0.0376544 
0.0612348 
0.044323 
0.0907043 
0.212245 
0.175689 
0.0620872 
0.0625108 
0.0224797 
0.0415593 
0.0930481 
0.0323623 
0.0449986 
0.0259206 
0.0379977 
0.0384226 
0.0947455 
0.0150978 
0.0337789 
0.0277732 
0.0096638 
0.0572263 
0.0629665 
0.0145285 
0.0184614 
0.0741821 
0.0524917 
0.0754396 
0.0914375 
0.138461 
0.187694 
0.197499 
0.0471632 
0.0527922 
0.0404346 
0.0754179 
0.0812026 
0.0598092 
0.0758808 
0.140176 
0.0255833 
0.0782598 
0.0481224 
0.0307325 
0.0376441 
0.0219339 
0.0452248 
0.0493158 
0.11405 
0.101193 
0.0972684 
0.079122 
0.0368536 
0.047405 
0.113072 
0.0744384 
0.069338 
0.0276707 
0.0179354 
0.0561294 
0.0797962 
0.0622362 
0.0990521 
0.0764392 
0.0524414 
0.070408 
0.0629219 
0.0810798 
0.078473 
0.0219868 
0.0496228 
0.0479711 
0.0800408 
0.0397729 
0.0734587 
0.0563477 
0.0476804 
0.0370088 
0.0943879 
0.11269 
0.0922861 
0.107826 
0.0662171 
0.0601398 
0.0308634 
0.0707998 
0.0314647 
0.0414633 
0.0755078 
0.0277841 
0.101713 
0.103396 
0.0946138 
0.126538 
0.0858558 
0.0739477 
0.0589277 
0.17999 
0.168757 
0.0512677 
0.0315097 
0.117332 
0.0716013 
0.0528093 
0.098108 
0.125921 
