0
0.283574 
0.342987 
0.226554 
0.0950661 
0.101765 
0.0945576 
0.0377237 
0.0568412 
0.081466 
0.132217 
0.117212 
0.0827539 
0.0579397 
0.133271 
0.25592 
0.180082 
0.295699 
0.236812 
0.10052 
0.101981 
0.0548299 
0.0697541 
0.0815221 
0.121683 
0.187629 
0.113028 
0.17411 
0.10213 
0.0761395 
0.16798 
0.123295 
0.0902334 
0.149332 
0.127817 
0.128439 
0.115874 
0.107693 
0.110991 
0.0983583 
0.0438962 
0.0693463 
0.0961162 
0.0572359 
0.0727402 
0.128659 
0.11444 
0.0708034 
0.522027 
0.272631 
0.321749 
0.157042 
0.144675 
0.108281 
0.0712799 
0.106992 
0.113702 
0.0863863 
0.149449 
0.159213 
0.13408 
0.153066 
0.306991 
0.187834 
0.101374 
0.0665218 
0.0481952 
0.0541914 
0.0292154 
0.0589464 
0.170453 
0.219539 
0.124301 
0.217749 
0.16846 
0.27311 
0.186877 
0.0793816 
0.145168 
0.12862 
0.0925006 
0.0807923 
0.0537649 
0.0573768 
0.0729786 
0.0665325 
0.0480906 
0.0285357 
0.0653595 
0.0831748 
0.117819 
0.054474 
0.0734354 
0.0564 
0.0907636 
0.176389 
0.359461 
0.145193 
0.15219 
0.0643695 
0.108796 
0.283511 
0.221729 
0.202188 
0.0689918 
0.0765238 
0.0599495 
0.0525627 
0.0678278 
0.155637 
0.0719808 
0.0966409 
0.137386 
0.137012 
0.31853 
0.351928 
0.249132 
0.076411 
0.192671 
0.0970731 
