0
0.415628 
0.982652 
0.654312 
0.246704 
0.0556447 
0.112084 
0.0787527 
0.0748333 
0.03184 
0.0529007 
0.0749086 
0.0247842 
0.0678746 
0.285583 
0.159686 
0.653988 
0.0672919 
0.0532199 
0.0386694 
0.0790592 
0.0151722 
0.0657868 
0.178847 
0.152532 
0.0946486 
0.0664239 
0.0165993 
0.0317732 
0.0696507 
0.0817817 
0.0478565 
0.0367281 
0.0371987 
0.103018 
0.0765345 
0.0235658 
0.0821737 
0.0617172 
0.0792887 
0.154714 
0.0393623 
0.0679371 
0.0819338 
0.0889574 
0.0503414 
0.0717196 
0.1243 
0.0498969 
0.0535239 
0.0898175 
0.0869107 
0.0646823 
0.0238333 
0.133888 
0.448622 
0.15442 
0.0900226 
0.0512748 
0.0898296 
0.042566 
0.0294862 
0.100628 
0.0303816 
0.0554804 
0.0619232 
0.0670707 
0.10713 
0.04486 
0.0642886 
0.0447567 
0.0454744 
0.0582164 
0.0470378 
0.0596622 
0.107059 
0.128465 
0.0926119 
0.0247081 
0.07269 
0.0437349 
0.016781 
0.0390504 
0.0422148 
0.0517839 
0.110249 
0.0513478 
0.098672 
0.0418834 
0.034011 
0.0370642 
0.0635489 
0.02435 
0.0771039 
0.0638102 
0.124563 
0.0481181 
0.049125 
0.0430368 
0.0474553 
0.0348802 
0.0482466 
0.0467453 
0.136081 
0.200196 
0.267396 
0.12604 
0.0678871 
0.0856169 
0.0634782 
0.0638967 
0.0791603 
0.0979435 
0.0533167 
0.0402828 
0.057687 
0.024506 
0.017309 
0.0530462 
0.0244851 
