0
0.0547053 
0.114701 
0.15224 
0.109841 
0.137647 
0.0838138 
0.109239 
0.119474 
0.197588 
0.249216 
0.346505 
0.227033 
0.470863 
0.421482 
0.129134 
0.144399 
0.11705 
0.111038 
0.305396 
0.255247 
0.34309 
0.60233 
0.393173 
0.249458 
0.13568 
0.165568 
0.106569 
0.205133 
0.136778 
0.178775 
0.193841 
0.158847 
0.230773 
0.212184 
0.405936 
0.371912 
0.225903 
0.089242 
0.0868658 
0.145985 
0.235626 
0.237086 
0.0638355 
0.366842 
0.721376 
0.366418 
0.223424 
0.191061 
0.169611 
0.121681 
0.163236 
0.257746 
0.226378 
0.164868 
0.195593 
0.146877 
0.131808 
0.199981 
0.150108 
0.151254 
0.301666 
0.380237 
0.194394 
0.297428 
0.160039 
0.0829884 
0.115811 
0.192701 
0.270782 
0.269846 
0.108787 
0.138061 
0.162474 
0.788613 
0.434415 
0.56235 
0.812171 
1.45185 
0.318189 
0.0593182 
0.115433 
0.0563425 
0.102507 
0.185062 
0.637579 
0.435909 
0.879582 
0.377502 
0.280164 
0.0861782 
0.314884 
0.0508676 
0.189793 
0.155732 
0.194905 
0.537369 
0.165893 
0.242764 
0.4011 
0.369267 
0.112518 
0.129101 
0.175213 
0.111209 
0.109748 
0.16195 
0.17672 
0.130693 
0.0932788 
0.0789827 
0.288559 
0.280651 
0.296783 
0.296288 
0.712103 
0.526113 
0.0808619 
0.163286 
0.24774 
