0
0.0888774 
0.0496859 
0.02502 
0.0559264 
0.0503277 
0.0424062 
0.0211954 
0.0712522 
0.0746444 
0.0818599 
0.070173 
0.100402 
0.0574499 
0.0721898 
0.0797468 
0.136877 
0.0834671 
0.112988 
0.110453 
0.0744303 
0.0788735 
0.112509 
0.0767173 
0.120747 
0.0963207 
0.0754044 
0.055483 
0.0634545 
0.114785 
0.0163696 
0.0534341 
0.033821 
0.0391295 
0.0666444 
0.0651252 
0.0557584 
0.0223352 
0.0930497 
0.0318722 
0.0815573 
0.0198813 
0.0638418 
0.0649412 
0.0826335 
0.0257511 
0.0344414 
0.087968 
0.0268007 
0.0566448 
0.0443876 
0.1124 
0.0269455 
0.0872445 
0.0487344 
0.0541406 
0.0344862 
0.0601046 
0.0741599 
0.0960161 
0.0605226 
0.0556573 
0.0527982 
0.108284 
0.0873457 
0.0769705 
0.0568062 
0.0468495 
0.0225398 
0.0305281 
0.040607 
0.0412797 
0.089393 
0.0627752 
0.0555759 
0.0701593 
0.0585592 
0.111347 
0.0835982 
0.0497534 
0.0911913 
0.0817121 
0.0606005 
0.0424457 
0.0850718 
0.0692973 
0.047156 
0.0673978 
0.142756 
0.0993952 
0.0418609 
0.125193 
0.119461 
0.0870209 
0.0336883 
0.0807906 
0.10622 
0.04908 
0.0524842 
0.1088 
0.114776 
0.0316054 
0.103143 
0.0994519 
0.0927641 
0.0935868 
0.207934 
0.134454 
0.0536334 
0.0987499 
0.0727067 
0.0667074 
0.0529907 
0.0327522 
0.0639681 
0.0854159 
0.0778632 
0.140012 
0.178103 
0.190532 
