0
0.103785 
0.0302336 
0.0492572 
0.0898305 
0.0540824 
0.0316193 
0.0181661 
0.0401877 
0.019828 
0.0383846 
0.048746 
0.0577338 
0.0447645 
0.0499963 
0.0447506 
0.0492059 
0.0277435 
0.0457024 
0.0372544 
0.0180655 
0.0399279 
0.0462584 
0.0320255 
0.0498225 
0.0329908 
0.0268711 
0.0229814 
0.0560915 
0.0330478 
0.078219 
0.0575773 
0.0431332 
0.026927 
0.0678591 
0.0560489 
0.0646571 
0.0700307 
0.0583623 
0.0342034 
0.0390294 
0.0567976 
0.0481987 
0.0493191 
0.027158 
0.0319337 
0.0435281 
0.0685753 
0.093523 
0.0632719 
0.0305405 
0.0836899 
0.0530147 
0.0473374 
0.0410038 
0.0222189 
0.0709652 
0.0817593 
0.0374929 
0.0164684 
0.048472 
0.0339049 
0.0521322 
0.059593 
0.0499457 
0.0304716 
0.0490613 
0.0302177 
0.0652604 
0.0497938 
0.0657242 
0.073957 
0.0325583 
0.0132628 
0.0224014 
0.029422 
0.0131849 
0.0657223 
0.0652048 
0.0137035 
0.0483812 
0.0728666 
0.0291586 
0.0389322 
0.0331985 
0.0662233 
0.0413998 
0.0281114 
0.0425781 
0.0455539 
0.0447008 
0.010616 
0.0289534 
0.0323976 
0.053921 
0.0443655 
0.0147118 
0.0492088 
0.0260522 
0.0344818 
0.0239717 
0.0826977 
0.0417941 
0.0809488 
0.0443377 
0.0359958 
0.0401446 
0.0366933 
0.0250672 
0.0270663 
0.0248569 
0.0187639 
0.0205654 
0.0563142 
0.0249408 
0.036615 
0.0288786 
0.0387034 
0.0284478 
0.0300943 
