0
0.20319 
0.192925 
0.116972 
0.0356525 
0.090936 
0.0752957 
0.0866413 
0.0304437 
0.018856 
0.0205422 
0.0241059 
0.0409454 
0.0524866 
0.0273411 
0.0506746 
0.0436747 
0.0771529 
0.273156 
0.22671 
0.0750292 
0.0635008 
0.0249217 
0.244445 
0.130298 
0.0930331 
0.029533 
0.0448507 
0.0380441 
0.049826 
0.0467682 
0.0160036 
0.0315435 
0.0390503 
0.0234054 
0.0215169 
0.0610296 
0.0490925 
0.164383 
0.177136 
0.196605 
0.324435 
0.17192 
0.133909 
0.119101 
0.0729562 
0.244802 
0.291286 
0.115708 
0.0698264 
0.135376 
0.204522 
0.0559 
0.0387139 
0.0537014 
0.0460196 
0.00927403 
0.0707279 
0.0481739 
0.034663 
0.0219543 
0.0111585 
0.0349174 
0.0429099 
0.0263808 
0.050446 
0.0781673 
0.0980475 
0.0733232 
0.0162736 
0.0601332 
0.0561996 
0.0245219 
0.151995 
0.419614 
0.122967 
0.0702646 
0.0531601 
0.0721089 
0.0683374 
0.0370407 
0.0397194 
0.0450136 
0.0846131 
0.0391473 
0.0410888 
0.0373436 
0.0349252 
0.0344175 
0.02863 
0.0373521 
0.023389 
0.0257178 
0.0334726 
0.0504851 
0.0621621 
0.0455881 
0.0383508 
0.0562939 
0.0653372 
0.0220462 
0.0341363 
0.0567115 
0.0954558 
0.127554 
0.0863769 
0.018061 
0.0673361 
0.0408825 
0.0250345 
0.0448227 
0.0374584 
0.0601269 
0.0542299 
0.0632664 
0.0697932 
0.0517864 
0.0504403 
0.0333185 
0.0373376 
