0
0.104541 
0.0333121 
0.0425376 
0.112617 
0.0741511 
0.0529186 
0.0562834 
0.0583528 
0.0628335 
0.0814215 
0.0665309 
0.0853455 
0.0220397 
0.0513582 
0.0563738 
0.0511076 
0.134059 
0.232683 
0.0757252 
0.0255156 
0.026048 
0.0240506 
0.0607034 
0.0473155 
0.0152011 
0.0467485 
0.0707373 
0.0708075 
0.0875648 
0.0174715 
0.0555676 
0.0499741 
0.0395399 
0.0952584 
0.0721914 
0.048728 
0.0235295 
0.0437411 
0.0378555 
0.0819483 
0.0518121 
0.0222204 
0.093179 
0.142722 
0.0594044 
0.0301616 
0.0327859 
0.0744224 
0.227163 
0.0863829 
0.0737359 
0.0858133 
0.0301424 
0.0386803 
0.0671742 
0.115701 
0.0313973 
0.0986572 
0.116291 
0.0565442 
0.13127 
0.281956 
0.158297 
0.0901758 
0.0878122 
0.032915 
0.0675934 
0.079126 
0.0943375 
0.159484 
0.132949 
0.0696261 
0.113977 
0.0625848 
0.060601 
0.168997 
0.0684595 
0.0953194 
0.116707 
0.107576 
0.119188 
0.176374 
0.238909 
0.0860008 
0.0916684 
0.137312 
0.152086 
0.125501 
0.117436 
0.0297158 
0.0396553 
0.0221914 
0.052268 
0.0798927 
0.0493077 
0.0832463 
0.110793 
0.0663343 
0.0573856 
0.0860635 
0.201155 
0.0824709 
0.145456 
0.0335646 
0.0482818 
0.0505929 
0.0542044 
0.0476619 
0.0319808 
0.0346574 
0.040782 
0.0457124 
0.0222955 
0.0598347 
0.0459895 
0.0555981 
0.0640907 
0.0390419 
0.0672953 
