0
0.0974396 
0.132774 
0.143634 
0.236476 
0.232361 
0.157371 
0.0616987 
0.0872649 
0.122016 
0.0926993 
0.146676 
0.109795 
0.045299 
0.0536537 
0.0528779 
0.0326602 
0.0807891 
0.0876626 
0.0259262 
0.0747411 
0.0920227 
0.0936159 
0.0469839 
0.0596226 
0.0523735 
0.0890223 
0.103631 
0.0426606 
0.0372835 
0.105119 
0.0756552 
0.0465133 
0.0589804 
0.0931323 
0.0758966 
0.106829 
0.0978322 
0.0813328 
0.0463073 
0.0536655 
0.0671166 
0.0356435 
0.0801776 
0.0775817 
0.322989 
0.328505 
0.243964 
0.233585 
0.237162 
0.343339 
0.370798 
0.100428 
0.0625554 
0.180518 
0.149583 
0.106143 
0.0454577 
0.0954137 
0.0859298 
0.161736 
0.126837 
0.0661153 
0.0663245 
0.0636686 
0.0537917 
0.0291398 
0.0927744 
0.11905 
0.0486132 
0.0144768 
0.0675761 
0.0771228 
0.131084 
0.120538 
0.110272 
0.12422 
0.115007 
0.105825 
0.156093 
0.169228 
0.172748 
0.165642 
0.209071 
0.242202 
0.208734 
0.170625 
0.0895528 
0.08634 
0.0695299 
0.0375256 
0.0535379 
0.0753961 
0.0840809 
0.0869922 
0.0960548 
0.0846635 
0.096953 
0.0630883 
0.104881 
0.16736 
0.141144 
0.118248 
0.0725345 
0.0545834 
0.0838994 
0.102245 
0.0358926 
0.0354118 
0.0530334 
0.0380214 
0.0441385 
0.0682304 
0.0532178 
0.0840691 
0.0708032 
0.0769005 
0.0852185 
0.012013 
0.0691655 
