0
0.170518 
0.0702603 
0.0765822 
0.0451809 
0.155849 
0.170576 
0.219746 
0.17408 
0.313178 
0.22008 
0.0409974 
0.136081 
0.0833261 
0.0433915 
0.0893176 
0.0528194 
0.0947842 
0.0907922 
0.105458 
0.130602 
0.0613845 
0.0903656 
0.0490779 
0.0438544 
0.109661 
0.0636827 
0.078806 
0.0541239 
0.0442429 
0.068166 
0.0400315 
0.0342395 
0.0666378 
0.143177 
0.0767728 
0.0361025 
0.0783601 
0.111547 
0.0836988 
0.100479 
0.077545 
0.11431 
0.185658 
0.0789707 
0.0926034 
0.097976 
0.398737 
0.193517 
0.164886 
0.070414 
0.0327041 
0.190282 
0.0773502 
0.0901733 
0.0695552 
0.111227 
0.0612085 
0.0824343 
0.0779842 
0.0597376 
0.046653 
0.0470587 
0.0320225 
0.112224 
0.143822 
0.0502792 
0.159149 
0.114832 
0.0775163 
0.273004 
0.109399 
0.108916 
0.122701 
0.124942 
0.287116 
0.353255 
0.286714 
0.235933 
0.227835 
0.228024 
0.131725 
0.0911548 
0.174993 
0.0885924 
0.241292 
0.134188 
0.0269922 
0.388714 
0.173008 
0.35976 
0.0588875 
0.0395146 
0.157565 
0.184154 
0.0677918 
0.111372 
0.0735319 
0.580541 
0.887929 
0.470284 
0.163073 
0.135857 
0.154439 
0.0888526 
0.100207 
0.130307 
0.083627 
0.278116 
0.0705577 
0.11122 
0.0830873 
0.0507589 
0.0975909 
0.221716 
0.315335 
0.136858 
0.58252 
0.368834 
0.214071 
