0
0.0785772 
0.034824 
0.050888 
0.0689896 
0.0905957 
0.0711633 
0.0409305 
0.0601022 
0.0194611 
0.0884184 
0.0503998 
0.0740825 
0.0917182 
0.0182287 
0.0639638 
0.0567931 
0.049241 
0.0383019 
0.0296417 
0.0442302 
0.0299906 
0.0669369 
0.0749655 
0.0664173 
0.0646863 
0.0137615 
0.0188185 
0.0131843 
0.0586125 
0.0719041 
2.61192 
4.98146 
4.97645 
2.21692 
0.254395 
0.112329 
0.16356 
0.0799424 
0.130068 
0.0965548 
0.0557863 
0.0417972 
0.0374735 
0.0850926 
0.0988231 
0.0725485 
0.108749 
0.0809143 
0.0264923 
0.0521856 
0.0814249 
0.0963957 
0.164333 
0.03015 
0.130353 
0.0995872 
0.10697 
0.0310729 
0.040446 
0.0521031 
0.039065 
0.033056 
0.0251563 
0.0363545 
0.0505724 
0.0115862 
0.0316644 
0.0652608 
0.0186801 
0.0642442 
0.0553073 
0.0431189 
0.0252718 
0.109086 
0.0691909 
0.0251243 
0.0228025 
0.0771971 
0.0312416 
0.0374378 
0.0287851 
0.0358787 
0.0282232 
0.0465094 
0.0427865 
0.00507615 
0.0146608 
0.0282752 
0.0435603 
0.0374958 
0.0561988 
0.10552 
0.0605032 
0.0272013 
0.0505931 
0.0474593 
0.015819 
0.0407742 
0.0420216 
0.0139388 
0.0392208 
0.032052 
0.0417514 
0.0120584 
0.0280181 
0.0643835 
0.0664529 
0.035333 
0.0732966 
0.0597573 
0.0522851 
0.10763 
0.154106 
0.0804469 
0.058141 
0.0470426 
0.0148761 
0.0317301 
0.0297426 
0.0447466 
0.0493343 
0.0257904 
0.0282476 
0.019519 
0.0174114 
0.0510894 
0.0364262 
0.026663 
0.046163 
0.0132364 
0.0247887 
0.0364321 
0.0330308 
0.0164853 
0.037694 
0.0822262 
0.0621449 
0.0668374 
0.038941 
0.0436574 
0.0831684 
0.0614747 
0.0441941 
0.0345975 
0.023008 
0.0424082 
0.0173461 
0.0300001 
0.0422018 
0.0363766 
0.0196232 
0.0320687 
0.0170145 
0.0612733 
0.0569076 
0.0281714 
0.0173681 
0.0484134 
0.0338732 
0.035792 
0.0689927 
0.0813677 
0.0639045 
0.0301474 
0.0583649 
0.0454137 
0.0607299 
0.0222665 
0.0491935 
0.0590017 
0.0317509 
0.0148635 
0.0321655 
0.0704663 
0.0561933 
0.0340641 
0.0281379 
0.0489004 
0.0341259 
0.0289611 
0.0499083 
0.0493545 
0.011845 
0.0924661 
0.0552847 
0.07671 
0.032904 
0.039576 
0.0285639 
0.0712777 
0.0500501 
0.0121656 
0.0249181 
0.0448106 
0.0628188 
0.0370819 
0.0431565 
0.0324404 
0.0436288 
