0
0.054923 
0.0337111 
0.177631 
0.0564875 
0.052245 
0.0744849 
0.0209925 
0.0892537 
0.375916 
0.661839 
0.27335 
0.203394 
0.0969961 
0.0481706 
0.0337103 
0.0904425 
0.0956664 
0.107623 
0.131638 
0.0897495 
0.111271 
0.0496661 
0.0385131 
0.0209307 
0.0501748 
0.0403585 
0.0562978 
0.145219 
0.219844 
0.204324 
0.122669 
0.139103 
0.0893367 
0.059429 
0.0470509 
0.0521893 
0.102684 
0.0479027 
0.0430351 
0.0393835 
0.0574097 
0.0853402 
0.171997 
0.0842475 
0.0584346 
0.0571748 
0.409636 
0.514466 
0.1198 
0.0416796 
0.0543853 
0.15463 
0.0737295 
0.0920615 
0.120637 
0.0164061 
0.0689738 
0.0422681 
0.0392318 
0.018438 
0.0369539 
0.0454544 
0.34699 
0.108593 
0.0907028 
0.0495814 
0.0739417 
0.0554552 
0.0644349 
0.0333431 
0.981669 
0.608843 
0.582665 
0.40104 
0.121825 
0.147105 
0.145759 
0.0800214 
0.163505 
0.564949 
0.355146 
1.31713 
0.467174 
0.18222 
0.0506244 
0.111381 
0.089312 
0.101174 
0.207426 
0.203823 
0.12222 
0.0147408 
0.0319691 
0.0534575 
0.214355 
0.269779 
0.165812 
0.640681 
0.240275 
0.144408 
0.216883 
0.0353708 
0.227666 
0.215657 
0.120168 
0.110373 
0.100469 
0.280525 
0.176945 
0.450986 
0.0850001 
0.0454373 
0.140347 
0.182685 
0.0901857 
0.432296 
0.852475 
0.218146 
0.0686856 
