0
0.102077 
0.073288 
0.0365174 
0.0765155 
0.0926445 
0.0366913 
0.0155095 
0.0838687 
0.0877417 
0.0332033 
0.0449402 
0.0683657 
0.0868229 
0.0426296 
0.0583083 
0.0583955 
0.216001 
0.256529 
0.0610298 
0.0453125 
0.0552737 
0.0255788 
0.0542846 
0.0462653 
0.0661885 
0.130382 
0.157398 
0.160804 
0.173024 
0.138425 
0.0546656 
0.0514499 
0.0553567 
0.031794 
0.0269934 
0.00422159 
0.0337035 
0.0600938 
0.122667 
0.134169 
0.140605 
0.12568 
0.167376 
0.101124 
0.0703268 
0.0838164 
0.431713 
0.605027 
0.258521 
0.148125 
0.120992 
0.0959373 
0.0684705 
0.0655264 
0.0851842 
0.0541514 
0.0251907 
0.11338 
0.0544518 
0.0221402 
0.052338 
0.00262493 
0.0394018 
0.115317 
0.0369309 
0.055341 
0.107945 
0.0615755 
0.0334237 
0.0336271 
0.0338978 
0.0314075 
0.0325978 
0.0623622 
0.0375355 
0.117063 
0.158511 
0.0743056 
0.0299289 
0.0513212 
0.0480998 
0.0229861 
0.0421645 
0.144229 
0.228451 
0.0710351 
0.0317115 
0.059051 
0.0696925 
0.0557085 
0.0437099 
0.247192 
0.483452 
0.314109 
0.26426 
0.0733516 
0.0415801 
0.0186343 
0.0237494 
0.0746005 
0.133136 
0.066147 
0.166413 
0.0879064 
0.143714 
0.081403 
0.0646239 
0.149943 
0.150416 
0.098103 
0.0608439 
0.0692894 
0.0542426 
0.0950573 
0.109151 
0.111261 
0.159857 
0.064767 
0.12623 
