0
0.0916411 
0.066443 
0.0803384 
0.0922282 
0.105632 
0.0816452 
0.124215 
0.0717668 
0.124353 
0.217884 
0.103453 
0.235024 
0.255771 
0.118216 
0.134454 
0.134169 
0.253407 
0.108392 
0.274887 
0.277715 
0.104931 
0.0896764 
0.19989 
0.17507 
0.0356152 
0.106897 
0.238747 
0.296136 
0.131992 
0.158509 
0.0584757 
0.22427 
0.0987712 
0.160322 
0.258066 
0.13799 
0.316282 
0.313515 
0.124837 
0.0654733 
0.320225 
0.27503 
0.115421 
0.209772 
0.240184 
0.285183 
0.138365 
0.106741 
0.279129 
0.272694 
0.137139 
0.113176 
0.352345 
0.156642 
0.158963 
0.0535348 
0.174796 
0.0422644 
0.215774 
0.0909712 
0.14273 
0.210609 
0.317514 
0.149438 
0.134174 
0.14634 
0.24557 
0.140202 
0.238225 
0.123974 
0.107417 
0.114013 
0.2233 
0.281868 
0.154103 
0.0997287 
0.298913 
0.205522 
0.224812 
0.465917 
0.397445 
0.15652 
0.283979 
0.170146 
0.216833 
0.143895 
0.349957 
0.178423 
0.196921 
0.16784 
0.0918704 
0.247248 
0.308331 
0.119129 
0.158437 
0.591124 
0.41696 
0.160207 
0.136245 
0.274705 
0.150651 
0.178886 
0.234609 
0.305448 
0.111346 
0.138611 
0.0877197 
0.26107 
0.269817 
0.142164 
0.140994 
0.183505 
0.285529 
0.122714 
0.244375 
0.236936 
0.21288 
0.291041 
0.115165 
