0
1.15709 
0.34214 
0.102157 
0.0864404 
0.0831081 
0.105304 
0.218692 
0.12536 
0.0560419 
0.0520733 
0.0751703 
0.122063 
0.258858 
0.157517 
0.0703896 
0.0772564 
0.0589392 
0.0872264 
0.0991628 
0.196228 
0.153919 
0.154927 
0.176667 
0.171151 
0.120338 
0.0569959 
0.0811613 
0.121297 
0.189602 
0.281584 
0.175842 
0.16051 
0.078176 
0.106154 
0.118558 
0.0424961 
0.0839278 
0.118793 
0.0565728 
0.152027 
0.166422 
0.118593 
0.136864 
0.12772 
0.188084 
0.0850657 
0.0892464 
0.122944 
0.129334 
0.17096 
0.196472 
0.148619 
0.181925 
0.381435 
0.536514 
0.184974 
0.21365 
0.309188 
0.107891 
0.159164 
0.0662923 
0.0924166 
0.0732317 
0.077454 
0.107503 
0.156091 
0.115144 
0.119345 
0.175822 
0.14909 
0.0710844 
0.119971 
0.127494 
0.113452 
0.0694071 
0.0374717 
0.0417081 
0.105551 
0.047985 
0.120719 
0.0558116 
0.073046 
0.115603 
0.131808 
0.207499 
0.0598248 
0.112874 
0.14975 
0.271789 
0.162994 
0.179645 
0.0500102 
0.098955 
0.212521 
0.226486 
0.103755 
0.0760526 
0.131574 
0.0605983 
0.0401793 
0.0942275 
0.104949 
0.085428 
0.118213 
0.0860948 
0.125005 
0.148579 
0.07265 
0.124122 
0.322439 
0.0403607 
0.186595 
0.20208 
0.140102 
0.259767 
0.0716597 
0.143244 
0.165086 
0.0932265 
0.122924 
0.106415 
0.0664583 
0.0650913 
0.0409798 
0.0611511 
0.0335918 
0.10318 
0.0946583 
0.120065 
0.0992717 
0.127368 
0.0950414 
0.0347712 
0.0700682 
0.0547766 
0.0888349 
0.0711262 
0.124166 
0.054079 
0.0905084 
0.0835113 
0.0410136 
0.127267 
0.136077 
0.0558239 
0.106844 
0.0797976 
0.0820389 
0.0302989 
0.0688989 
0.123086 
0.110071 
0.113088 
0.0980511 
0.0934452 
0.0903721 
0.0982371 
0.0594882 
0.0498509 
0.158367 
0.110984 
0.110151 
0.112085 
0.0560196 
0.0395401 
0.0441061 
0.0664003 
0.0242257 
0.113545 
0.079173 
0.0552173 
0.0633576 
0.0589677 
0.0428048 
0.0794075 
0.120454 
0.116967 
0.108684 
0.0701421 
