0
1.06003 
0.291129 
0.140101 
0.112874 
0.0600579 
0.0620508 
0.0500417 
0.121921 
0.0877114 
0.093341 
0.109004 
0.102868 
0.0869015 
0.0534493 
0.0926552 
0.117246 
0.0971815 
0.0451402 
0.0988783 
0.0792741 
0.0418925 
0.0353159 
0.0733933 
0.0737351 
0.0296049 
0.0424228 
0.097811 
0.137501 
0.0319758 
0.147568 
0.098408 
0.0921439 
0.0726385 
0.0532343 
0.156063 
0.0710684 
0.109896 
0.0752993 
0.0538333 
0.0589004 
0.0703725 
0.0552039 
0.0329856 
0.0679441 
0.0721402 
0.0769745 
0.0517945 
0.086225 
0.0497425 
0.0514236 
0.0708462 
0.0747466 
0.0897649 
0.0983349 
0.0962856 
0.0645099 
0.0404037 
0.108978 
0.046504 
0.155919 
0.0675142 
0.0805559 
0.1074 
0.0789455 
0.0854993 
0.044012 
0.0812431 
0.112927 
0.0387647 
0.0399023 
0.0898247 
0.196386 
0.0207869 
0.0357936 
0.104287 
0.133401 
0.0324076 
0.00328655 
0.105029 
0.1028 
0.0960694 
0.064484 
0.0669107 
0.0268733 
0.0942211 
0.0644041 
0.0833968 
0.0830165 
0.0990677 
0.125062 
0.106001 
0.128446 
0.0835088 
0.13163 
0.0712834 
0.0271419 
0.0627227 
0.114499 
0.0905239 
0.114783 
0.0811915 
0.0584632 
0.0699869 
0.0768899 
0.0735804 
0.0556637 
0.0577569 
0.0569717 
0.0600203 
0.0405816 
0.0477028 
0.087363 
0.0253402 
0.148556 
0.076819 
0.0971717 
0.0220168 
0.0903979 
0.0515636 
0.0460903 
0.0510837 
0.0593507 
0.0294725 
0.0643919 
0.0425523 
0.0795424 
0.0450523 
0.0952364 
0.0542995 
0.155535 
0.0880684 
0.0654049 
0.129093 
0.118943 
0.252241 
0.132363 
0.0907606 
0.0518559 
0.130676 
0.0777428 
0.166665 
0.107237 
0.0793888 
0.106358 
0.0894525 
0.0835818 
0.0743353 
0.196429 
0.351095 
0.198895 
0.131302 
0.149895 
0.212211 
0.340136 
0.297805 
0.159518 
0.164416 
0.146805 
0.13532 
0.17227 
0.158366 
0.0582859 
0.153035 
0.056195 
0.10607 
0.0661121 
0.106004 
0.0728697 
0.0478495 
0.0787866 
0.0827625 
0.109807 
0.12046 
0.0938244 
0.118298 
0.0541885 
0.0760982 
0.0442864 
0.0997719 
