0
0.864575 
0.0940286 
0.060546 
0.0723131 
0.0448221 
0.0374362 
0.0867708 
0.0729281 
0.0473977 
0.102643 
0.100923 
0.0963285 
0.108463 
0.0707894 
0.0509418 
0.0550409 
0.101234 
0.0740736 
0.0876234 
0.0836242 
0.0964208 
0.105046 
0.174882 
0.0595674 
0.101308 
0.139738 
0.10072 
0.0969358 
0.0694089 
0.0761071 
0.0465957 
0.0719877 
0.12542 
0.0849132 
0.145733 
0.11228 
0.162459 
0.0936552 
0.107666 
0.28862 
0.594054 
0.34655 
0.0790708 
0.116286 
0.068567 
0.0696309 
0.153737 
0.0963378 
0.0790505 
0.073685 
0.0642717 
0.0993887 
0.064267 
0.096119 
0.0736095 
0.0686739 
0.0954634 
0.127987 
0.131868 
0.0552597 
0.0819675 
0.0943123 
0.0979476 
0.0356826 
0.048043 
0.100782 
0.0711218 
0.0733405 
0.0473028 
0.0380275 
0.0704368 
0.289138 
0.120674 
0.112279 
0.12706 
0.105881 
0.0865422 
0.0780829 
0.145995 
0.0747606 
0.0670025 
0.0886303 
0.0347798 
0.159086 
0.0725637 
0.0999383 
0.131751 
0.0967633 
0.0724091 
0.16327 
0.112133 
0.298372 
0.0465017 
0.0425821 
0.184367 
0.105761 
0.0601828 
0.0716307 
0.153891 
0.0772014 
0.0600639 
0.0550072 
0.0460228 
0.0786061 
0.0442339 
0.0499948 
0.108999 
0.0759995 
0.0564467 
0.0778457 
0.0553977 
0.0649372 
0.218037 
0.0740915 
0.0775514 
0.058053 
0.0581341 
0.0885754 
0.072354 
0.0384313 
0.101034 
0.137675 
0.0383069 
0.0945877 
0.147081 
0.102788 
0.109416 
0.122214 
0.111582 
0.0630525 
0.0689457 
0.0348332 
0.0399557 
0.0594249 
0.0439906 
0.106168 
0.0722447 
0.0812042 
0.068436 
0.034147 
0.0557354 
0.0911922 
0.0674774 
0.0441194 
0.0461106 
0.0446511 
0.0331222 
0.129263 
0.0958066 
0.14506 
0.12372 
0.0459542 
0.0497828 
0.0296039 
0.0309237 
0.0439274 
0.0619465 
0.0488939 
0.0763421 
0.0130794 
0.0609876 
0.133997 
0.0961585 
0.0611295 
0.049153 
0.0471524 
0.0650675 
0.0956549 
0.111779 
0.0529142 
0.0742363 
0.104045 
0.0624328 
0.0706638 
0.0844319 
0.0626297 
0.0594911 
0.0605095 
0.127216 
