0
1.12762 
0.351792 
0.189687 
0.0737546 
0.128917 
0.437157 
0.291503 
0.217503 
0.0748551 
0.0710373 
0.0596536 
0.0521115 
0.070923 
0.139071 
0.159373 
0.0160258 
0.0791433 
0.108001 
0.096981 
0.081388 
0.068458 
0.123687 
0.159023 
0.172428 
0.0503048 
0.0689444 
0.115529 
0.0523701 
0.349033 
0.2733 
0.121097 
0.10872 
0.0982839 
0.0700807 
0.090082 
0.106578 
0.0592541 
0.0642142 
0.0709267 
0.0714191 
0.139057 
0.0545482 
0.123581 
0.404282 
0.140544 
0.116546 
0.0855245 
0.0694193 
0.0631456 
0.0320521 
0.0638905 
0.0778728 
0.0460472 
0.0621144 
0.0849595 
0.0464311 
0.0559919 
0.0677556 
0.1105 
0.0658489 
0.0876822 
0.0635567 
0.13846 
0.159412 
0.209506 
0.182401 
0.123623 
0.0973313 
0.0762212 
0.188678 
0.179584 
0.126266 
0.18853 
0.179017 
0.111334 
0.124597 
0.141366 
0.1393 
0.204897 
0.213222 
0.260971 
0.203087 
0.124423 
0.195425 
0.149628 
0.164722 
0.240004 
0.213427 
0.235958 
0.171398 
0.175198 
0.265556 
0.263726 
0.103396 
0.216613 
0.178803 
0.138706 
0.329426 
0.20418 
0.205068 
0.129058 
0.184568 
0.0961278 
0.0802391 
0.0757449 
0.143652 
0.0612893 
0.0957774 
0.139698 
0.203462 
0.0905751 
0.118718 
0.46905 
0.383266 
0.0881018 
0.150228 
0.0851701 
0.103168 
0.112546 
0.0378295 
0.071024 
0.136663 
0.0909877 
0.0643431 
0.0478533 
0.0861596 
0.0982494 
0.103456 
0.132043 
0.186545 
0.231476 
0.144701 
0.162326 
0.185642 
0.296259 
0.118545 
0.114086 
0.0768831 
0.039438 
0.115115 
0.122506 
0.0693619 
0.075757 
0.0154734 
0.20823 
0.242705 
0.141702 
0.162947 
0.12728 
0.124798 
0.217004 
0.23087 
0.199018 
0.18173 
0.104593 
0.101593 
0.0473046 
0.0737856 
0.0859354 
0.106767 
0.0738037 
0.0825387 
0.0889808 
0.0728235 
0.0275915 
0.0805219 
0.0713833 
0.060988 
0.0848881 
0.115588 
0.0647001 
0.0790071 
0.0674669 
0.0878279 
0.0409066 
0.0847295 
0.0410506 
0.074913 
0.0701589 
