0
0.628098 
0.462995 
0.155196 
0.294042 
0.121182 
0.114716 
0.103887 
0.214276 
0.434375 
0.322677 
0.235959 
0.204602 
0.0760388 
0.111798 
0.179553 
0.209451 
0.0572515 
0.142331 
0.205908 
0.254135 
0.242406 
0.161131 
0.0481002 
0.143495 
0.209274 
0.188745 
0.0730156 
0.138659 
0.374283 
0.205226 
0.316378 
0.230681 
0.293315 
0.149969 
0.115551 
0.0842978 
0.110949 
0.0960557 
0.532193 
0.130801 
0.221917 
0.264312 
0.21287 
0.17388 
0.333952 
0.673341 
0.234178 
0.223579 
0.246405 
0.128172 
0.0643712 
0.0515298 
0.136541 
0.0880235 
0.143005 
0.0855443 
0.276343 
0.18676 
0.206087 
0.0527178 
0.150256 
0.0590355 
0.108966 
0.224648 
0.295379 
0.335577 
0.63976 
0.267714 
0.130889 
0.231401 
0.304253 
0.323992 
0.252897 
0.137974 
0.073508 
0.102113 
0.142901 
0.135222 
0.253835 
0.106213 
0.212783 
0.209357 
0.177065 
0.342367 
0.381817 
0.370195 
0.262276 
0.259099 
0.352145 
0.238659 
0.128817 
0.292512 
0.422938 
0.135015 
0.107744 
0.302385 
0.217395 
0.0512881 
0.50275 
0.172815 
0.0984881 
0.106032 
0.133584 
0.154055 
0.103831 
0.0523798 
0.330993 
0.102615 
0.776009 
0.0889047 
0.0513834 
0.256881 
0.0962875 
0.0464192 
0.12368 
0.0340847 
0.20661 
0.169577 
0.130319 
0.339026 
0.0881264 
0.183826 
0.214604 
0.0793025 
0.103637 
0.132934 
0.087448 
0.0864573 
0.136468 
0.140238 
0.0915992 
0.0618251 
0.0626149 
0.104797 
0.105371 
0.181556 
0.268113 
0.204946 
0.125328 
0.148341 
0.196753 
0.313781 
0.348615 
0.281859 
0.1343 
0.03671 
0.138645 
0.303408 
0.217029 
0.266911 
0.289507 
0.137024 
0.302935 
0.29094 
0.213544 
0.420925 
0.667634 
0.579467 
0.494479 
0.0828297 
0.182467 
0.330963 
0.199344 
0.117054 
0.124855 
0.594608 
0.204471 
0.168146 
0.194565 
0.237674 
0.262984 
0.208574 
0.404926 
0.481543 
0.211396 
0.0887257 
0.0609749 
0.119947 
0.0806433 
