0
0.810566 
0.170838 
0.0388887 
0.0648224 
0.131088 
0.264395 
0.15664 
0.0902244 
0.0978713 
0.13155 
0.13494 
0.0937031 
0.233396 
0.0701509 
0.18708 
0.0987103 
0.0834164 
0.0897113 
0.2156 
0.177577 
0.22071 
0.188901 
0.0813727 
0.0329037 
0.0596762 
0.11283 
0.335389 
0.275598 
0.159599 
0.130854 
0.0841048 
0.0748619 
0.0958308 
0.136471 
0.127557 
0.194323 
0.165216 
0.164524 
0.0663044 
0.175682 
0.0919489 
0.1174 
0.161204 
0.177567 
0.199478 
0.219379 
0.0947784 
0.0625861 
0.14889 
0.0938226 
0.0518227 
0.0726284 
0.105742 
0.107538 
0.152352 
0.103612 
0.0632735 
0.156813 
0.114402 
0.10648 
0.0715363 
0.0210376 
0.0357734 
0.101257 
0.0541913 
0.128633 
0.144122 
0.144813 
0.136279 
0.0798047 
0.126821 
0.30995 
0.102982 
0.147483 
0.257657 
0.214263 
0.0999719 
0.110005 
0.127841 
0.14436 
0.104908 
0.108169 
0.0545336 
0.152593 
0.265428 
0.242468 
0.0785079 
0.115102 
0.257234 
0.198589 
0.179993 
0.208322 
0.129753 
0.159007 
0.19498 
0.235715 
0.333151 
0.328575 
0.135398 
0.108677 
0.137827 
0.335814 
0.226407 
0.11546 
0.148864 
0.237567 
0.288405 
0.270187 
0.0804735 
0.148461 
0.0736453 
0.185533 
0.128731 
0.112254 
0.290961 
0.531139 
0.449065 
0.181983 
0.0886446 
0.0974797 
0.187865 
0.128681 
0.201348 
0.20411 
0.135794 
0.0552617 
0.0625314 
0.185487 
0.165905 
0.179794 
0.05872 
0.134014 
0.126658 
0.0991915 
0.229058 
0.172453 
0.143063 
0.186635 
0.119163 
0.227302 
0.180825 
0.0924801 
0.0405549 
0.0469334 
0.0958541 
0.0795743 
0.229586 
0.310456 
0.310119 
0.342701 
0.214043 
0.20262 
0.130978 
0.107261 
0.0958529 
0.260163 
0.327923 
0.190695 
0.178158 
0.101811 
0.0320798 
0.0504174 
0.0400978 
0.070354 
0.154118 
0.212506 
0.18975 
0.185199 
0.267809 
0.192471 
0.118217 
0.136542 
0.0464322 
0.0831362 
0.246146 
0.355306 
0.357988 
0.312596 
0.369998 
