0
1.20502 
0.347796 
0.135249 
0.0592528 
0.0949751 
0.0607719 
0.0440562 
0.113441 
0.069473 
0.0691556 
0.162921 
0.0702824 
0.0901229 
0.0376298 
0.0792201 
0.0810921 
0.149059 
0.0812266 
0.0805674 
0.084461 
0.107453 
0.0807941 
0.0805179 
0.0518857 
0.0383718 
0.0504095 
0.0484078 
0.0176152 
0.0558168 
0.0490062 
0.0693875 
0.0438815 
0.118635 
0.153985 
0.0996994 
0.132512 
0.0807832 
0.066871 
0.065278 
0.10614 
0.0719633 
0.0943077 
0.0655309 
0.167272 
0.176045 
0.0759026 
0.123909 
0.115804 
0.090831 
0.0755617 
0.0783961 
0.0478777 
0.0864986 
0.0840017 
0.0553184 
0.167836 
0.16026 
0.116833 
0.0948397 
0.131705 
0.0604507 
0.0396902 
0.0972376 
0.141917 
0.145771 
0.0685609 
0.0568941 
0.0555677 
0.0665452 
0.149091 
0.0580229 
0.144399 
0.0815904 
0.0859824 
0.14519 
0.149854 
0.079987 
0.0938235 
0.210348 
0.125499 
0.159813 
0.1484 
0.181307 
0.213284 
0.0906294 
0.372067 
0.369458 
0.15478 
0.0659805 
0.16803 
0.114497 
0.162128 
0.10442 
0.180701 
0.344066 
0.078259 
0.0799656 
0.0671784 
0.139661 
0.205728 
0.0906281 
0.125795 
0.10997 
0.0856436 
0.0851354 
0.14831 
0.113018 
0.0598192 
0.105892 
0.178188 
0.113786 
0.0354095 
0.129749 
0.0453664 
0.0821749 
0.0768671 
0.141199 
0.0847561 
0.249567 
0.974998 
0.3538 
0.133247 
0.0905645 
0.0726526 
0.0399898 
0.0539374 
0.0663752 
0.0603254 
0.039998 
0.0571859 
0.0586576 
0.0427702 
0.0667615 
0.137877 
0.104406 
0.115479 
0.131304 
0.0968134 
0.116899 
0.0396089 
0.0956576 
0.0685519 
0.0495849 
0.0588157 
0.131746 
0.115069 
0.0494764 
0.133625 
0.170867 
0.030016 
0.104142 
0.0413288 
0.098305 
0.0497875 
0.0619199 
0.0404083 
0.0994171 
0.0372503 
0.0272704 
0.0723004 
0.0820898 
0.0500964 
0.0640142 
0.0622806 
0.0717889 
0.0845539 
0.0482329 
0.0905051 
0.0890445 
0.064549 
0.0672524 
0.0778365 
0.127023 
0.0699705 
0.0496423 
0.108292 
0.0538491 
0.0847739 
0.025159 
