0
0.624324 
0.294628 
0.296312 
0.182454 
0.200694 
0.263826 
0.0580881 
0.152782 
0.190907 
0.418868 
0.238204 
0.142538 
0.171431 
0.2519 
0.165319 
0.262859 
0.301421 
0.18363 
0.0848599 
0.0941439 
0.123773 
0.182269 
0.123259 
0.0484677 
0.105595 
0.0900516 
0.0973318 
0.153265 
0.163394 
0.123633 
0.218412 
0.16034 
0.216691 
0.105223 
0.118416 
0.0441546 
0.107097 
0.125618 
0.117003 
0.0739257 
0.125933 
0.0932361 
0.0983077 
0.0700586 
0.0477462 
0.126747 
0.0744733 
0.0955874 
0.133547 
0.108097 
0.111848 
0.0785847 
0.110681 
0.0892285 
0.0624101 
0.0735514 
0.0467396 
0.077534 
0.0571242 
0.080466 
0.135554 
0.0667329 
0.0508518 
0.115326 
0.237033 
0.0969396 
0.113604 
0.161279 
0.176426 
0.138128 
0.152139 
0.0295683 
0.0566384 
0.0820939 
0.101264 
0.0714867 
0.0929255 
0.170253 
0.226819 
0.205709 
0.217088 
0.166759 
0.0492651 
0.176511 
0.131772 
0.0824689 
0.135564 
0.141108 
0.0941811 
0.166893 
0.122132 
0.21659 
0.216125 
0.28601 
0.211479 
0.193421 
0.17974 
0.0948895 
0.142516 
0.241883 
0.0220589 
0.175034 
0.148543 
0.10826 
0.0844329 
0.0959427 
0.216825 
0.117085 
0.0758398 
0.0937688 
0.0892258 
0.138881 
0.200819 
0.179158 
0.121637 
0.0369518 
0.106116 
0.162742 
0.185936 
0.180897 
0.122402 
0.14611 
0.203912 
0.154191 
0.0815087 
0.0961594 
0.153464 
0.116366 
0.18339 
0.101421 
0.200914 
0.194829 
0.104318 
0.124268 
0.102878 
0.065153 
0.0706854 
0.0922055 
0.0928543 
0.189447 
0.227921 
0.235881 
0.150531 
0.100422 
0.0384285 
0.102176 
0.0672517 
0.169973 
0.130225 
0.183538 
0.202886 
0.247265 
0.253274 
0.219704 
0.127395 
0.203818 
0.105514 
0.147903 
0.179763 
0.155196 
0.201565 
0.298287 
0.273751 
0.183044 
0.126542 
0.234308 
0.20345 
0.108726 
0.113367 
0.0556899 
0.117014 
0.162478 
0.171712 
0.17684 
0.139963 
0.0878376 
0.077723 
0.150284 
0.116082 
