0
0.994364 
0.174001 
0.0437117 
0.111046 
0.0548372 
0.0993791 
0.0617529 
0.0873557 
0.0777495 
0.0717807 
0.100584 
0.105709 
0.0392878 
0.0643807 
0.0449418 
0.0763694 
0.0812745 
0.0982626 
0.0697232 
0.0714824 
0.0615232 
0.0881954 
0.0704999 
0.0531477 
0.0796335 
0.0636352 
0.0486481 
0.0820208 
0.0445433 
0.0398573 
0.0835372 
0.0948654 
0.0882862 
0.0616865 
0.0671198 
0.123743 
0.0426296 
0.0607502 
0.0857141 
0.200408 
0.111374 
0.255022 
0.112197 
0.136748 
0.109796 
0.124677 
0.169803 
0.127082 
0.112373 
0.0630291 
0.123676 
0.149813 
0.0877137 
0.0691219 
0.0826118 
0.126564 
0.124959 
0.0729626 
0.104319 
0.216623 
0.135998 
0.101926 
0.0725502 
0.0972427 
0.053818 
0.180329 
0.0930924 
0.0778268 
0.160996 
0.0982593 
0.112861 
0.056374 
0.511422 
0.155865 
0.089122 
0.128668 
0.0701248 
0.121257 
0.0541227 
0.0714471 
0.118497 
0.0721924 
0.0519318 
0.0451624 
0.100695 
0.0246547 
0.0606103 
0.040155 
0.062993 
0.165196 
0.123881 
0.225716 
0.0904439 
0.140029 
0.144876 
0.116291 
0.0995246 
0.140375 
0.119863 
0.0958767 
0.0519551 
0.0823354 
0.042876 
0.0471863 
0.0511955 
0.0983513 
0.0464736 
0.0520193 
0.0795952 
0.0680605 
0.0849819 
0.0762989 
0.029427 
0.117602 
0.0885099 
0.110326 
0.124129 
0.0697966 
0.139059 
0.167042 
0.0861463 
0.0756634 
0.231044 
0.442178 
0.113908 
0.127187 
0.101972 
0.0515677 
0.0680798 
0.0623482 
0.0337112 
0.0509694 
0.0347731 
0.0946323 
0.0927244 
0.0911539 
0.0428429 
0.140109 
0.0986021 
0.107002 
0.108665 
0.116454 
0.067586 
0.0219555 
0.0990493 
0.0696093 
0.123806 
0.0831906 
0.222962 
0.287546 
0.143334 
0.0997777 
0.0419715 
0.0731627 
0.0702511 
0.0760743 
0.0568321 
0.0638483 
0.158348 
0.0475764 
0.0433625 
0.0693 
0.144642 
0.0878415 
0.126873 
0.0684096 
0.16177 
0.179926 
0.121889 
0.112485 
0.125028 
0.219587 
0.046013 
0.0542736 
0.111461 
0.0890388 
0.0673416 
0.076149 
0.0848084 
