0
1.09553 
0.141605 
0.101796 
0.0873063 
0.0871321 
0.0994442 
0.0902161 
0.0727601 
0.0847537 
0.0230875 
0.0812187 
0.0367105 
0.137108 
0.106298 
0.0948999 
0.105739 
0.0422121 
0.0624616 
0.0606782 
0.141914 
0.0611185 
0.0681338 
0.0437529 
0.0319559 
0.0129488 
0.0463817 
0.072015 
0.0606284 
0.0867049 
0.0666707 
0.0434125 
0.0508883 
0.0532702 
0.0447827 
0.0638376 
0.0346555 
0.0369048 
0.0563347 
0.0349164 
0.0186936 
0.0664866 
0.0970031 
0.111139 
0.0343503 
0.0276961 
0.0540486 
0.0864794 
0.0951049 
0.037754 
0.0671469 
0.0980954 
0.0550578 
0.0603584 
0.0515176 
0.0543167 
0.0476956 
0.0693363 
0.0527105 
0.030943 
0.138205 
0.104137 
0.0588179 
0.0893802 
0.0639015 
0.0564977 
0.0476337 
0.098413 
0.110736 
0.0661736 
0.040299 
0.0697419 
0.115775 
0.0514992 
0.0626032 
0.0452807 
0.0837827 
0.0881356 
0.180361 
0.0951159 
0.0474322 
0.0480855 
0.125581 
0.115667 
0.0938386 
0.0957144 
0.167647 
0.231662 
0.236267 
0.242451 
0.171219 
0.107689 
0.189221 
0.103361 
0.0469356 
0.0396467 
0.221231 
0.0614644 
0.087907 
0.0408249 
0.0619149 
0.0143232 
0.0566486 
0.0459223 
0.1044 
0.106305 
0.075626 
0.0824695 
0.0928274 
0.094123 
0.0670437 
0.102668 
0.118397 
0.0701891 
0.083391 
0.0714307 
0.0822109 
0.0495714 
0.0347254 
0.0430305 
0.0726784 
0.0593462 
0.0497103 
0.0392275 
0.0192567 
0.0173445 
0.0599196 
0.0395447 
0.0739312 
0.0426872 
0.045013 
0.0555112 
0.066374 
0.0919662 
0.0663819 
0.0565047 
0.0777461 
0.0901211 
0.0614713 
0.0723302 
0.0972961 
0.100474 
0.0384899 
0.044801 
0.034399 
0.0854444 
0.0696082 
0.080109 
0.0752534 
0.151638 
0.117029 
0.114739 
0.0855009 
0.13517 
0.130493 
0.0835012 
0.0464793 
0.0556443 
0.0797813 
0.0610236 
0.0795961 
0.0433569 
0.105276 
0.0979099 
0.103346 
0.0485062 
0.0265903 
0.100334 
0.095854 
0.0503253 
0.072056 
0.094727 
0.0616393 
0.0358565 
0.0707212 
0.106169 
0.0662512 
0.119384 
0.0404855 
0.0651158 
