0
0.899093 
0.146277 
0.0993443 
0.156468 
0.220705 
0.0884251 
0.156013 
0.200518 
0.0532835 
0.0519561 
0.148943 
0.254332 
0.368541 
0.473426 
0.111269 
0.115283 
0.146826 
0.0885975 
0.221936 
0.15974 
0.0714458 
0.149922 
0.0663283 
0.179901 
0.124634 
0.103842 
0.056121 
0.0919213 
0.0384093 
0.112769 
0.189518 
0.161802 
0.251439 
0.230361 
0.106827 
0.414798 
0.195298 
0.07414 
0.12338 
0.0684644 
0.327349 
0.278799 
0.213939 
0.0959485 
0.130111 
0.126703 
0.207257 
0.0915472 
0.296935 
0.265188 
0.231941 
0.201368 
0.167278 
0.18181 
0.0994088 
0.117753 
0.139532 
0.159805 
0.0965749 
0.104056 
0.143202 
0.132358 
0.257617 
0.127917 
0.0790485 
0.0905837 
0.0500743 
0.156538 
0.117792 
0.132384 
0.139737 
0.12854 
0.186215 
0.0960296 
0.0916024 
0.0664665 
0.142295 
0.134913 
0.0936643 
0.194894 
0.0456225 
0.183812 
0.0857633 
0.0832596 
0.0540396 
0.0421908 
0.0994789 
0.167615 
0.0808717 
0.179591 
0.148272 
0.176035 
0.290076 
0.0872378 
0.184428 
0.322743 
0.287974 
0.165532 
0.317109 
0.507549 
0.230209 
0.127387 
0.216376 
0.118564 
0.129458 
0.121414 
0.141346 
0.226441 
0.287539 
0.170669 
0.30599 
0.108589 
0.151331 
0.178232 
0.173333 
0.121229 
0.111665 
0.174663 
0.126789 
0.233949 
0.150526 
0.0627614 
0.159173 
0.349619 
0.459176 
0.330685 
0.587689 
0.211361 
0.130207 
0.142676 
0.136956 
0.0836745 
0.0644723 
0.146053 
0.0710486 
0.142587 
0.0974138 
0.228745 
0.151456 
0.117501 
0.247597 
0.0805502 
0.0893114 
0.159404 
0.134903 
0.058642 
0.0681984 
0.0594766 
0.0988393 
0.216499 
0.09897 
0.149094 
0.347975 
0.142756 
0.393785 
0.244542 
0.353451 
0.219269 
0.3289 
0.225651 
0.185816 
0.196335 
0.188002 
0.162742 
0.139325 
0.217342 
0.226155 
0.106187 
0.165856 
0.0742961 
0.0555592 
0.0476586 
0.0922245 
0.129013 
0.12349 
0.0926712 
0.181335 
0.0669959 
0.0690754 
