0
0.991411 
0.307246 
0.038098 
0.0809427 
0.0560433 
0.0403298 
0.0686907 
0.0381614 
0.093678 
0.0930502 
0.0829923 
0.0468556 
0.0613096 
0.0779763 
0.0347402 
0.0536199 
0.138676 
0.110651 
0.0768411 
0.0992013 
0.0526526 
0.014884 
0.0424725 
0.0560869 
0.0438039 
0.0948039 
0.0796127 
0.0337202 
0.0264746 
0.0593159 
0.06787 
0.0795917 
0.0694645 
0.0494339 
0.0334702 
0.0471864 
0.0595974 
0.0452935 
0.0483158 
0.0450688 
0.0760004 
0.0236294 
0.0515875 
0.032445 
0.0662897 
0.0612551 
0.0640895 
0.0290254 
0.0491405 
0.0572331 
0.0754397 
0.0550872 
0.0352287 
0.0355664 
0.0442043 
0.0385711 
0.071469 
0.0176778 
0.0624637 
0.0340194 
0.0480148 
0.0737157 
0.0593028 
0.0538766 
0.0525037 
0.0390029 
0.0735154 
0.0554975 
0.0433584 
0.0385284 
0.0430523 
0.0523436 
0.0256561 
0.032155 
0.04447 
0.0536726 
0.0513452 
0.0805551 
0.0664453 
0.054559 
0.065754 
0.0980457 
0.0539849 
0.0799647 
0.161409 
0.0497412 
0.0310641 
0.123373 
0.193712 
0.123666 
0.164987 
0.0608843 
0.0375762 
0.0480748 
0.0575638 
0.171687 
0.0794381 
0.0717977 
0.0317424 
0.0801067 
0.0683562 
0.0822725 
0.0680409 
0.056844 
0.0310818 
0.0387637 
0.0532768 
0.0565065 
0.0439193 
0.0297241 
0.0317917 
0.0424505 
0.0586543 
0.0602102 
0.0257722 
0.0635366 
0.0670242 
0.0367013 
0.0935644 
0.138193 
0.100459 
0.0734807 
0.0493634 
0.0458972 
0.0567919 
0.0936892 
0.0715911 
0.108432 
0.179243 
0.185851 
0.0685466 
0.0577125 
0.0645343 
0.0749128 
0.207786 
0.105605 
0.0857811 
0.055915 
0.104476 
0.0557743 
0.0451583 
0.0524108 
0.0736272 
0.0666307 
0.0642686 
0.0592837 
0.075092 
0.0658636 
0.0314702 
0.0462197 
0.0497098 
0.0660794 
0.0407973 
0.0445552 
0.0496503 
0.0546868 
0.0731722 
0.0714972 
0.0222538 
0.029815 
0.0795983 
0.0608169 
0.0419088 
0.0682511 
0.0507529 
0.0510761 
0.0654317 
0.0830334 
0.0880355 
0.041666 
0.0353355 
0.0402732 
0.0589868 
0.0183176 
0.0203234 
0.0335625 
0.051028 
0.046909 
0.0675053 
