0
1.14329 
0.342113 
0.13955 
0.2035 
0.0480462 
0.125204 
0.151031 
0.0775575 
0.160108 
0.0911512 
0.103003 
0.074134 
0.0969101 
0.0527804 
0.0457097 
0.0761912 
0.123395 
0.0744036 
0.0897949 
0.110484 
0.167104 
0.0849328 
0.0807394 
0.0495871 
0.100349 
0.0429335 
0.122545 
0.0515454 
0.0425438 
0.0664672 
0.037201 
0.0746193 
0.108176 
0.0634046 
0.138924 
0.158578 
0.116214 
0.0795632 
0.0840771 
0.148178 
0.136508 
0.0545759 
0.0855173 
0.165998 
0.117602 
0.0833695 
0.200669 
0.0970436 
0.168742 
0.126228 
0.0724217 
0.0817891 
0.073089 
0.138865 
0.11669 
0.122967 
0.0804461 
0.228404 
0.0765893 
0.131438 
0.0390145 
0.0858902 
0.104686 
0.129937 
0.113901 
0.218821 
0.13204 
0.0541413 
0.113002 
0.115406 
0.127209 
0.121836 
0.0694409 
0.118038 
0.0723296 
0.0802273 
0.0755548 
0.0689839 
0.109651 
0.101745 
0.0819601 
0.125688 
0.20641 
0.178307 
0.0539271 
0.121548 
0.0834419 
0.120004 
0.13652 
0.189678 
0.154454 
0.0782893 
0.114761 
0.146469 
0.0735374 
0.065422 
0.0272218 
0.0830266 
0.0221237 
0.161424 
0.119282 
0.0839531 
0.111919 
0.146918 
0.107221 
0.113002 
0.157808 
0.0499251 
0.101145 
0.08726 
0.0886716 
0.143336 
0.180932 
0.153149 
0.123998 
0.175485 
0.0902938 
0.0700552 
0.167283 
0.196083 
0.199883 
0.147661 
0.15994 
0.179942 
0.290268 
0.283994 
0.0805807 
0.120598 
0.0972079 
0.12701 
0.09558 
0.021056 
0.0982121 
0.175442 
0.130432 
0.0699499 
0.139937 
0.198815 
0.211383 
0.124841 
0.223489 
0.124895 
0.146148 
0.239921 
0.285168 
0.0527944 
0.140384 
0.0912645 
0.164455 
0.104815 
0.0972104 
0.156065 
0.223501 
0.123384 
0.145915 
0.106281 
0.100991 
0.104388 
0.195448 
0.21669 
0.165051 
0.139262 
0.156888 
0.186452 
0.137464 
0.100228 
0.104372 
0.0443985 
0.0842732 
0.0848637 
0.105405 
0.0717584 
0.0997372 
0.061134 
0.0651761 
0.0985251 
0.236153 
0.0966595 
0.13783 
