0
1.39544 
0.187453 
0.0769281 
0.043968 
0.0512246 
0.0577242 
0.0882827 
0.051816 
0.0419281 
0.0259615 
0.0511506 
0.0737949 
0.027143 
0.0170737 
0.030053 
0.0333194 
0.033386 
0.0384275 
0.0727845 
0.0535127 
0.0352806 
0.0698802 
0.0480478 
0.0608166 
0.0444858 
0.0486012 
0.0332956 
0.061677 
0.0419286 
0.0433025 
0.0394851 
0.0768092 
0.0834908 
0.0697576 
0.0487308 
0.113212 
0.0842218 
0.0767211 
0.115724 
0.057602 
0.0264177 
0.105874 
0.0833329 
0.0210124 
0.0126642 
0.0217181 
0.0284747 
0.0303758 
0.0345164 
0.0628722 
0.0800421 
0.142662 
0.0513892 
0.10498 
0.100912 
0.0389009 
0.0558161 
0.0683867 
0.0947618 
0.100465 
0.12044 
0.0297259 
0.0489859 
0.0662762 
0.0755634 
0.0706108 
0.0382248 
0.0276872 
0.057698 
0.0617705 
0.0994242 
0.0458261 
0.0866166 
0.0589934 
0.0675923 
0.0712165 
0.0463768 
0.0543631 
0.0617514 
0.0777123 
0.0463858 
0.0607285 
0.0557381 
0.101063 
0.109672 
0.126464 
0.176401 
0.0955406 
0.0618595 
0.098617 
0.0990379 
0.146895 
0.032245 
0.145576 
0.133431 
0.0494942 
0.134662 
0.095918 
0.0878868 
0.109625 
0.204267 
0.0771985 
0.132058 
0.107712 
0.0867814 
0.0939561 
0.0341446 
0.165482 
0.213847 
0.0533787 
0.0267755 
0.0379444 
0.108811 
0.0692075 
0.0552505 
0.0529545 
0.0484035 
0.0583721 
0.0708437 
0.0882916 
0.0531509 
0.0249596 
0.0482104 
0.0491667 
0.0475568 
0.0377966 
0.0542739 
0.0273146 
0.075605 
0.0647363 
0.0650091 
0.053468 
0.0855489 
0.0813066 
0.0661364 
0.0495288 
0.0428375 
0.0484317 
0.0523013 
0.0577952 
0.0500389 
0.0371566 
0.031556 
0.0331087 
0.0221128 
0.0235616 
0.0314315 
0.0182586 
0.0397807 
0.0412623 
0.0363062 
0.0451171 
0.0509237 
0.0840207 
0.0707865 
0.0720405 
0.0790496 
0.0674908 
0.0653622 
0.0438948 
0.0616303 
0.0583976 
0.116955 
0.132014 
0.0600878 
0.0535304 
0.0240766 
0.0298982 
0.0373897 
0.0257938 
0.0546532 
0.031392 
0.0863038 
0.112994 
0.0350874 
0.0211846 
0.0373812 
0.047439 
0.0622429 
