0
1.07259 
0.162982 
0.111093 
0.0553529 
0.114872 
0.085693 
0.0963072 
0.0932641 
0.0605902 
0.0497519 
0.100747 
0.130468 
0.115421 
0.114251 
0.0705454 
0.101563 
0.0913916 
0.0592406 
0.0808614 
0.108574 
0.0818026 
0.077642 
0.0832852 
0.136384 
0.134681 
0.145832 
0.0782849 
0.073636 
0.0357394 
0.0832198 
0.103302 
0.0226309 
0.10204 
0.153381 
0.080709 
0.0658411 
0.133393 
0.121844 
0.0607615 
0.085027 
0.0507823 
0.050817 
0.0595172 
0.11287 
0.117621 
0.123119 
0.153582 
0.105835 
0.104635 
0.117436 
0.171093 
0.157238 
0.0267283 
0.154977 
0.144821 
0.0854875 
0.100273 
0.148478 
0.0840836 
0.0765346 
0.0563853 
0.104554 
0.0809178 
0.0651356 
0.0337155 
0.114239 
0.106191 
0.259939 
0.175478 
0.564779 
0.454639 
0.160525 
0.244152 
0.114727 
0.118497 
0.0805667 
0.086347 
0.196632 
0.137597 
0.0352959 
0.120061 
0.191779 
0.143628 
0.112864 
0.0981559 
0.0884946 
0.127868 
0.162451 
0.18995 
0.123477 
0.141142 
0.20924 
0.0736054 
0.221196 
0.223444 
0.195853 
0.212724 
0.267908 
0.144038 
0.0938148 
0.0948 
0.118037 
0.0825386 
0.115473 
0.118117 
0.099471 
0.19341 
0.0905367 
0.0499265 
0.0843659 
0.0657464 
0.0859793 
0.0656369 
0.0283676 
0.0866229 
0.0807941 
0.19681 
0.0840135 
0.112059 
0.139425 
0.0604272 
0.0662799 
0.0661063 
0.0721272 
0.0856982 
0.0772406 
0.0937952 
0.0834919 
0.104459 
0.078543 
0.0553205 
0.111368 
0.0774252 
0.0573127 
0.114825 
0.170156 
0.0834027 
0.0487942 
0.0832757 
0.120304 
0.0291541 
0.0539641 
0.0570436 
0.0740964 
0.0858838 
0.0375621 
0.0686765 
0.0641178 
0.108261 
0.0667996 
0.0594767 
0.0746503 
0.0381425 
0.0883607 
0.152431 
0.1353 
0.0613312 
0.0847793 
0.0477513 
0.0324933 
0.061878 
0.0751699 
0.0317397 
0.160143 
0.124708 
0.0614802 
0.0643506 
0.064835 
0.0892685 
0.0870226 
0.141166 
0.0519989 
0.0892983 
0.120301 
0.106307 
0.0812158 
0.0386885 
0.0763712 
0.171602 
