0
1.26653 
0.282634 
0.098777 
0.10841 
0.163755 
0.106956 
0.0421579 
0.0934892 
0.137102 
0.057621 
0.0826306 
0.120769 
0.0883821 
0.100401 
0.0839016 
0.0832019 
0.0771882 
0.0804599 
0.0668238 
0.0968573 
0.165626 
0.0556612 
0.0806856 
0.0511458 
0.0256102 
0.0726771 
0.0708485 
0.053711 
0.046428 
0.0468739 
0.0841232 
0.0588139 
0.0460085 
0.0393172 
0.0628233 
0.0437874 
0.271757 
0.164258 
0.0441688 
0.0635104 
0.126214 
0.0733139 
0.0854128 
0.0476918 
0.0596305 
0.0494545 
0.0822878 
0.0673177 
0.0644899 
0.0320291 
0.0919785 
0.142448 
0.0635846 
0.0520816 
0.0649847 
0.112451 
0.105609 
0.122218 
0.0823624 
0.117297 
0.101284 
0.0321497 
0.0757173 
0.0686955 
0.132012 
0.156177 
0.128534 
0.185243 
0.202635 
0.0859129 
0.0700217 
0.071862 
0.0727099 
0.038141 
0.0734199 
0.159122 
0.107953 
0.282215 
0.118179 
0.247999 
0.0539076 
0.0259389 
0.0656111 
0.192114 
0.203667 
0.0616186 
0.125631 
0.047211 
0.0776685 
0.128413 
0.151888 
0.0437787 
0.113924 
0.0670878 
0.061025 
0.0288659 
0.0935113 
0.0920825 
0.0678389 
0.0793934 
0.113632 
0.0784763 
0.0669162 
0.0956971 
0.104249 
0.0886166 
0.0699649 
0.0623739 
0.0934064 
0.0980608 
0.0885843 
0.155566 
0.126875 
0.224197 
0.10798 
0.0817038 
0.11248 
0.173103 
0.131289 
0.135378 
0.11228 
0.0954039 
0.112599 
0.0892755 
0.0755487 
0.0788633 
0.0699377 
0.0658162 
0.06032 
0.0984231 
0.0946579 
0.0753809 
0.0357866 
0.0576716 
0.0781494 
0.0575558 
0.123162 
0.0683287 
0.0576123 
0.0448321 
0.0479755 
0.0862063 
0.0605158 
0.0529449 
0.0771192 
0.297438 
0.201355 
0.0509309 
0.0430225 
0.118904 
0.086889 
0.013621 
0.0455498 
0.0915477 
0.0760155 
0.0624999 
0.113555 
0.0441652 
0.0545774 
0.128794 
0.172634 
0.0506359 
0.0605595 
0.0310865 
0.0741957 
0.102773 
0.0595439 
0.0540685 
0.0819017 
0.0605329 
0.102791 
0.0842119 
0.0749847 
0.0963051 
0.0627124 
0.0607316 
0.107005 
0.141603 
0.0861152 
