0
1.14757 
0.278481 
0.0771542 
0.0843771 
0.0603789 
0.0504182 
0.08487 
0.109196 
0.101299 
0.123325 
0.0896482 
0.0675819 
0.0930164 
0.0548928 
0.103256 
0.0835207 
0.11649 
0.0763355 
0.172025 
0.077785 
0.17251 
0.0770963 
0.146628 
0.0959984 
0.0648008 
0.061843 
0.0369435 
0.0724023 
0.0928997 
0.146903 
0.0898396 
0.127338 
0.171512 
0.100035 
0.0763965 
0.136163 
0.104486 
0.126656 
0.120923 
0.18443 
0.200586 
0.113878 
0.18236 
0.117428 
0.109087 
0.0852339 
0.0654964 
0.101209 
0.202562 
0.173344 
0.134264 
0.132149 
0.110893 
0.220911 
0.129359 
0.135437 
0.075596 
0.137855 
0.24995 
0.356025 
0.125244 
0.235868 
0.157827 
0.18842 
0.129879 
0.0823088 
0.19071 
0.0614078 
0.135818 
0.119866 
0.0731999 
0.0553957 
0.220123 
0.152172 
0.0934473 
0.276083 
0.182036 
0.280434 
0.241024 
0.180912 
0.211884 
0.230645 
0.141448 
0.09426 
0.12466 
0.101745 
0.179402 
0.180628 
0.187169 
0.15428 
0.225539 
0.213861 
0.159672 
0.0708354 
0.139249 
0.164966 
0.131665 
0.217322 
0.383663 
0.255324 
0.109386 
0.132525 
0.0955569 
0.211831 
0.129086 
0.143301 
0.115236 
0.0906662 
0.202382 
0.265967 
0.203433 
0.107602 
0.254222 
0.118616 
0.0971788 
0.183479 
0.298284 
0.218937 
0.182632 
0.147789 
0.221396 
0.155566 
0.117808 
0.121631 
0.138998 
0.0649815 
0.131875 
0.101172 
0.213123 
0.136614 
0.163838 
0.0986747 
0.0676436 
0.0801108 
0.129087 
0.142313 
0.1193 
0.0967159 
0.0942496 
0.172018 
0.135667 
0.16535 
0.169013 
0.0846607 
0.0623178 
0.277461 
0.209341 
0.233219 
0.10826 
0.142151 
0.145826 
0.203431 
0.102765 
0.15895 
0.107531 
0.0852501 
0.132658 
0.0661346 
0.0462735 
0.0320128 
0.0495113 
0.0432873 
0.0718901 
0.0522961 
0.0938749 
0.0481089 
0.0636973 
0.0566217 
0.070712 
0.0699682 
0.0728427 
0.0534612 
0.0929881 
0.0601408 
0.0744379 
0.112878 
0.0965329 
0.0720757 
0.128597 
