0
0.877347 
0.272314 
0.265373 
0.129605 
0.09422 
0.076067 
0.136705 
0.124923 
0.0667188 
0.0633656 
0.0496602 
0.0650112 
0.141687 
0.112803 
0.104617 
0.110225 
0.135545 
0.107959 
0.0501842 
0.0865604 
0.099447 
0.11405 
0.259858 
0.0406906 
0.101393 
0.117514 
0.100188 
0.142151 
0.117196 
0.071634 
0.184878 
0.145246 
0.197386 
0.14112 
0.106048 
0.0798036 
0.0885164 
0.0777684 
0.117903 
0.208221 
0.303546 
0.0827142 
0.0589371 
0.0769223 
0.0741096 
0.0844131 
0.101746 
0.0612293 
0.142604 
0.277058 
0.133563 
0.0849363 
0.0967514 
0.0979902 
0.267045 
0.142278 
0.922402 
0.266517 
0.235672 
0.134921 
0.146525 
0.277929 
0.129407 
0.0627289 
0.0894092 
0.0665723 
0.0571822 
0.0961355 
0.12697 
0.0906198 
0.114675 
0.117508 
0.0759998 
0.142927 
0.156122 
0.146092 
0.173251 
0.0952574 
0.0745001 
0.0918904 
0.121729 
0.0865803 
0.0605373 
0.0802025 
0.0453685 
0.105416 
0.109862 
0.0587894 
0.0864621 
0.191204 
0.146433 
0.140566 
0.0920447 
0.104404 
0.075215 
0.128061 
0.191499 
0.172564 
0.138862 
0.206141 
0.78616 
0.393604 
0.271986 
0.103862 
0.100723 
0.159369 
0.132198 
0.227031 
0.274114 
0.107943 
0.105974 
0.0827518 
0.143862 
0.111228 
0.0542084 
0.0709973 
0.0638271 
0.0539789 
0.0523039 
0.0778084 
0.0869433 
0.0958728 
0.0580062 
0.0379651 
0.103141 
0.0975303 
0.0674379 
0.249885 
0.144207 
0.0943358 
0.0588538 
0.079569 
0.136095 
0.0839692 
0.0634091 
0.0693535 
0.100571 
0.0648472 
0.0479493 
0.0474501 
0.0355395 
0.0397422 
0.0914214 
0.16094 
0.0625175 
0.131048 
0.0858699 
0.0657882 
0.0446202 
0.0668908 
0.0672051 
0.0247591 
0.0494327 
0.0412127 
0.0837526 
0.0672663 
0.0644952 
0.0769636 
0.0297388 
0.0620772 
0.0484526 
0.0875752 
0.0656505 
0.0362344 
0.505808 
0.26972 
0.180045 
0.0881193 
0.0546331 
0.0807105 
0.0347953 
0.0295735 
0.0469233 
0.11974 
0.149251 
0.201811 
0.0461442 
0.0580634 
0.0573163 
