0
0.924568 
0.0904113 
0.0436137 
0.0451922 
0.0519531 
0.046648 
0.0616481 
0.0678306 
0.127885 
0.0804248 
0.0779367 
0.0618929 
0.0388668 
0.060294 
0.0551838 
0.040812 
0.0503221 
0.0230937 
0.0563852 
0.0712584 
0.0959144 
0.0912131 
0.0898443 
0.0244891 
0.0241351 
0.0368218 
0.0569108 
0.082118 
0.0462162 
0.0528105 
0.0735894 
0.0313113 
0.0651995 
0.0638446 
0.0513522 
0.0348419 
0.103087 
0.0907927 
0.0499389 
0.0389908 
0.0654227 
0.0479085 
0.0390483 
0.0347798 
0.0394421 
0.127583 
0.192988 
0.0650338 
0.107092 
0.11067 
0.0461449 
0.0651168 
0.0330219 
0.0498521 
0.0314532 
0.0999305 
0.0421521 
0.0355298 
0.0298108 
0.0867161 
0.21698 
0.14969 
0.0983066 
0.0919426 
0.0374787 
0.0868471 
0.0628441 
0.127883 
0.180457 
0.0727471 
0.0661011 
0.0784419 
0.0728052 
0.0151412 
0.0576489 
0.0328179 
0.0379756 
0.0445205 
0.0410031 
0.0631121 
0.0406526 
0.06034 
0.0594421 
0.0244082 
0.0392168 
0.0233216 
0.0675405 
0.147511 
0.157665 
0.670101 
0.321994 
0.105381 
0.136586 
0.102126 
0.354308 
0.148677 
0.0569508 
0.122991 
0.116035 
0.0890976 
0.0403094 
0.073838 
0.0411538 
0.0702767 
0.0489924 
0.0771892 
0.0419085 
0.12348 
0.0769456 
0.0477577 
0.0706149 
0.0708416 
0.0630552 
0.0500391 
0.0911224 
0.0614287 
0.0408641 
0.0533124 
0.0380562 
0.0415496 
0.123628 
0.0900744 
0.101765 
0.0959254 
0.0842829 
0.0535927 
0.0462178 
0.0776833 
0.0690243 
0.0554484 
0.0333903 
0.0979811 
0.049441 
0.0259899 
0.0574206 
0.0497874 
0.104464 
0.0571658 
0.0882945 
0.0798612 
0.0548795 
0.0650196 
0.0854743 
0.0617542 
0.0684123 
0.159598 
0.0294081 
0.150592 
0.139566 
0.0806018 
0.106452 
0.0676777 
0.133696 
0.0907092 
0.106654 
0.095288 
0.106025 
0.0757087 
0.17119 
0.0313442 
0.0578242 
0.0398803 
0.0601457 
0.0575982 
0.0566606 
0.0447436 
0.0940335 
0.0432363 
0.0324918 
0.0252904 
0.0710152 
0.133626 
0.103139 
0.0524581 
0.0532213 
0.0663396 
0.0382307 
0.114001 
0.10034 
