0
1.21666 
0.284973 
0.10342 
0.0483282 
0.0750193 
0.0835156 
0.125987 
0.101416 
0.0375815 
0.148743 
0.0727143 
0.0390359 
0.0954432 
0.0446841 
0.0378766 
0.0354754 
0.137772 
0.127043 
0.118933 
0.065006 
0.0857382 
0.126396 
0.0655059 
0.0809598 
0.181736 
0.0983634 
0.0668578 
0.0621562 
0.112957 
0.013917 
0.1054 
0.137641 
0.0306631 
0.109889 
0.0965729 
0.0889081 
0.0810703 
0.060741 
0.0333472 
0.047841 
0.110704 
0.082928 
0.150504 
0.0652626 
0.0610452 
0.0978303 
0.0571114 
0.0654159 
0.0643633 
0.0363221 
0.0520548 
0.104391 
0.112931 
0.0342186 
0.0526525 
0.0714319 
0.0504482 
0.0621459 
0.0834028 
0.0860739 
0.0338216 
0.156626 
0.124141 
0.0494455 
0.086803 
0.132254 
0.0384802 
0.0656675 
0.0814259 
0.0536539 
0.104097 
0.0460727 
0.0270864 
0.0788278 
0.208192 
0.0981021 
0.122065 
0.0533507 
0.0568229 
0.09555 
0.0801594 
0.0576126 
0.0704369 
0.178979 
0.126167 
0.0865449 
0.0820578 
0.135995 
0.162433 
0.115232 
0.142522 
0.178575 
0.0765709 
0.109523 
0.107195 
0.111056 
0.167666 
0.174627 
0.21784 
0.126622 
0.0960221 
0.0937235 
0.118301 
0.179935 
0.277191 
0.208736 
0.0707908 
0.0918576 
0.144232 
0.193311 
0.0472345 
0.0511116 
0.0729149 
0.327661 
0.293367 
0.0436036 
0.126225 
0.152409 
0.0867378 
0.0338549 
0.0272189 
0.0242905 
0.0662829 
0.129063 
0.0620897 
0.0693682 
0.0721508 
0.0769848 
0.0720484 
0.0841089 
0.0472998 
0.0728914 
0.0666678 
0.0516577 
0.0842109 
0.0466417 
0.0520947 
0.0554267 
0.0510375 
0.0690604 
0.0835588 
0.0288324 
0.064825 
0.0352693 
0.0758929 
0.0399293 
0.112064 
0.0557241 
0.0488085 
0.142583 
0.0652204 
0.0839043 
0.119582 
0.0942363 
0.0253048 
0.113046 
0.143003 
0.0564334 
0.0499152 
0.0263886 
0.0811656 
0.139021 
0.140736 
0.0754542 
0.07506 
0.0638637 
0.0442476 
0.108992 
0.0412598 
0.0742837 
0.0887463 
0.11043 
0.0963565 
0.0464985 
0.0270187 
0.116654 
0.130042 
0.0689269 
0.0672645 
