0
1.59246 
0.139113 
0.0884792 
0.067434 
0.237698 
0.176866 
0.139353 
0.140417 
0.134906 
0.0684629 
0.102659 
0.131344 
0.165389 
0.131623 
0.0972852 
0.0867321 
0.0549334 
0.17437 
0.0975527 
0.161429 
0.18961 
0.18218 
0.110031 
0.105623 
0.0947424 
0.0914762 
0.0705419 
0.0910629 
0.0278639 
0.0702816 
0.018898 
0.0582531 
0.0853113 
0.0728622 
0.151826 
0.0437768 
0.0717289 
0.0927925 
0.162016 
0.102866 
0.0729346 
0.0877247 
0.117346 
0.0899514 
0.127008 
0.152615 
0.165344 
0.12638 
0.0881236 
0.106272 
0.180893 
0.0911283 
0.0609934 
0.0486755 
0.0857923 
0.0575176 
0.148063 
0.128305 
0.107162 
0.260961 
0.123016 
0.136264 
0.134757 
0.25563 
0.153951 
0.0751209 
0.2076 
0.0589037 
0.106212 
0.126574 
0.127316 
0.162513 
0.249014 
0.0488471 
0.0509987 
0.0809322 
0.102602 
0.0377169 
0.0832906 
0.1014 
0.142881 
0.128798 
0.147738 
0.166869 
0.0998195 
0.171406 
0.101921 
0.180539 
0.0477115 
0.110046 
0.198107 
0.144324 
0.174287 
0.0646666 
0.167756 
0.0919518 
0.132268 
0.208183 
0.162818 
0.152599 
0.120933 
0.146337 
0.229467 
0.064327 
0.0592527 
0.137851 
0.230348 
0.157246 
0.143577 
0.190486 
0.120426 
0.154475 
0.106887 
0.105063 
0.160204 
0.147512 
0.0612961 
0.0755304 
0.119864 
0.254622 
0.115683 
0.0815174 
0.0448413 
0.0991964 
0.0713643 
0.0903742 
0.0959033 
0.211347 
0.100967 
0.0573656 
0.130396 
0.0730227 
0.121718 
0.0375443 
0.0887903 
0.108474 
0.0740115 
0.0552965 
0.175293 
0.0963607 
0.110115 
0.0970881 
0.0782086 
0.0933918 
0.109089 
0.106085 
0.0690175 
0.12491 
0.13262 
0.135783 
0.0719389 
0.0612694 
0.0938978 
0.0723381 
0.160234 
0.0644701 
0.113268 
0.0370231 
0.0925444 
0.0893055 
0.0342943 
0.25645 
0.161227 
0.20423 
0.14241 
0.0939569 
0.08577 
0.144705 
0.0783541 
0.0910651 
0.0631708 
0.049346 
0.076528 
0.0894612 
0.123487 
0.105117 
0.0633209 
0.0253098 
0.117895 
