0
0.775555 
0.272472 
0.236014 
0.137101 
0.0353952 
0.087817 
0.0700507 
0.14235 
0.169497 
0.19979 
0.0443056 
0.13595 
0.15085 
0.146223 
0.120606 
0.183366 
0.125775 
0.138808 
0.0759479 
0.127291 
0.0475607 
0.0880497 
0.135933 
0.182634 
0.0948677 
0.10598 
0.0507021 
0.0388909 
0.0589984 
0.037993 
0.0361379 
0.0552837 
0.0551391 
0.0549972 
0.066129 
0.0382945 
0.0286598 
0.0715649 
0.0587308 
0.041969 
0.0372007 
0.0470584 
0.0797573 
0.0663052 
0.0413344 
0.065373 
0.0432707 
0.0366765 
0.0625393 
0.0657497 
0.0738269 
0.101074 
0.0539048 
0.0685062 
0.115865 
0.0810817 
0.0498623 
0.0513505 
0.0442672 
0.0641262 
0.0907286 
0.117985 
0.15248 
0.128121 
0.0775433 
0.223492 
0.104852 
0.148453 
0.367161 
0.155524 
0.0883972 
0.0670265 
0.101854 
0.136366 
0.0504817 
0.188962 
0.0637357 
0.0629037 
0.0801066 
0.0397392 
0.102047 
0.19551 
0.0971487 
0.0921818 
0.189875 
0.0565741 
0.126305 
0.0446933 
0.0580025 
0.196983 
0.177075 
0.108598 
0.0741655 
0.151359 
0.163484 
0.126986 
0.26784 
0.236502 
0.246473 
0.166894 
0.271643 
0.214055 
0.179337 
0.101897 
0.156731 
0.16331 
0.183835 
0.155126 
0.0781405 
0.24547 
0.0438941 
0.152692 
0.200589 
0.118787 
0.17638 
0.173494 
0.1373 
0.304905 
0.468971 
0.0846642 
0.134873 
0.157218 
0.181844 
0.151631 
0.106456 
0.0736609 
0.0540534 
0.148779 
0.078228 
0.0692329 
0.179904 
0.0725066 
0.1502 
0.111056 
0.14301 
0.0982616 
0.0894806 
0.0760935 
0.0619013 
0.0820803 
0.0455311 
0.129066 
0.127405 
0.108636 
0.113626 
0.0708093 
0.076295 
0.145601 
0.107949 
0.161934 
0.101764 
0.0899564 
0.159368 
0.0543266 
0.177525 
0.220019 
0.153862 
0.0868332 
0.0761735 
0.142013 
0.317872 
0.142149 
0.161986 
0.41321 
0.27927 
0.253061 
0.127898 
0.179213 
0.297808 
0.176334 
0.0313205 
0.173184 
0.153697 
0.233099 
0.198589 
0.210327 
0.264239 
0.243886 
0.170838 
