0
1.22781 
0.25042 
0.137312 
0.218331 
0.22588 
0.24079 
0.175672 
0.0835458 
0.0923588 
0.163867 
0.244159 
0.0640716 
0.0676381 
0.124634 
0.162701 
0.124361 
0.191435 
0.0626888 
0.158535 
0.121685 
0.125209 
0.0896786 
0.153024 
0.184052 
0.143338 
0.178344 
0.184607 
0.265525 
0.151945 
0.0974825 
0.194523 
0.378338 
0.0764823 
0.064889 
0.23738 
0.174479 
0.143487 
0.126261 
0.12052 
0.0710231 
0.14589 
0.0981152 
0.104391 
0.113355 
0.0479127 
0.0762657 
0.105613 
0.158685 
0.195362 
0.078899 
0.117315 
0.11906 
0.106491 
0.154185 
0.0829997 
0.062188 
0.0783711 
0.160992 
0.15027 
0.180192 
0.27567 
0.285392 
0.100153 
0.146337 
0.176459 
0.145869 
0.0801906 
0.259873 
0.226056 
0.224463 
0.129938 
0.224755 
0.262402 
0.21383 
0.219887 
0.244105 
0.212585 
0.15841 
0.116525 
0.196886 
0.113446 
0.18254 
0.187549 
0.0710253 
0.0819154 
0.0495162 
0.125291 
0.348025 
0.329049 
0.202201 
0.159103 
0.191944 
0.0659632 
0.215667 
0.203343 
0.217115 
0.150915 
0.0927404 
0.297156 
0.215223 
0.309688 
0.272497 
0.210306 
0.153602 
0.105899 
0.167262 
0.109455 
0.0680152 
0.132494 
0.161607 
0.103956 
0.124265 
0.0616853 
0.118661 
0.11971 
0.0969641 
0.100992 
0.077767 
0.141057 
0.223493 
0.0601933 
0.151757 
0.086047 
0.108494 
0.0931669 
0.114617 
0.142495 
0.0811947 
0.0478035 
0.0838834 
0.133373 
0.0805368 
0.0379221 
0.0654714 
0.109104 
0.11692 
0.131521 
0.0637134 
0.0778655 
0.165523 
0.130607 
0.0480206 
0.155111 
0.170813 
0.0687313 
0.0377699 
0.0964459 
0.13775 
0.0715149 
0.0272672 
0.0781224 
0.0742249 
0.0871119 
0.110738 
0.0901841 
0.0456268 
0.0727116 
0.0477839 
0.0648569 
0.0975521 
0.0343462 
0.0525053 
0.0561053 
0.120368 
0.148726 
0.0714719 
0.0869592 
0.118749 
0.0692882 
0.0963979 
0.0633128 
0.0801357 
0.0503181 
0.0542172 
0.0864818 
0.150114 
0.168397 
0.0872867 
0.189676 
