0
0.916453 
0.401218 
0.110823 
0.0716465 
0.0596161 
0.0905572 
0.0391203 
0.0387799 
0.0859047 
0.0412735 
0.0554536 
0.0882993 
0.0654524 
0.0735657 
0.0545258 
0.0557634 
0.0730205 
0.0530434 
0.0701893 
0.0889964 
0.0918436 
0.0898234 
0.0900904 
0.0364495 
0.0880217 
0.0618576 
0.102402 
0.0622271 
0.0494126 
0.0748059 
0.0692451 
0.099067 
0.0501286 
0.0545559 
0.0311251 
0.101837 
0.0170125 
0.0645695 
0.0273887 
0.103996 
0.0347805 
0.0573076 
0.0626983 
0.0927129 
0.0480763 
0.0331435 
0.0691184 
0.0444199 
0.0247068 
0.056815 
0.0536534 
0.0628798 
0.0439594 
0.0495297 
0.143575 
0.0739069 
0.0702666 
0.110449 
0.0539639 
0.0395532 
0.0641802 
0.0520062 
0.0640329 
0.0916685 
0.0973403 
0.114561 
0.108007 
0.0513879 
0.0636735 
0.104777 
0.0768798 
0.0451435 
0.0604329 
0.0437515 
0.042984 
0.0418429 
0.0589206 
0.0171026 
0.0530118 
0.077799 
0.0649875 
0.231806 
0.0762947 
0.0697724 
0.0643116 
0.125811 
0.135064 
0.15669 
0.184572 
0.152531 
0.0980264 
0.117013 
0.185229 
0.139216 
0.0954226 
0.09959 
0.116453 
0.0998556 
0.126483 
0.0426491 
0.0779743 
0.106866 
0.0854336 
0.0559486 
0.0854193 
0.0885594 
0.149484 
0.079008 
0.245273 
0.0784983 
0.0818806 
0.0513757 
0.115322 
0.10385 
0.11766 
0.122949 
0.155437 
0.174302 
0.166739 
0.0506238 
0.136508 
0.118709 
0.0595934 
0.0900332 
0.120046 
0.0617197 
0.0826961 
0.152906 
0.0951667 
0.130639 
0.158948 
0.11051 
0.122051 
0.0901517 
0.141719 
0.0753894 
0.0838113 
0.0672419 
0.20509 
0.11374 
0.150815 
0.117157 
0.141608 
0.179493 
0.103565 
0.11878 
0.160771 
0.109111 
0.0988225 
0.0395798 
0.157032 
0.30127 
0.15753 
0.369254 
0.217736 
0.202543 
0.979839 
0.316809 
0.088731 
0.101358 
0.0627196 
0.165838 
0.153623 
0.145675 
0.101149 
0.133002 
0.079772 
0.102 
0.191935 
0.118627 
0.862735 
0.269689 
0.0788101 
0.118558 
0.211367 
0.239461 
0.17632 
0.351689 
0.136324 
