0
1.65436 
0.191311 
0.0576897 
0.191428 
0.0572777 
0.170973 
0.0684697 
0.0245763 
0.0628102 
0.032461 
0.0303614 
0.040636 
0.0708529 
0.0767174 
0.0397796 
0.130707 
0.0401063 
0.0975497 
0.045103 
0.0299394 
0.0473064 
0.0385011 
0.0428579 
0.0638825 
0.0534297 
0.071023 
0.0432149 
0.054327 
0.0374375 
0.030424 
0.0437684 
0.0481599 
0.0317937 
0.0589982 
0.0403005 
0.0425067 
0.0713338 
0.0380957 
0.06948 
0.0934622 
0.0833554 
0.0344737 
0.0415577 
0.017986 
0.106474 
0.0589015 
0.0338587 
0.068637 
0.0319095 
0.063347 
0.0905485 
0.0949605 
0.0893562 
0.0153921 
0.039913 
0.0456393 
0.0866216 
0.038015 
0.0613334 
0.0791237 
0.0472875 
0.0663864 
0.0585352 
0.0696417 
0.0668117 
0.0583361 
0.0481987 
0.0274389 
0.0974201 
0.0928764 
0.0729429 
0.122575 
0.0933255 
0.17747 
0.097266 
0.0265599 
0.0592272 
0.0259165 
0.064161 
0.0409185 
0.0393406 
0.103163 
0.0768728 
0.105814 
0.0502664 
0.0965951 
0.0449381 
0.213092 
0.236852 
0.130056 
0.105391 
0.142168 
0.0872478 
0.172837 
0.188763 
0.201328 
0.176029 
0.123809 
0.161295 
0.0560783 
0.0899355 
0.106789 
0.0461181 
0.0774487 
0.0973772 
0.0532499 
0.0992239 
0.11262 
0.0306526 
0.0861093 
0.0275626 
0.0605938 
0.0723354 
0.0657147 
0.0430444 
0.0571169 
0.0187538 
0.0390731 
0.0966307 
0.0777845 
0.0701961 
0.0808944 
0.0449803 
0.087204 
0.0550084 
0.034711 
0.0864661 
0.0875957 
0.0499996 
0.0793656 
0.0719154 
0.0689691 
0.109531 
0.0226545 
0.0749437 
0.0653405 
0.0409187 
0.0452045 
0.0478058 
0.101372 
0.036975 
0.0761705 
0.0783803 
0.0570156 
0.0432615 
0.0313366 
0.0484558 
0.0511944 
0.0889806 
0.0840403 
0.0785726 
0.0395515 
0.045924 
0.04387 
0.0360589 
0.0544933 
0.0681658 
0.0244027 
0.0729659 
0.0791487 
0.0495212 
0.0651571 
0.015182 
0.091812 
0.108402 
0.0445427 
0.106715 
0.0767132 
0.0438347 
0.0610044 
0.0162141 
0.0356054 
0.0597635 
0.0739991 
0.073926 
0.0464186 
0.0854589 
0.0615275 
0.0454054 
