0
1.2249 
0.261156 
0.264201 
0.173453 
0.238523 
0.139827 
0.233703 
0.337755 
1.13535 
0.751698 
0.566704 
0.249306 
0.213421 
0.117091 
0.123336 
0.160353 
0.0862749 
0.197099 
0.20153 
0.24399 
0.154702 
0.256288 
0.353046 
0.430665 
0.119045 
0.114947 
0.107617 
0.119219 
0.121499 
0.103363 
0.09976 
0.129137 
0.0810008 
0.101953 
0.202017 
0.170869 
0.204882 
0.153391 
0.0915886 
0.216556 
0.194457 
0.172687 
0.321745 
0.112386 
0.135699 
0.284933 
0.242357 
0.191479 
0.22905 
0.252301 
0.162351 
0.0617329 
0.0954104 
0.0542908 
0.0819725 
0.128036 
0.0769946 
0.298157 
0.221773 
0.146704 
0.107938 
0.116157 
0.150955 
0.151716 
0.139597 
0.230523 
0.138874 
0.678071 
0.818575 
0.506905 
0.455763 
0.314112 
0.829326 
1.73164 
0.801865 
0.278154 
0.355332 
0.396764 
0.575243 
0.37799 
0.181696 
0.213312 
0.160429 
0.137392 
0.122085 
0.25622 
0.160154 
0.244517 
0.34115 
0.256849 
0.359999 
0.382987 
0.17417 
0.191824 
0.0471327 
0.38588 
1.66543 
0.853928 
0.601569 
0.395386 
0.0587822 
0.274685 
0.141369 
0.067841 
0.245571 
0.174241 
0.180714 
0.059135 
0.968313 
1.42604 
2.37702 
2.14819 
2.49139 
1.6025 
0.237213 
0.289009 
0.325794 
1.43638 
0.788451 
0.201193 
0.652651 
0.150326 
0.231627 
0.185971 
0.194872 
0.145536 
0.159686 
0.0718713 
0.48678 
0.183373 
0.131897 
0.228947 
0.0817546 
0.290858 
0.221996 
0.316398 
0.21766 
0.114586 
0.0899392 
0.151922 
0.144412 
0.217358 
0.105043 
0.151831 
0.1375 
0.179159 
0.16275 
0.0681422 
0.111975 
0.157318 
0.18185 
1.23101 
0.516893 
0.248396 
0.186275 
0.113533 
0.143879 
0.139981 
0.168521 
0.145403 
0.453657 
0.288663 
0.240016 
0.0712536 
0.0903486 
0.11489 
0.0670984 
0.103445 
0.0993814 
0.0718849 
0.255787 
0.100416 
0.19202 
0.206191 
0.200983 
0.109159 
0.528717 
0.373323 
0.0956865 
