0
1.0339 
0.134955 
0.0448813 
0.050938 
0.0611073 
0.093027 
0.0542607 
0.0638958 
0.0879021 
0.0635131 
0.210515 
0.101648 
0.167394 
0.187301 
0.115141 
0.332367 
0.276761 
0.141538 
0.0924287 
0.206776 
0.1142 
0.114553 
0.073359 
0.0745992 
0.056541 
0.0686911 
0.0717783 
0.0686766 
0.0724899 
0.0448045 
0.132094 
0.10474 
0.196631 
0.0783978 
0.0701866 
0.0675983 
0.0734896 
0.174694 
0.0601436 
0.26941 
0.100803 
0.140419 
0.140929 
0.142215 
0.0764226 
0.180011 
0.149964 
0.119254 
0.0523895 
0.0589272 
0.0369903 
0.0781992 
0.0713537 
0.0653983 
0.0931271 
0.0560707 
0.0551416 
0.0911176 
0.0714799 
0.0525542 
0.0653412 
0.175785 
0.126294 
0.134231 
0.0702515 
0.0544075 
0.111928 
0.0897525 
0.085493 
0.150763 
0.0648329 
0.0902357 
0.069313 
0.078878 
0.128133 
0.0890226 
0.223331 
0.216286 
0.0680775 
0.130171 
0.127981 
0.402249 
0.324684 
0.220189 
0.104035 
0.0816819 
0.289955 
0.0958891 
0.246769 
0.132351 
0.285966 
0.218961 
0.168002 
0.0710356 
0.180913 
0.0830592 
0.0813666 
0.0815506 
0.118406 
0.0788475 
0.163813 
0.176882 
0.0541731 
0.0812234 
0.0887264 
0.0682341 
0.105218 
0.0775779 
0.119082 
0.117457 
0.11573 
0.0860282 
0.114798 
0.252477 
0.152116 
0.255317 
0.0713205 
0.156179 
0.323949 
0.164922 
0.123947 
0.0570716 
0.107527 
0.0858017 
0.103229 
0.0263803 
0.215428 
0.183257 
0.137136 
0.0836667 
0.0492592 
0.107702 
0.0451006 
0.0668925 
0.129793 
0.119817 
0.0690851 
0.139015 
0.201595 
0.102066 
0.118884 
0.0801818 
0.0878134 
0.0610995 
0.0873986 
0.106544 
0.19639 
0.114048 
0.0895568 
0.0505174 
0.114812 
0.0639059 
0.116332 
0.0839033 
0.0410339 
0.0489036 
0.0556104 
0.0887838 
0.0586312 
0.0726471 
0.0793479 
0.102277 
0.110862 
0.070828 
0.14254 
0.179693 
0.231285 
0.27621 
0.0868309 
0.0720761 
0.0512775 
0.217115 
0.165919 
0.124184 
0.084692 
0.102725 
0.0797064 
0.131079 
0.171018 
