0
1.59103 
0.291383 
0.0842413 
0.0514152 
0.0526448 
0.102061 
0.068899 
0.0478831 
0.0840509 
0.0489383 
0.0547402 
0.138795 
0.101347 
0.0599353 
0.0536103 
0.0609523 
0.0604452 
0.0804014 
0.0358624 
0.0514522 
0.0549373 
0.0813587 
0.0470968 
0.0544252 
0.0496786 
0.0833513 
0.0783649 
0.0332101 
0.0689159 
0.142404 
0.0995856 
0.171362 
0.257716 
1.07826 
0.768575 
0.59396 
0.0820552 
0.120657 
0.150551 
0.174372 
0.115842 
0.0761548 
0.193455 
0.18342 
0.13995 
0.167658 
0.121936 
0.0493058 
0.0371234 
0.0551528 
0.0895974 
0.150856 
0.111986 
0.126019 
0.111631 
0.10128 
0.0510169 
0.0753198 
0.146042 
0.0747607 
0.0702234 
0.0710541 
0.0744858 
0.0496381 
0.0334726 
0.0770768 
0.100018 
0.063572 
0.122945 
0.111819 
0.0474161 
0.0438577 
0.0711645 
0.075407 
0.0646737 
0.158673 
0.121024 
0.0923864 
0.0498026 
0.177953 
0.182538 
0.0819638 
0.134505 
0.136186 
0.110935 
0.0690768 
0.161634 
0.146921 
0.127003 
0.24091 
0.200732 
0.087202 
0.0766859 
0.443463 
0.300401 
1.02555 
0.527766 
0.381521 
0.213377 
0.289648 
0.25133 
0.0465165 
0.234492 
0.249031 
0.191089 
0.339856 
0.401169 
0.652802 
0.406614 
0.468924 
0.372727 
0.601311 
0.564195 
0.431409 
1.294 
0.626079 
0.425752 
0.180628 
0.0991102 
0.107323 
0.0546598 
0.141642 
0.0968556 
0.0570399 
0.0846663 
0.198809 
0.293791 
0.21615 
0.106494 
0.0849676 
0.243495 
0.196614 
0.111967 
0.110129 
0.0583384 
0.102198 
0.0616239 
0.0879989 
0.104905 
0.16602 
0.141385 
0.0566002 
0.112758 
0.0604202 
0.0508393 
0.0796873 
0.215079 
0.214088 
0.0866372 
0.235777 
0.217778 
0.139331 
0.346879 
0.202319 
0.102558 
0.112357 
0.151976 
0.0840902 
0.0944308 
0.172382 
0.175108 
0.12988 
0.0642274 
0.0760946 
0.0560951 
0.0718774 
0.281151 
0.432968 
0.308404 
0.20691 
0.106089 
0.12741 
0.143039 
0.058449 
0.107674 
0.426661 
0.234564 
0.244381 
0.149446 
