0
1.09957 
0.128662 
0.117962 
0.0720113 
0.0539569 
0.0771042 
0.123078 
0.138637 
0.0814376 
0.10725 
0.158012 
0.065122 
0.084591 
0.134028 
0.0794646 
0.0677602 
0.0384809 
0.0905467 
0.156808 
0.0418878 
0.180826 
0.071759 
0.120189 
0.0635768 
0.212091 
0.13219 
0.112905 
0.0850987 
0.109497 
0.0940269 
0.10196 
0.0829488 
0.578203 
0.681808 
0.259022 
0.129989 
0.115342 
0.220902 
0.153978 
0.0962141 
0.0566568 
0.137755 
0.167658 
0.0698254 
0.0506045 
0.0771516 
0.073864 
0.265654 
0.17708 
0.0659016 
0.0799064 
0.0940972 
0.117654 
0.140078 
0.1493 
0.0756152 
0.127309 
0.142172 
0.0641677 
0.0904234 
0.111924 
0.0554639 
0.0681061 
0.118044 
0.0591181 
0.0681235 
0.0609575 
0.084976 
0.170754 
0.196166 
0.174357 
0.0606261 
0.037161 
0.0491221 
0.178442 
0.100123 
0.0951088 
0.181562 
0.135161 
0.0532312 
0.0653162 
0.0354545 
0.0764107 
0.0398198 
0.0398698 
0.152487 
0.121566 
0.210075 
0.515262 
0.244372 
0.433527 
0.380701 
0.168673 
0.0567038 
0.161661 
0.173623 
0.115786 
0.180285 
0.0591627 
0.0773392 
0.0756537 
0.0552211 
0.137138 
0.163065 
0.114698 
0.0630278 
0.0923971 
0.431934 
0.199605 
0.135581 
0.142231 
0.0467381 
0.425974 
0.116765 
0.0443946 
0.226302 
0.132624 
0.160151 
0.0599636 
0.0469533 
0.0711616 
0.0643744 
0.121802 
0.144836 
0.0387453 
0.0353163 
0.0261449 
0.0767332 
0.0654533 
0.0358674 
0.0431494 
0.0656589 
0.0822313 
0.0591968 
0.0864245 
0.12754 
0.118955 
0.142297 
0.0566703 
0.260267 
0.127663 
0.0755585 
0.127657 
0.134812 
0.0813872 
0.076098 
0.0963261 
0.0761993 
0.0842645 
0.167608 
0.0580863 
0.07302 
0.0431833 
0.042825 
0.0860075 
0.138956 
0.0490481 
0.115774 
0.152967 
0.109107 
0.0472398 
0.135479 
0.143698 
0.109083 
0.0801052 
0.0746739 
0.108952 
0.143556 
0.148916 
0.660607 
0.508868 
0.397873 
0.147317 
0.202 
0.148936 
0.218876 
0.0928252 
0.29696 
0.222172 
