0
1.01477 
0.625989 
0.177408 
0.165113 
0.153924 
0.155768 
0.126471 
0.0888246 
0.158891 
0.174818 
0.0598245 
0.146079 
0.0607563 
0.121782 
0.0523424 
0.0993047 
0.171886 
0.286763 
0.163544 
0.182444 
0.1142 
0.0640235 
0.093041 
0.082362 
0.0660515 
0.0377305 
0.145725 
0.0583011 
0.0867565 
0.0834945 
0.10787 
0.0754181 
0.0385079 
0.0573127 
0.0743354 
0.139018 
0.0328708 
0.0598906 
0.0742846 
0.091292 
0.0815564 
0.0582702 
0.0878893 
0.0834708 
0.0705359 
0.0467236 
0.0270187 
0.0307863 
0.0704275 
0.176716 
0.114786 
0.0978882 
0.0754206 
0.100421 
0.0771795 
0.128099 
0.0542387 
0.0417089 
0.0718564 
0.0538392 
0.0462157 
0.0331902 
0.0778396 
0.0978077 
0.161897 
0.164745 
0.119408 
0.066626 
0.0844412 
0.0758965 
0.0374938 
0.0986921 
1.00396 
2.8463 
0.639187 
0.391871 
0.161159 
0.212497 
0.144301 
0.188897 
0.0873677 
0.164036 
0.0718492 
0.0311597 
0.0384891 
0.0682984 
0.0244321 
0.833698 
0.227842 
0.261016 
0.116984 
0.115452 
0.194972 
0.0608363 
0.0878413 
0.320149 
0.544146 
0.875934 
1.35617 
0.531251 
0.46949 
0.219522 
0.208349 
0.102964 
0.117609 
0.0766687 
0.190007 
0.074414 
0.0907111 
0.0646531 
0.102744 
0.084325 
0.0671809 
0.0842442 
0.0803365 
0.0773373 
0.0485509 
0.0954668 
0.087864 
0.0775251 
0.107249 
0.116465 
0.102906 
0.100077 
0.0912371 
0.193181 
0.205208 
0.152305 
0.164517 
0.746117 
0.217564 
0.485385 
0.215657 
0.269108 
0.247424 
0.178489 
0.218098 
0.156211 
0.145136 
0.247293 
0.284696 
0.137125 
0.215723 
0.0809915 
0.073264 
0.0797865 
0.0566165 
0.0701345 
0.085562 
0.140359 
0.143739 
0.19528 
0.190795 
0.188239 
0.057834 
0.0819595 
0.0548215 
0.022725 
0.130792 
0.710046 
1.17398 
0.368852 
0.629748 
0.978664 
1.03328 
0.158028 
0.126875 
0.0597842 
0.14561 
0.133895 
0.0729997 
0.0742176 
0.0645209 
0.0338862 
0.0509064 
0.116871 
0.131511 
0.0791544 
0.112683 
