0
0.970224 
0.27924 
0.137645 
0.0966692 
0.117767 
0.0975627 
0.0444332 
0.0429753 
0.0891281 
0.107141 
0.0876227 
0.109138 
0.146733 
0.0847228 
0.0869217 
0.0987592 
0.0936496 
0.120686 
0.0727908 
0.0605408 
0.0218847 
0.129095 
0.0471384 
0.0333326 
0.0591504 
0.0498259 
0.0298504 
0.0453572 
0.0918768 
0.0641954 
0.0917555 
0.0717517 
0.0415642 
0.0548857 
0.0342968 
0.0586701 
0.0773964 
0.0509992 
0.0321977 
0.0803361 
0.112205 
0.0922573 
0.113321 
0.0501684 
0.0609044 
0.0280002 
0.0301665 
0.0766183 
0.10087 
0.112319 
0.12461 
0.115343 
0.0688503 
0.116107 
0.118385 
0.0403942 
0.0779315 
0.0964722 
0.0628081 
0.0647437 
0.0479602 
0.063983 
0.0647306 
0.0660064 
0.0279533 
0.0359752 
0.0567338 
0.0400853 
0.0598668 
0.0571362 
0.091239 
0.174037 
0.101109 
0.0763092 
0.0407067 
0.0635746 
0.0912912 
0.0425368 
0.0796263 
0.0476628 
0.104479 
0.0634254 
0.0465771 
0.107512 
0.0958463 
0.0748222 
0.109586 
0.0756695 
0.166669 
0.161819 
0.119078 
0.182212 
0.185829 
0.219483 
0.153206 
0.208212 
0.061473 
0.0521679 
0.0915449 
0.0959421 
0.105701 
0.0642788 
0.0409255 
0.0691055 
0.096414 
0.100083 
0.0353778 
0.0920032 
0.0390602 
0.0551873 
0.0643295 
0.0745212 
0.102593 
0.0460757 
0.0388264 
0.0834595 
0.122115 
0.0561542 
0.0296456 
0.0407081 
0.0575587 
0.048445 
0.0491575 
0.0525213 
0.0705501 
0.0904194 
0.0316905 
0.0676593 
0.126831 
0.076494 
0.0554556 
0.0574314 
0.0581107 
0.0481498 
0.0670448 
0.0917452 
0.0528558 
0.0680839 
0.0306036 
0.016444 
0.0288707 
0.0504729 
0.0306128 
0.0196872 
0.0405804 
0.0911103 
0.0392366 
0.0544054 
0.0432284 
0.0334448 
0.0304844 
0.0401963 
0.0520934 
0.0523617 
0.0261154 
0.0320897 
0.0502276 
0.054707 
0.046225 
0.0502721 
0.0321241 
0.0434248 
0.0494783 
0.0238673 
0.0199572 
0.0334078 
0.0363072 
0.0960598 
0.148278 
0.0817108 
0.0361802 
0.0540469 
0.0602073 
0.0447281 
0.0437847 
0.0414404 
0.0750333 
0.0762111 
0.110763 
