0
1.21426 
0.380449 
0.0738073 
0.105272 
0.0829095 
0.0381844 
0.0296211 
0.0599833 
0.0966314 
0.0615831 
0.0838039 
0.047591 
0.0799279 
0.0577127 
0.0680601 
0.0765758 
0.0971866 
0.0492414 
0.0735824 
0.0946189 
0.0771962 
0.069173 
0.0630414 
0.0308781 
0.0348463 
0.0691573 
0.0556738 
0.117571 
0.0622714 
0.0185114 
0.0751177 
0.0797338 
0.0468308 
0.098291 
0.0696646 
0.0308539 
0.149632 
0.0571622 
0.041912 
0.069049 
0.0638002 
0.0769389 
0.084312 
0.0348852 
0.0383381 
0.0562823 
0.0544389 
0.0913755 
0.0801846 
0.0518866 
0.0154517 
0.0679732 
0.0714778 
0.078825 
0.0471255 
0.0678579 
0.0274698 
0.0999306 
0.15844 
0.0315965 
0.0857396 
0.0438371 
0.181563 
0.18489 
0.099344 
0.0900093 
0.0651122 
0.0770169 
0.0349592 
0.0689417 
0.0653981 
0.16651 
0.0538329 
0.227326 
0.249093 
0.190406 
0.133616 
0.0959715 
0.176377 
0.129245 
0.0920241 
0.150803 
0.130066 
0.200853 
0.145144 
0.138633 
0.192765 
0.0893605 
0.124804 
0.107941 
0.16419 
0.0652133 
0.0754646 
0.0486118 
0.043895 
0.0819482 
0.0827863 
0.0722184 
0.0374989 
0.0756271 
0.067448 
0.0370448 
0.0803402 
0.0321068 
0.0500938 
0.045332 
0.0602282 
0.0693178 
0.095281 
0.0539738 
0.0733473 
0.0498184 
0.0955288 
0.0752462 
0.0663143 
0.0399039 
0.0629172 
0.101826 
0.0595708 
0.0405256 
0.02603 
0.0706592 
0.0372132 
0.0537082 
0.0679168 
0.0498281 
0.0295633 
0.0585328 
0.151994 
0.0421593 
0.0581758 
0.0796812 
0.0468937 
0.0353141 
0.031098 
0.0500413 
0.0593715 
0.0264738 
0.0393018 
0.0428351 
0.0631788 
0.111853 
0.200341 
0.0610777 
0.117505 
0.0763228 
0.0954408 
0.0550035 
0.0937123 
0.10842 
0.0412074 
0.0914179 
0.0406249 
0.0301891 
0.021818 
0.0438506 
0.0807827 
0.0315976 
0.0756481 
0.0372211 
0.041034 
0.0979395 
0.124674 
0.066681 
0.0393713 
0.0653054 
0.0736822 
0.0923219 
0.0608711 
0.0619446 
0.0801082 
0.0774466 
0.1261 
0.163878 
0.0963156 
0.0334017 
0.0815297 
0.126839 
0.111382 
