0
1.01745 
0.370545 
0.101833 
0.137391 
0.0775253 
0.132277 
0.110316 
0.0797902 
0.0794325 
0.0374522 
0.0538923 
0.0582763 
0.15085 
0.120691 
0.0909727 
0.029359 
0.0491631 
0.110708 
0.15481 
0.15762 
0.14136 
0.15796 
0.0958968 
0.120772 
0.0820725 
0.0442292 
0.0787804 
0.0581641 
0.0765272 
0.0990132 
0.0738095 
0.0880535 
0.161025 
0.245911 
0.151062 
0.0551349 
0.049307 
0.195808 
0.17569 
0.117571 
0.0983923 
0.0829382 
0.0387048 
0.139331 
0.167717 
0.138699 
0.186485 
0.197239 
0.188851 
0.145884 
0.102857 
0.0590635 
0.100279 
0.0478483 
0.0519342 
0.0735943 
0.0645438 
0.192184 
0.243486 
0.257338 
0.242939 
0.142159 
0.107679 
0.018515 
0.104643 
0.0728878 
0.136258 
0.0548123 
0.121418 
0.127895 
0.0798006 
0.136259 
0.0975358 
0.0605631 
0.162624 
0.194811 
0.114306 
0.184881 
0.128115 
0.163217 
0.669019 
0.127075 
0.0942206 
0.187678 
0.30658 
0.197432 
0.119186 
0.173495 
0.106315 
0.098313 
0.125967 
0.0642594 
0.118583 
0.129175 
0.23142 
0.170908 
0.124155 
0.166607 
0.126367 
0.18764 
0.101007 
0.144944 
0.093196 
0.106032 
0.119825 
0.202304 
0.197262 
0.182872 
0.135464 
0.0790259 
0.221576 
0.179 
0.229199 
0.299607 
0.0977006 
0.102691 
0.134497 
0.0849631 
0.0758243 
0.0540817 
0.024373 
0.0791948 
0.197432 
0.170638 
0.0856178 
0.267986 
0.197503 
0.153199 
0.329049 
0.217442 
0.128838 
0.162304 
0.0864464 
0.0903168 
0.18855 
0.131422 
0.182333 
0.0629304 
0.0365854 
0.0635057 
0.135472 
0.189677 
0.133814 
0.129894 
0.135374 
0.174044 
0.0823268 
0.0756368 
0.0293549 
0.125877 
0.0461343 
0.174345 
0.0652337 
0.0751235 
0.133086 
0.111024 
0.116722 
0.123896 
0.147431 
0.131753 
0.116387 
0.150288 
0.0556623 
0.0344836 
0.0530339 
0.0765937 
0.0353707 
0.0525814 
0.0653855 
0.129874 
0.0611396 
0.0167825 
0.0602553 
0.0501455 
0.0595913 
0.103899 
0.151073 
0.156166 
0.175414 
