0
0.909055 
0.226715 
0.105601 
0.224021 
0.0662358 
0.0717134 
0.134174 
0.0971937 
0.125998 
0.0840897 
0.078455 
0.0722725 
0.0878659 
0.143121 
0.0845031 
0.094881 
0.0440911 
0.0853578 
0.0616428 
0.0454485 
0.0338395 
0.0733661 
0.0546631 
0.06325 
0.126828 
0.0768062 
0.0772835 
0.0351139 
0.0790309 
0.0702928 
0.120133 
0.0689666 
0.0735031 
0.0466884 
0.0495118 
0.0621829 
0.0414174 
0.072046 
0.0908352 
0.119845 
0.0662607 
0.0846333 
0.0804239 
0.0690087 
0.0380851 
0.0334174 
0.103909 
0.0600968 
0.0681547 
0.0501549 
0.0469359 
0.0564148 
0.0480832 
0.0880399 
0.151973 
0.103641 
0.0405886 
0.0409047 
0.074996 
0.0549415 
0.0418566 
0.047636 
0.060894 
0.0796512 
0.0384383 
0.156052 
0.0479841 
0.0903556 
0.105336 
0.10343 
0.0504455 
0.050967 
0.123287 
0.0521771 
0.115843 
0.0717345 
0.0965532 
0.064386 
0.0504017 
0.0532561 
0.0491852 
0.0541064 
0.0986491 
0.110829 
0.105474 
0.0724135 
0.0633033 
0.100069 
0.120588 
0.128753 
0.124562 
0.241081 
0.16812 
0.142458 
0.157888 
0.211458 
0.173233 
0.108381 
0.0734705 
0.220345 
0.241243 
0.0664711 
0.0788841 
0.0588833 
0.234198 
0.19533 
0.0846406 
0.0956345 
0.071605 
0.117712 
0.0668094 
0.0552544 
0.0784544 
0.116713 
0.0833799 
0.0379044 
0.0794367 
0.141669 
0.166097 
0.13485 
0.0318423 
0.0390485 
0.0833762 
0.125511 
0.102869 
0.0840791 
0.0941149 
0.101091 
0.0852053 
0.0499538 
0.0210272 
0.0717787 
0.0302335 
0.0704929 
0.0708454 
0.06947 
0.0613361 
0.0782272 
0.0403567 
0.0756783 
0.0747082 
0.114915 
0.0581007 
0.0475241 
0.0491769 
0.0790415 
0.0822248 
0.0717708 
0.0906903 
0.0440015 
0.0768471 
0.0837856 
0.0389316 
0.0827001 
0.0900001 
0.0745849 
0.12449 
0.0839734 
0.0410453 
0.0343676 
0.0704158 
0.0542432 
0.0714046 
0.0455786 
0.0394538 
0.0644343 
0.118043 
0.0598578 
0.0479064 
0.0404929 
0.111866 
0.0810171 
0.090739 
0.0828394 
0.113286 
0.117531 
0.10161 
0.0497619 
0.161714 
