0
1.0274 
0.119807 
0.100101 
0.0661147 
0.0488009 
0.0904253 
0.0797472 
0.0730645 
0.0941549 
0.0819373 
0.0447841 
0.0489829 
0.110767 
0.104946 
0.0613545 
0.0944645 
0.0653765 
0.0389486 
0.109806 
0.146207 
0.0531888 
0.0928083 
0.0717647 
0.0761628 
0.0561649 
0.0401996 
0.0367932 
0.0590022 
0.073417 
0.0740043 
0.0752447 
0.0468638 
0.0742064 
0.0515048 
0.0600418 
0.0605879 
0.0457687 
0.0807955 
0.088976 
0.0549597 
0.0672315 
0.0415455 
0.0983702 
0.0606075 
0.0416182 
0.101205 
0.0720429 
0.0865925 
0.311472 
0.166135 
0.0672656 
0.057978 
0.0607096 
0.0480491 
0.0572744 
0.0379607 
0.0750216 
0.0671425 
0.0779899 
0.137686 
0.0746439 
0.06905 
0.119743 
0.393293 
0.171704 
0.0525612 
0.402793 
0.272258 
0.254423 
0.118345 
0.0792539 
0.0300917 
0.111618 
0.0664876 
0.0687748 
0.0963825 
0.0495439 
0.357855 
0.228393 
0.129709 
0.123868 
0.329557 
0.263145 
0.391583 
0.062802 
0.0598421 
0.241015 
0.223364 
0.234224 
0.118072 
0.142308 
0.139994 
0.0231508 
0.0769093 
0.0823286 
0.100736 
0.106376 
0.0819692 
0.0421439 
0.0944323 
0.0554582 
0.0333962 
0.0672067 
0.109923 
0.105968 
0.111846 
0.0827461 
0.0777818 
0.0606981 
0.0844696 
0.109103 
0.146192 
0.115799 
0.0841505 
0.0581487 
0.0578249 
0.110615 
0.0533148 
0.146159 
0.0707683 
0.0614067 
0.0499833 
0.0437563 
0.0450082 
0.0819391 
0.101225 
0.0786559 
0.0854181 
0.0933298 
0.0411708 
0.0777564 
0.0715171 
0.0771208 
0.0725065 
0.0636831 
0.0508616 
0.0738162 
0.0898952 
0.0983933 
0.0379486 
0.0859818 
0.0911231 
0.115068 
0.1023 
0.121006 
0.0943531 
0.0626732 
0.0596184 
0.0580549 
0.0970837 
0.257519 
0.240183 
0.172675 
0.0633524 
0.0373024 
0.0390417 
0.0455492 
0.0445776 
0.16526 
0.023129 
0.0979359 
0.117226 
0.0767331 
0.35063 
0.196245 
0.117332 
0.055618 
0.127251 
0.0626582 
0.037897 
0.0605589 
0.0387489 
0.0517012 
0.0461264 
0.0717891 
0.0854613 
0.075182 
0.0841917 
0.0611095 
