0
1.02129 
0.166453 
0.0629364 
0.0971066 
0.102472 
0.0465216 
0.22821 
0.227852 
0.149576 
0.0853988 
0.204836 
0.198925 
0.0648728 
0.265416 
0.120848 
0.169798 
0.0880868 
0.0876366 
0.0663406 
0.0833142 
0.0655947 
0.141637 
0.143804 
0.12216 
0.213528 
0.204108 
0.125084 
0.117158 
0.0856322 
0.109505 
0.141842 
0.0999207 
0.198483 
0.0944643 
0.116757 
0.186631 
0.329162 
0.101001 
0.198931 
0.178287 
0.171897 
0.329281 
0.398514 
0.154858 
0.131537 
0.0142509 
0.0900609 
0.225295 
0.196718 
0.102289 
0.252397 
0.309406 
0.163523 
0.120845 
0.333938 
0.21427 
0.30281 
0.112869 
0.12114 
0.0977319 
0.154276 
0.240799 
0.286957 
0.515077 
0.105153 
0.151733 
0.311739 
0.288783 
0.123842 
0.129159 
0.0758972 
0.219946 
0.364075 
0.280405 
0.106485 
0.052672 
0.245542 
0.0840163 
0.0691452 
0.087087 
0.164373 
0.115493 
0.0540086 
0.106198 
0.0827634 
0.233369 
0.410015 
0.131876 
0.221697 
0.172028 
0.105674 
0.219711 
0.0839786 
0.578851 
0.433406 
0.188345 
0.456062 
0.467602 
0.0951798 
0.336692 
0.263791 
0.10483 
0.0902286 
0.0615946 
0.14765 
0.122508 
0.0834366 
0.25646 
0.352812 
0.13078 
0.549292 
0.583379 
0.321705 
0.0498858 
0.0654388 
0.0950046 
0.0973181 
0.0388609 
0.199397 
0.104545 
0.199061 
0.174573 
0.216273 
0.306637 
0.378154 
0.434277 
0.111831 
0.102725 
0.0623408 
0.0611826 
0.129824 
0.0843745 
0.134496 
0.126679 
0.174388 
0.116539 
0.0742758 
0.110986 
0.0638318 
0.108692 
0.0443534 
0.0977014 
0.112402 
0.117852 
0.144423 
0.120917 
0.361959 
0.309055 
0.278805 
0.165751 
0.195149 
0.170166 
0.0846949 
0.8481 
1.31811 
0.083963 
0.252833 
0.144014 
0.0902469 
0.0844444 
0.150162 
0.0867759 
0.100419 
0.0599582 
0.120062 
0.0656969 
0.083519 
0.0708819 
0.291664 
0.226213 
0.281884 
0.314461 
0.157526 
0.170455 
0.155257 
0.273456 
0.152488 
0.105075 
0.111342 
