0
0.96049 
0.217506 
0.0490106 
0.114556 
0.0838126 
0.0557852 
0.0246766 
0.0380372 
0.0653766 
0.0851539 
0.063279 
0.0836068 
0.0725489 
0.0555072 
0.0247973 
0.0696498 
0.0214635 
0.0835919 
0.0785057 
0.0764176 
0.0371523 
0.132666 
0.0829419 
0.0663621 
0.0790659 
0.0691529 
0.0333874 
0.043676 
0.0215148 
0.0482898 
0.0658452 
0.0192247 
0.110194 
0.0747161 
0.120494 
0.0842528 
0.0161111 
0.0250493 
0.0318934 
0.0809416 
0.102766 
0.0941079 
0.0339809 
0.165863 
0.152499 
0.038813 
0.0606345 
0.087971 
0.0367837 
0.0529662 
0.068259 
0.116569 
0.139189 
0.179059 
0.0764247 
0.208268 
0.153731 
0.0937998 
0.0573156 
0.0632736 
0.161785 
0.2176 
0.149016 
0.0465606 
0.0538 
0.0580556 
0.0577136 
0.0408497 
0.0589303 
0.0488064 
0.152718 
0.113903 
0.208843 
0.0577869 
0.0786938 
0.0698068 
0.0994286 
0.127673 
0.116814 
0.203733 
0.14852 
0.166151 
0.0932776 
0.11474 
0.120312 
0.0580745 
0.0802706 
0.0802248 
0.109067 
0.18976 
0.117451 
0.0713443 
0.166072 
0.0870015 
0.142356 
0.210825 
0.0364879 
0.0673195 
0.0937767 
0.10891 
0.0938097 
0.0988297 
0.138636 
0.0822444 
0.051371 
0.0675589 
0.0925104 
0.0412969 
0.143556 
0.157827 
0.167166 
0.125483 
0.232261 
0.124051 
0.107835 
0.110826 
0.0573422 
0.124318 
0.0740276 
0.0393187 
0.145901 
0.0597919 
0.0393789 
0.059272 
0.144293 
0.0539753 
0.13899 
0.0566502 
0.0623681 
0.145432 
0.112086 
0.0635562 
0.163021 
0.110716 
0.120216 
0.023213 
0.0411552 
0.187082 
0.165844 
0.0637915 
0.0633503 
0.0531463 
0.0885574 
0.0442375 
0.0700041 
0.130115 
0.0552287 
0.132963 
0.0587869 
0.0963782 
0.0763067 
0.055144 
0.0734101 
0.0755598 
0.0598708 
0.167717 
0.0871571 
0.0588239 
0.0674772 
0.0303539 
0.0799953 
0.0779514 
0.104334 
0.143279 
0.0906471 
0.0417918 
0.137188 
0.0496067 
0.0787958 
0.0644203 
0.0815333 
0.0500319 
0.158182 
0.0584511 
0.114094 
0.126187 
0.0969774 
0.109165 
0.175251 
