0
0.769069 
0.1718 
0.131883 
0.181502 
0.176573 
0.204741 
0.111952 
0.118871 
0.419079 
0.34347 
0.299579 
0.0801245 
0.131242 
0.099725 
0.039596 
0.221142 
0.145524 
0.186041 
0.110755 
0.187829 
0.146068 
0.057092 
0.173403 
0.027967 
0.195126 
0.159889 
0.06718 
0.131582 
0.152559 
0.0822215 
0.204791 
0.332348 
0.130884 
0.1695 
0.205389 
0.218169 
0.187906 
0.0634015 
0.128721 
0.137999 
0.127177 
0.131364 
0.155478 
0.095003 
0.065141 
0.132248 
0.0631685 
0.14703 
0.1506 
0.112256 
0.0530525 
0.134428 
0.0932375 
0.104756 
0.0273155 
0.143418 
0.0464188 
0.116304 
0.0940365 
0.11035 
0.160862 
0.0738465 
0.0606895 
0.079557 
0.078943 
0.114027 
0.0973215 
0.212752 
0.196829 
0.1452 
0.267821 
0.350006 
0.258113 
0.319342 
0.118092 
0.117917 
0.161037 
0.0603217 
0.0631405 
0.123926 
0.303429 
0.261716 
0.45256 
0.216499 
0.410868 
0.234727 
0.17549 
0.111903 
0.126254 
0.168932 
0.290987 
0.155397 
0.125425 
0.193652 
0.291494 
0.227422 
0.322276 
0.201779 
0.155278 
0.120033 
0.217122 
0.23164 
0.222262 
0.140636 
0.132774 
0.0798828 
0.201612 
0.2728 
0.0641621 
0.0578029 
0.0802272 
0.276887 
0.320075 
0.0970528 
0.383263 
0.280869 
0.328308 
0.263063 
0.269282 
0.378202 
0.0860496 
0.138141 
0.0777602 
0.103823 
0.121655 
0.099375 
0.293167 
0.247563 
0.355954 
0.116394 
0.130713 
0.145228 
0.127188 
0.215566 
0.0727109 
0.268324 
0.231764 
0.0802099 
0.163267 
0.279207 
0.17948 
0.0990512 
0.18375 
0.104727 
0.189392 
0.262462 
0.139477 
0.146707 
0.253743 
0.180622 
0.0736329 
0.0888035 
0.13803 
0.138171 
0.10617 
0.0459543 
0.0723486 
0.129408 
0.137792 
0.15885 
0.152589 
0.139237 
0.0665312 
0.120129 
0.058127 
0.188607 
0.193723 
0.15513 
0.126238 
0.100534 
0.111068 
0.171089 
0.100694 
0.0636745 
0.0464668 
0.129157 
0.0890523 
0.160994 
0.300257 
