0
1.09536 
0.316706 
0.191124 
0.0680379 
0.0539158 
0.124548 
0.0644412 
0.0251257 
0.147839 
0.0863459 
0.106138 
0.0968951 
0.0645488 
0.0758037 
0.128598 
0.108354 
0.0460142 
0.12373 
0.150043 
0.0607838 
0.0493569 
0.0863507 
0.0843179 
0.0812536 
0.0941591 
0.0947939 
0.0765895 
0.0993341 
0.0494446 
0.0531986 
0.112609 
0.0851825 
0.0573933 
0.0909166 
0.0655692 
0.0641083 
0.0941842 
0.0854809 
0.066281 
0.0896731 
0.118322 
0.0990655 
0.168674 
0.115954 
0.0892715 
0.0586309 
0.106266 
0.109608 
0.0833425 
0.0735701 
0.127738 
0.264164 
0.164746 
0.103529 
0.208419 
0.0826982 
0.098195 
0.223707 
0.227598 
0.181786 
0.120176 
0.0926964 
0.171075 
0.0837395 
0.174033 
0.176035 
0.114483 
0.130536 
0.281214 
0.264099 
0.282982 
0.101147 
0.345361 
0.330271 
0.246383 
0.200488 
0.0869253 
0.117648 
0.103417 
0.126925 
0.207068 
0.106183 
0.118129 
0.18209 
0.21186 
0.212987 
0.262247 
0.227346 
0.0607997 
0.179232 
0.104542 
0.0925141 
0.264081 
0.330085 
0.27559 
0.244474 
0.228867 
0.295852 
0.118976 
0.241603 
0.233966 
0.0864766 
0.187715 
0.27834 
0.196951 
0.168173 
0.163521 
0.269804 
0.0485926 
0.218401 
0.200229 
0.0436586 
0.235016 
0.208891 
0.230509 
0.162451 
0.178791 
0.230716 
0.091413 
0.2243 
0.262812 
0.0997995 
0.199726 
0.233131 
0.304819 
0.118084 
0.16868 
0.187794 
0.205039 
0.195355 
0.185446 
0.1101 
0.113056 
0.224707 
0.0499255 
0.112852 
0.146539 
0.0745791 
0.35745 
0.252773 
0.0616135 
0.133292 
0.263461 
0.0765156 
0.217903 
0.217743 
0.0641085 
0.196957 
0.240508 
0.112641 
0.127252 
0.0709778 
0.113731 
0.112643 
0.0730517 
0.0240591 
0.158607 
0.181694 
0.0405803 
0.0532604 
0.080166 
0.0742821 
0.0835934 
0.111458 
0.187376 
0.173188 
0.115161 
0.0813357 
0.0839211 
0.0779032 
0.145076 
0.0502756 
0.132667 
0.294806 
0.187253 
0.0715941 
0.0833406 
0.163919 
0.121158 
