0
1.01657 
0.159848 
0.0731537 
0.0378237 
0.0453365 
0.0423007 
0.040713 
0.02796 
0.05069 
0.0386631 
0.0440904 
0.0588045 
0.0680309 
0.0870865 
0.0717903 
0.037881 
0.0553917 
0.0697963 
0.0635771 
0.0580458 
0.0730799 
0.064322 
0.0644406 
0.0677589 
0.0370039 
0.0730174 
0.0534031 
0.0776092 
0.0529279 
0.0796178 
0.0654654 
0.0448825 
0.0576402 
0.0479776 
0.043059 
0.0391853 
0.0753621 
0.107063 
0.0895083 
0.0822563 
0.0978768 
0.099046 
0.0993177 
0.126773 
0.0951257 
0.19024 
0.102824 
0.0721289 
0.0775737 
0.0815212 
0.0586296 
0.0758497 
0.102823 
0.128887 
0.122143 
0.147392 
0.105367 
0.122804 
0.0623334 
0.0799991 
0.0445844 
0.13609 
0.519347 
0.132401 
0.0981984 
0.0598406 
0.10674 
0.134153 
0.123487 
0.0477211 
0.081039 
0.0969586 
0.0870979 
0.0513985 
0.0639387 
0.0962021 
0.0618085 
0.0576655 
0.131948 
0.132133 
0.0645321 
0.125012 
0.174856 
0.205178 
0.140671 
0.0437847 
0.152422 
0.0826676 
0.160781 
0.105192 
0.0943512 
0.0139982 
0.0635607 
0.102847 
0.129597 
0.119515 
0.0470832 
0.141339 
0.146278 
0.0588804 
0.06487 
0.0686239 
0.0971033 
0.0475529 
0.0692789 
0.094095 
0.0469271 
0.0314049 
0.0336142 
0.0607336 
0.0916998 
0.0745589 
0.0684533 
0.0859412 
0.0961479 
0.0751146 
0.0605467 
0.131654 
0.0614448 
0.0309858 
0.0779958 
0.126468 
0.044526 
0.067054 
0.0421699 
0.0165595 
0.0753959 
0.105421 
0.0634305 
0.180137 
0.10196 
0.0839645 
0.0625815 
0.0525097 
0.041925 
0.0994467 
0.0736706 
0.083027 
0.107589 
0.0953009 
0.0365557 
0.0646293 
0.068818 
0.0405736 
0.058926 
0.199563 
0.215821 
0.0442115 
0.0486495 
0.124195 
0.0335448 
0.0834324 
0.0707428 
0.0237679 
0.0711027 
0.0479886 
0.0335153 
0.063734 
0.0578077 
0.019867 
0.05609 
0.0547618 
0.0387222 
0.058284 
0.0375213 
0.0544307 
0.0566324 
0.075721 
0.0405429 
0.0187483 
0.0231928 
0.0999896 
0.122 
0.0563307 
0.0486219 
0.0405717 
0.040483 
0.0615455 
0.156785 
