0
0.99888 
0.196447 
0.0279907 
0.128628 
0.0750637 
0.0617921 
0.0453534 
0.17595 
0.101744 
0.127293 
0.0610831 
0.0586952 
0.0523577 
0.0583 
0.0859986 
0.0593796 
0.0533853 
0.0725433 
0.0631529 
0.0576389 
0.0435583 
0.0673703 
0.0680774 
0.0880054 
0.0439458 
0.0473848 
0.0334739 
0.100916 
0.114917 
0.130324 
0.0315832 
0.152947 
0.134598 
0.150522 
0.115502 
0.104971 
0.179633 
0.0965306 
0.0699947 
0.0654413 
0.0704494 
0.0548226 
0.0576385 
0.0840109 
0.0569378 
0.0372504 
0.0867822 
0.0912339 
0.103507 
0.0893325 
0.0792244 
0.0287234 
0.0564371 
0.0972406 
0.133178 
0.177975 
0.0967899 
0.0964932 
0.132814 
0.0960098 
0.0498023 
0.101217 
0.0734831 
0.0526444 
0.114588 
0.151371 
0.143557 
0.0991717 
0.153722 
0.194274 
0.125342 
0.100564 
0.076429 
0.101421 
0.0605252 
0.159228 
0.0927109 
0.0738092 
0.0690533 
0.213704 
0.214615 
0.0711997 
0.139792 
0.0791478 
0.101012 
0.179751 
0.0712854 
0.0923517 
0.0426346 
0.141072 
0.13412 
0.0971411 
0.134958 
0.0969684 
0.137178 
0.0729876 
0.112585 
0.0646123 
0.0690065 
0.129227 
0.112179 
0.128604 
0.0401679 
0.0901857 
0.0969781 
0.0864707 
0.10954 
0.0667923 
0.141594 
0.108948 
0.11506 
0.0560333 
0.094597 
0.0797457 
0.0638993 
0.0764232 
0.0802144 
0.0492887 
0.0787846 
0.153521 
0.0535042 
0.0914488 
0.123063 
0.454212 
0.220608 
0.122108 
0.145692 
0.0978906 
0.164692 
0.118678 
0.0915627 
0.0880984 
0.0309533 
0.0580111 
0.108633 
0.0564236 
0.0640654 
0.0524708 
0.0735631 
0.0827341 
0.112163 
0.0669216 
0.0618929 
0.0462978 
0.0671129 
0.0689249 
0.0745791 
0.0516904 
0.0729046 
0.0695501 
0.110183 
0.0622981 
0.0540091 
0.044844 
0.14348 
0.0793404 
0.0803862 
0.105079 
0.13476 
0.0763361 
0.126665 
0.115954 
0.111712 
0.0413269 
0.0362647 
0.065985 
0.0897772 
0.0614141 
0.0810404 
0.0687766 
0.0812347 
0.111659 
0.127288 
0.0765171 
0.0800409 
0.0421407 
0.0447967 
0.0821269 
0.107246 
