0
1.13115 
0.221389 
0.207383 
0.0985046 
0.0700374 
0.0642484 
0.196048 
0.100366 
0.0728911 
0.199539 
0.220887 
0.0593304 
0.16049 
0.161689 
0.112224 
0.113442 
0.054991 
0.106222 
0.106052 
0.109129 
0.0669178 
0.0675514 
0.0873925 
0.103333 
0.0714116 
0.0939626 
0.050831 
0.0514534 
0.0483662 
0.0486615 
0.0377305 
0.0463699 
0.0722148 
0.207095 
0.137914 
0.0850133 
0.058717 
0.0809318 
0.103143 
0.112675 
0.13695 
0.0589652 
0.132132 
0.0731618 
0.0339509 
0.0337567 
0.0730913 
0.0819089 
0.0531319 
0.0861667 
0.086583 
0.0575244 
0.10739 
0.107393 
0.0445402 
0.0756912 
0.0828065 
0.0972406 
0.0408864 
0.0969656 
0.132422 
0.146828 
0.260498 
0.164689 
0.0779302 
0.149176 
0.105265 
0.0429964 
0.0778659 
0.0918004 
0.061512 
0.0873443 
0.0948772 
0.0595576 
0.138417 
0.0900441 
0.0316139 
0.0707615 
0.0783548 
0.0671507 
0.116407 
0.157942 
0.192341 
0.0928372 
0.195938 
0.153055 
0.159954 
0.211546 
0.158321 
0.10173 
0.139729 
0.15345 
0.154443 
0.134149 
0.0753563 
0.0374479 
0.0981784 
0.115998 
0.172687 
0.250345 
0.267372 
0.116611 
0.0688701 
0.0485406 
0.0305839 
0.120733 
0.0623564 
0.216491 
0.181222 
0.129176 
0.166645 
0.0849055 
0.099131 
0.0550914 
0.0934776 
0.16349 
0.174683 
0.155663 
0.153262 
0.120149 
0.162325 
0.151673 
0.0842265 
0.0760351 
0.143503 
0.121424 
0.129681 
0.160244 
0.207147 
0.116076 
0.113468 
1.13701 
0.722237 
0.118675 
0.0886323 
0.102722 
0.0418624 
0.0476854 
0.0430611 
0.0833992 
0.0975494 
0.0670536 
0.00569301 
0.0944555 
0.0881375 
0.0464428 
0.0500133 
0.0433522 
0.0831304 
0.113511 
0.0604978 
0.126707 
0.136221 
0.0717083 
0.0874069 
0.086936 
0.0981294 
0.0916692 
0.120916 
0.0521981 
0.0844444 
0.0821322 
0.0869683 
0.100248 
0.100739 
0.1266 
0.140452 
0.0520581 
0.0655811 
0.0937663 
0.0886237 
0.047987 
0.0721099 
0.118633 
0.104671 
0.0280899 
0.0742009 
0.0871923 
0.122685 
