0
1.23557 
0.42133 
0.206844 
0.0835015 
0.115113 
0.132814 
0.0599433 
0.129529 
0.0566905 
0.0312528 
0.0273468 
0.138475 
0.239385 
0.323194 
0.145814 
0.110794 
0.14395 
0.177677 
0.0404446 
0.116373 
0.07483 
0.0624447 
0.120323 
0.0977124 
0.106437 
0.0914899 
0.08124 
0.136165 
0.0868765 
0.0396362 
0.097193 
0.0694216 
0.0732334 
0.0492143 
0.0923861 
0.120533 
0.112547 
0.107615 
0.140031 
0.186725 
0.0982316 
0.138093 
0.0929826 
0.0768747 
0.0883749 
0.0761137 
0.047906 
0.0884496 
0.0692052 
0.0608277 
0.0732054 
0.130949 
0.159557 
0.0658758 
0.200594 
0.147095 
0.0422263 
0.0559741 
0.14907 
0.170605 
0.0879214 
0.105433 
0.370218 
0.175609 
0.248733 
0.213342 
0.145841 
0.100227 
0.115713 
0.0885356 
0.0178567 
0.0424115 
0.0658867 
0.0978049 
0.102966 
0.124257 
0.0764167 
0.101669 
0.109163 
0.145249 
0.113754 
0.0679123 
0.0983341 
0.0986788 
0.0575127 
0.0776821 
0.147046 
0.147592 
0.356695 
0.227324 
0.194686 
0.142272 
0.165125 
0.0758857 
0.0783933 
0.0634164 
0.141769 
0.0323999 
0.0677972 
0.138866 
0.0786196 
0.0967259 
0.077401 
0.0553287 
0.317885 
0.151971 
0.078607 
0.19827 
0.204607 
0.230948 
0.0611905 
0.155935 
0.0941242 
0.15998 
0.147776 
0.187521 
0.198571 
0.0842637 
0.158176 
0.111112 
0.0838483 
0.129952 
0.259596 
0.175837 
0.113903 
0.0583978 
0.123154 
0.0990499 
0.224146 
0.129483 
0.0496525 
0.150639 
0.184851 
0.161098 
0.215653 
0.28816 
0.069696 
0.110899 
0.0474997 
0.0224387 
0.0680989 
0.0687411 
0.0884343 
0.0815505 
0.0609541 
0.0705721 
0.0834943 
0.0625755 
0.0906087 
0.202038 
0.174103 
0.194556 
0.121935 
0.0836302 
0.0740832 
0.102179 
0.144252 
0.112652 
0.169154 
0.0655916 
0.0567813 
0.148493 
0.116051 
0.0561626 
0.0433433 
0.116022 
0.125361 
0.0991201 
0.0809094 
0.0419588 
0.0922819 
0.082763 
0.0649009 
0.0545802 
0.107667 
0.135589 
0.0753586 
0.0687058 
0.0444576 
