0
0.940987 
0.160121 
0.228389 
0.0457802 
0.127753 
0.0972431 
0.123021 
0.0654318 
0.0897306 
0.0662742 
0.0486354 
0.0879718 
0.0427703 
0.114598 
0.0620528 
0.0763687 
0.0581123 
0.0358665 
0.0675186 
0.131686 
0.139356 
0.0743961 
0.0687204 
0.145343 
0.0702528 
0.053859 
0.0847161 
0.0543311 
0.0938111 
0.0320843 
0.0531398 
0.114924 
0.0939725 
0.0870551 
0.100777 
0.068577 
0.0361097 
0.0855461 
0.110287 
0.100999 
0.0812935 
0.127287 
0.0827412 
0.0975075 
0.0464908 
0.101698 
0.123735 
0.0747187 
0.0662873 
0.121015 
0.138838 
0.0940746 
0.0407099 
0.0608704 
0.0803119 
0.0881724 
0.081201 
0.075118 
0.0697718 
0.0734213 
0.117609 
0.0589769 
0.113106 
0.0936693 
0.0546421 
0.0792995 
0.0699866 
0.0665766 
0.0978594 
0.108448 
0.16061 
0.145022 
0.128474 
0.156834 
0.12763 
0.0707049 
0.0657433 
0.177575 
0.220606 
0.18585 
0.137042 
0.118255 
0.067185 
0.114058 
0.148163 
0.110481 
0.100134 
0.0923035 
0.160575 
0.098442 
0.125369 
0.164099 
0.125858 
0.105099 
0.159528 
0.0956904 
0.0688554 
0.0916554 
0.146976 
0.1391 
0.0766511 
0.0803376 
0.059424 
0.105168 
0.147116 
0.191489 
0.0955198 
0.0990951 
0.127274 
0.0751954 
0.0479405 
0.092504 
0.155269 
0.160089 
0.0898107 
0.0855689 
0.0837323 
0.0582436 
0.0630138 
0.0610205 
0.0739414 
0.080855 
0.0391542 
0.0846188 
0.075118 
0.0810305 
0.0856573 
0.126761 
0.0473481 
0.0370084 
0.0652933 
0.0964322 
0.123699 
0.0510035 
0.0709216 
0.0841775 
0.057677 
0.0956227 
0.0970823 
0.0777103 
0.0868406 
0.0730973 
0.0350099 
0.0593006 
0.0803476 
0.0261915 
0.0330039 
0.0329639 
0.0575636 
0.0569455 
0.0562556 
0.0935163 
0.0827793 
0.014804 
0.107756 
0.0622801 
0.0537372 
0.0789908 
0.0685208 
0.0889019 
0.106561 
0.0598188 
0.06711 
0.0274386 
0.0623457 
0.0967576 
0.0776923 
0.0404044 
0.0549689 
0.0943291 
0.111127 
0.105812 
0.0709895 
0.121809 
0.0826796 
0.0539773 
0.0798977 
0.0431517 
0.0616223 
