0
0.813889 
0.202148 
0.16693 
0.0379874 
0.233227 
0.333021 
0.13321 
0.194516 
0.123243 
0.0542095 
0.389261 
0.381662 
0.0931209 
0.132497 
0.102251 
0.0672506 
0.129556 
0.229152 
0.159816 
0.158042 
0.114326 
0.141 
0.183149 
0.0569528 
0.149525 
0.0838517 
0.0610725 
0.145396 
0.209143 
0.123386 
0.221736 
0.185501 
0.542832 
0.203204 
0.19528 
0.397742 
0.230731 
0.406048 
0.185582 
0.168109 
0.158646 
0.0874438 
0.0537704 
0.203198 
0.109236 
0.140961 
0.103578 
0.128732 
0.0391271 
0.112968 
0.112817 
0.058277 
0.112603 
0.118649 
0.0738124 
0.0868627 
0.0749952 
0.2542 
0.239188 
0.0750676 
0.115568 
0.133245 
0.122597 
0.0770379 
0.0455771 
0.113165 
0.205932 
0.27347 
0.102377 
0.0427597 
0.0532757 
0.082353 
0.0537868 
0.230825 
0.291971 
0.18069 
0.0635656 
0.050689 
0.0661215 
0.11333 
0.0594789 
0.040007 
0.0764056 
0.0972384 
0.0705312 
0.0339816 
0.268652 
0.533553 
0.242774 
0.424676 
0.131674 
0.380785 
0.273983 
0.364304 
0.0984638 
0.0803286 
0.451276 
0.394455 
0.209841 
0.0404825 
0.108193 
0.147946 
0.110498 
0.120898 
0.14542 
0.0332378 
0.0627758 
0.190321 
0.0954386 
0.177749 
0.107388 
0.0748716 
0.0649497 
0.0891663 
0.0821935 
0.0779479 
0.130019 
0.215355 
0.159074 
0.229327 
0.252104 
0.195993 
0.223381 
0.119948 
0.0571317 
0.0582353 
0.112554 
0.0499875 
0.0877062 
0.069733 
0.0768521 
0.0943644 
0.0819753 
0.0895061 
0.148373 
0.0357861 
0.102324 
0.082175 
0.071184 
0.129445 
0.262478 
0.112326 
0.0534991 
0.0590449 
0.0678325 
0.06769 
0.0784214 
0.100214 
0.093884 
0.129834 
0.110333 
0.0458675 
0.400254 
0.334834 
0.24972 
0.13615 
0.0920376 
0.160223 
0.138343 
0.0928295 
0.175268 
0.036193 
0.121586 
0.0745315 
0.0572159 
0.0715758 
0.10494 
0.0647822 
0.102088 
0.0769807 
0.111666 
0.116444 
0.127862 
0.17006 
0.0736101 
0.117925 
0.0710113 
0.129426 
0.124007 
