0
0.878669 
0.386631 
0.157805 
0.0949152 
0.247441 
0.255638 
0.0965478 
0.232354 
0.0973746 
0.153301 
0.134706 
0.0997217 
0.0823173 
0.0826714 
0.155565 
0.126503 
0.132943 
0.0865391 
0.086753 
0.12546 
0.0847758 
0.17731 
0.133022 
0.26474 
0.158392 
0.113595 
0.200724 
0.122928 
0.2111 
0.278358 
0.106451 
0.0827745 
0.368555 
0.202804 
0.0694302 
0.259909 
0.163601 
0.103493 
0.183699 
0.17116 
0.198829 
0.119466 
0.201392 
0.221721 
0.0858563 
0.0963864 
0.107834 
0.11828 
0.0741318 
0.0739389 
0.0765458 
0.138929 
0.100605 
0.141591 
0.0813671 
0.112631 
0.174904 
0.0694803 
0.0905009 
0.120187 
0.0840499 
0.100067 
0.0951856 
0.149983 
0.089106 
0.0755395 
0.105773 
0.0716511 
0.135935 
0.10493 
0.0507583 
0.127472 
0.104662 
0.065702 
0.0948297 
0.191699 
0.0644516 
0.138125 
0.0928644 
0.111899 
0.0741327 
0.176428 
0.142006 
0.335063 
0.367288 
0.225386 
0.212913 
0.305894 
0.253151 
0.173465 
0.140285 
0.230967 
0.174397 
0.0789976 
0.0987334 
0.119199 
0.0862828 
0.1836 
0.177123 
0.20383 
0.276324 
0.252785 
1.82345 
0.92263 
0.405465 
0.185672 
0.139378 
0.227217 
0.11664 
0.247698 
0.214231 
0.232311 
0.0789263 
0.114728 
0.253558 
0.144855 
0.101396 
0.0876808 
0.148261 
0.0607702 
0.051637 
0.0802698 
0.0500206 
0.0876646 
0.1773 
0.109793 
0.133251 
0.0787895 
0.0959048 
0.0720742 
0.111142 
0.109998 
0.0839138 
0.0564492 
0.101546 
0.129232 
0.143564 
0.104437 
0.0497497 
0.0804823 
0.0760182 
0.0959015 
0.115623 
0.121346 
0.0844097 
0.0698633 
0.102419 
0.16095 
0.249117 
0.0581842 
0.187666 
0.11451 
0.0858993 
0.148103 
0.250788 
0.317901 
0.241591 
0.144977 
0.0862344 
0.0984689 
0.165231 
0.118735 
0.130502 
0.180589 
0.222992 
0.280912 
0.143391 
0.290791 
0.161043 
0.105254 
0.133188 
0.322953 
0.175409 
0.227649 
0.0904002 
0.117757 
0.214097 
0.109701 
0.162682 
