0
1.10206 
0.133506 
0.0710609 
0.0736911 
0.076209 
0.0682789 
0.0859699 
0.0827761 
0.124115 
0.090936 
0.103407 
0.0430977 
0.0181563 
0.0853476 
0.106106 
0.0448662 
0.0632785 
0.0883709 
0.110234 
0.0629546 
0.0331297 
0.0388378 
0.0942315 
0.0748669 
0.0962647 
0.0646922 
0.050142 
0.129086 
0.0848944 
0.0867009 
0.133461 
0.123052 
0.0826852 
0.104116 
0.107903 
0.051599 
0.0964492 
0.0255514 
0.0484662 
0.0866677 
0.033158 
0.0704186 
0.0322753 
0.0966374 
0.0721031 
0.0816448 
0.0231386 
0.0641195 
0.0731774 
0.0500473 
0.118831 
0.02949 
0.0413663 
0.0718471 
0.0968292 
0.0955787 
0.0873615 
0.0421424 
0.0810163 
0.0900729 
0.0494909 
0.0993249 
0.12869 
0.0842631 
0.0767055 
0.0578583 
0.128346 
0.0878645 
0.0866799 
0.0544457 
0.0726867 
0.0360343 
0.0733051 
0.102968 
0.129084 
0.0760578 
0.0617212 
0.0547471 
0.100134 
0.0200051 
0.0851242 
0.0529161 
0.0475596 
0.0165412 
0.059077 
0.108005 
0.0741793 
0.0959635 
0.0647791 
0.0958959 
0.0781761 
0.0625212 
0.043578 
0.0660815 
0.098334 
0.0936601 
0.0832714 
0.0652233 
0.0650055 
0.0651449 
0.0609127 
0.0888783 
0.158359 
0.102541 
0.0654458 
0.0625146 
0.0677074 
0.138012 
0.0514183 
0.0783054 
0.0563969 
0.0409046 
0.113485 
0.0957417 
0.11328 
0.0710296 
0.0677347 
0.0596234 
0.0876394 
0.0306246 
0.0771229 
0.105541 
0.0680492 
0.10148 
0.0508185 
0.0608796 
0.0411612 
0.0747978 
0.0349683 
0.0872932 
0.0758892 
0.0543051 
0.0830989 
0.0547724 
0.13734 
0.106889 
0.0698805 
0.010913 
0.0626611 
0.0315565 
0.0410993 
0.0477435 
0.0724716 
0.0283889 
0.0489739 
0.118467 
0.0910641 
0.0516406 
0.0960574 
0.0466122 
0.0867955 
0.072729 
0.067187 
0.0617548 
0.0436463 
0.0491314 
0.0522897 
0.0461201 
0.0765401 
0.0663613 
0.101654 
0.0689052 
0.0622476 
0.0801569 
0.0524531 
0.0472586 
0.0615532 
0.0537591 
0.0517207 
0.0426447 
0.0299076 
0.070261 
0.04767 
0.0581726 
0.0554157 
0.0965303 
0.0788806 
0.0531521 
0.0817605 
