0
1.5118 
0.235112 
0.0881398 
0.0665263 
0.0575797 
0.0807993 
0.0636392 
0.0840149 
0.074782 
0.0800154 
0.0816692 
0.0874429 
0.0445147 
0.0801532 
0.0998569 
0.0679648 
0.0831252 
0.095294 
0.0751298 
0.0427693 
0.0723061 
0.0716533 
0.00626072 
0.0283094 
0.0645644 
0.0422371 
0.0988951 
0.0228234 
0.0680455 
0.0406426 
0.034448 
0.041575 
0.0320774 
0.087263 
0.0607069 
0.0359966 
0.0596695 
0.056907 
0.0206981 
0.0538083 
0.164079 
0.135975 
0.0828578 
0.101673 
0.0732205 
0.0455397 
0.0850498 
0.0549148 
0.0535203 
0.0439308 
0.0471038 
0.082682 
0.116882 
0.103923 
0.0737475 
0.0678314 
0.0583659 
0.0909966 
0.0843681 
0.0580877 
0.0559042 
0.0814015 
0.082877 
0.0591022 
0.0831888 
0.0615346 
0.0985345 
0.0304753 
0.0183706 
0.0464671 
0.0576761 
0.0791579 
0.0572028 
0.0499768 
0.0763659 
0.081918 
0.121039 
0.0988208 
0.0415927 
0.0378968 
0.0435504 
0.090832 
0.0731367 
0.0903113 
0.0850436 
0.0810457 
0.103519 
0.133456 
0.0848356 
0.138723 
0.133241 
0.153043 
0.100514 
0.144613 
0.0810939 
0.147132 
0.195612 
0.0987622 
0.0851603 
0.127527 
0.0817175 
0.195451 
0.362243 
0.139273 
0.159346 
0.142011 
0.0862302 
0.0208368 
0.0794078 
0.175712 
0.412058 
0.222169 
0.0876902 
0.0915965 
0.0869269 
0.0842394 
0.0701541 
0.106139 
0.0642607 
0.118479 
0.080035 
0.115279 
0.0979339 
0.0570137 
0.034548 
0.102943 
0.0641294 
0.120299 
0.0775646 
0.0817483 
0.055617 
0.0806129 
0.108464 
0.0581216 
0.0621652 
0.0447606 
0.0457845 
0.0802187 
0.0520276 
0.0798868 
0.0375344 
0.118364 
0.0380528 
0.0793848 
0.0817698 
0.0641148 
0.109081 
0.101812 
0.166364 
0.11729 
0.0587009 
0.0634478 
0.0796319 
0.0616045 
0.255362 
0.12948 
0.125369 
0.086518 
0.12243 
0.0848558 
0.0800624 
0.0443153 
0.0703962 
0.0228198 
0.0331009 
0.0433671 
0.0531842 
0.0897554 
0.0648356 
0.0442908 
0.0683515 
0.061649 
0.0890583 
0.076604 
0.0966026 
0.078464 
0.107505 
0.13045 
0.0924506 
