0
1.3494 
0.20785 
0.13329 
0.025194 
0.0608816 
0.102829 
0.0992933 
0.112153 
0.0908317 
0.0366397 
0.0450905 
0.0631453 
0.0668756 
0.0651392 
0.0883185 
0.0504064 
0.106406 
0.0658079 
0.0448363 
0.0237195 
0.0774611 
0.0562308 
0.0735826 
0.0321772 
0.0375249 
0.0340763 
0.0838547 
0.035518 
0.0746313 
0.11952 
0.0523656 
0.0216693 
0.0888718 
0.0489179 
0.0710508 
0.0462199 
0.044344 
0.044042 
0.0583855 
0.092004 
0.0610393 
0.0341973 
0.0376006 
0.0677344 
0.0596293 
0.0349538 
0.0411648 
0.0421983 
0.0482309 
0.0319725 
0.0299076 
0.0417529 
0.0253316 
0.0785362 
0.0830813 
0.0469884 
0.0846232 
0.053885 
0.05455 
0.0518375 
0.0726994 
0.0719939 
0.0665348 
0.0724446 
0.106002 
0.120525 
0.0570046 
0.0752257 
0.0498689 
0.108215 
0.0906366 
0.139392 
0.0308058 
0.142588 
0.0964225 
0.0796929 
0.100777 
0.0399052 
0.152803 
0.0795125 
0.0506603 
0.102474 
0.0370101 
0.238942 
0.19044 
0.077724 
0.129897 
0.135567 
0.250306 
0.123095 
0.152624 
0.13346 
0.0245882 
0.0872962 
0.129134 
0.0916911 
0.0765943 
0.0461921 
0.0401848 
0.0865461 
0.0759615 
0.1051 
0.0826375 
0.064618 
0.0283826 
0.0669201 
0.0774963 
0.0339322 
0.0968351 
0.0715107 
0.137267 
0.0664885 
0.0647122 
0.0721017 
0.0810384 
0.0777505 
0.036937 
0.0733357 
0.0629328 
0.0697173 
0.0670311 
0.264 
0.105202 
0.0628779 
0.0839188 
0.0463336 
0.112404 
0.160006 
0.0656696 
0.0371131 
0.0336066 
0.0775948 
0.0574386 
0.0993959 
0.123463 
0.0784784 
0.0627761 
0.0535108 
0.0385275 
0.0834386 
0.0753159 
0.112322 
0.107515 
0.138102 
0.0834396 
0.0576081 
0.0904394 
0.110557 
0.0569215 
0.0517215 
0.0977587 
0.0776999 
0.0606591 
0.0221264 
0.102244 
0.0792967 
0.0545971 
0.061472 
0.0742349 
0.103245 
0.0957914 
0.0293259 
0.0571079 
0.0718139 
0.100612 
0.0641635 
0.141458 
0.075277 
0.136226 
0.0835069 
0.0629595 
0.0562814 
0.0321887 
0.0396505 
0.0552371 
0.0585065 
0.0467647 
0.0893411 
0.195622 
