0
0.947665 
0.157632 
0.146388 
0.0472216 
0.139004 
0.146092 
0.0294717 
0.150729 
0.10847 
0.188915 
0.0945682 
0.0551586 
0.0988495 
0.114984 
0.149359 
0.0567379 
0.100488 
0.118817 
0.0890057 
0.0950184 
0.12244 
0.0428193 
0.13528 
0.144683 
0.0777164 
0.0683971 
0.0867677 
0.0678473 
0.102095 
0.0688518 
0.0995308 
0.0802499 
0.0956002 
0.150429 
0.0963077 
0.0786713 
0.0699288 
0.0639577 
0.127652 
0.120068 
0.0715452 
0.107857 
0.046318 
0.10914 
0.122977 
0.121952 
0.0634767 
0.127155 
0.120934 
0.104533 
0.0482511 
0.103637 
0.142529 
0.0509959 
0.0651792 
0.0814117 
0.161547 
0.124347 
0.138569 
0.140705 
0.113882 
0.0932898 
0.0557983 
0.105626 
0.0519581 
0.0458981 
0.0315178 
0.132033 
0.0550536 
0.134436 
0.0939441 
0.0943756 
0.116969 
0.0893238 
0.032715 
0.0517622 
0.082394 
0.119353 
0.101096 
0.113847 
0.0518141 
0.11916 
0.156531 
0.210046 
0.169097 
0.100646 
0.0777638 
0.105895 
0.269453 
0.185792 
0.130454 
0.289864 
0.0835787 
0.126264 
0.253527 
0.102926 
0.29594 
0.221436 
0.13733 
0.0990678 
0.15096 
0.163848 
0.103492 
0.0962268 
0.166887 
0.151273 
0.263962 
0.375238 
0.0791954 
0.213596 
0.0757597 
0.0839135 
0.12349 
0.0459995 
0.0518033 
0.0848053 
0.172005 
0.169486 
0.0602376 
0.0965908 
0.243509 
0.134115 
0.112757 
0.169532 
0.196414 
0.0958816 
0.0541938 
0.0738948 
0.100872 
0.0209493 
0.141961 
0.0759537 
0.129891 
0.169969 
0.0798543 
0.056686 
0.0808712 
0.0720981 
0.0338663 
0.0632125 
0.110618 
0.0870696 
0.102673 
0.158165 
0.0803894 
0.107512 
0.115071 
0.114858 
0.0898456 
0.105355 
0.297496 
0.292982 
0.662604 
0.600524 
0.0773373 
0.0956137 
0.106307 
0.165167 
0.0615391 
0.122543 
0.0521616 
0.0705752 
0.0386387 
0.126017 
0.138567 
0.0407866 
0.073085 
0.10547 
0.0573132 
0.058667 
0.107862 
0.115597 
0.121454 
0.102342 
0.101733 
0.0387075 
0.0791255 
0.0509259 
0.0838657 
