0
0.878538 
0.294264 
0.149925 
0.0607919 
0.0478045 
0.163593 
0.124054 
0.0763244 
0.0723752 
0.098223 
0.0864781 
0.056708 
0.0541518 
0.103988 
0.0589229 
0.134914 
0.173363 
0.0738964 
0.137781 
0.12929 
0.0461184 
0.110634 
0.0900675 
0.137191 
0.142414 
0.0622799 
0.058811 
0.0676748 
0.123566 
0.0641998 
0.0363054 
0.0544176 
0.0565256 
0.0498497 
0.0823006 
0.0280375 
0.0525589 
0.10809 
0.148142 
0.119045 
0.116193 
0.0355093 
0.0586492 
0.0502188 
0.0432683 
0.0581996 
0.0281669 
0.0588296 
0.0616775 
0.0777576 
0.034285 
0.0389058 
0.0918035 
0.139833 
0.193865 
0.15492 
0.105641 
0.154375 
0.104383 
0.113298 
0.0812903 
0.0776831 
0.114461 
0.0965085 
0.109829 
0.0766129 
0.0753798 
0.0617011 
0.0425178 
0.0931374 
0.043481 
0.0487513 
0.0455168 
0.060976 
0.111516 
0.114439 
0.153214 
0.0879565 
0.0517253 
0.0724942 
0.111452 
0.203155 
0.154226 
0.149052 
0.0660118 
0.0922346 
0.0616417 
0.0548326 
0.144057 
0.151265 
0.0919144 
0.168358 
0.0992491 
0.0901444 
0.0861654 
0.100586 
0.0906464 
0.113809 
0.067089 
0.071471 
0.109559 
0.0502336 
0.0966421 
0.147841 
0.0625095 
0.120324 
0.076261 
0.0943307 
0.111495 
0.0913401 
0.054821 
0.03638 
0.0555513 
0.0939339 
0.120873 
0.18223 
0.115543 
0.0616533 
0.0493535 
0.0939047 
0.0961256 
0.12615 
0.13912 
0.0422137 
0.104819 
0.128948 
0.0577815 
0.0855543 
0.0422602 
0.0586854 
0.0272988 
0.106812 
0.126329 
0.125754 
0.0920995 
0.296072 
0.348629 
0.142309 
0.185657 
0.0761385 
0.072227 
0.122919 
0.175379 
0.0922778 
0.0381396 
0.0871466 
0.0350297 
0.0580806 
0.0951307 
0.161638 
0.0799528 
0.0159766 
0.0556016 
0.0696218 
0.0506264 
0.077229 
0.0322284 
0.0562479 
0.0546553 
0.0516734 
0.0462601 
0.0979829 
0.146127 
0.0770154 
0.056202 
0.0143508 
0.0471696 
0.0322787 
0.0303337 
0.0796481 
0.0856683 
0.0349003 
0.116654 
0.056312 
0.0579221 
0.040573 
0.0682318 
0.0556054 
0.0570688 
