0
0.823729 
0.29222 
0.0377237 
0.077037 
0.0617181 
0.141136 
0.0323409 
0.0543842 
0.0540191 
0.0880315 
0.131059 
0.0605789 
0.0456922 
0.0832932 
0.0722828 
0.0362063 
0.049023 
0.0530477 
0.215569 
0.0337236 
0.162015 
0.106424 
0.0416506 
0.0868218 
0.102336 
0.0878125 
0.148605 
0.153744 
0.130442 
0.130211 
0.0500026 
0.0403519 
0.114754 
0.0696491 
0.0561589 
0.105302 
0.0418192 
0.0726123 
0.0544828 
0.0640653 
0.165215 
0.103095 
0.0485939 
0.0972014 
0.0187997 
0.025866 
0.0500868 
0.0286649 
0.0537215 
0.0618695 
0.0517071 
0.0886322 
0.113237 
0.151289 
0.0482979 
0.0479456 
0.118131 
0.093402 
0.0953551 
0.163509 
0.180756 
0.0571435 
0.106263 
0.078481 
0.0518064 
0.0443169 
0.0492104 
0.0830017 
0.0537857 
0.0775984 
0.0666333 
0.0640325 
0.0529871 
0.0528665 
0.0676905 
0.0445859 
0.062092 
0.0491585 
0.0770534 
0.175497 
0.162884 
0.0864117 
0.0630762 
0.113769 
0.067656 
0.18558 
0.182616 
0.074986 
0.0381298 
0.0893966 
0.0937031 
0.203516 
0.149892 
0.128491 
0.122065 
0.0947064 
0.0658518 
0.055758 
0.136593 
0.118954 
0.123981 
0.0582735 
0.0527225 
0.169945 
0.105519 
0.0377465 
0.0745296 
0.0846374 
0.0865139 
0.0554572 
0.0770096 
0.129108 
0.196485 
0.0999193 
0.0703676 
0.0737234 
0.0647501 
0.0502879 
0.0734733 
0.0211771 
0.0995402 
0.0879583 
0.101188 
0.0813155 
0.149725 
0.224419 
0.261099 
0.123605 
0.0777474 
0.120484 
0.104746 
0.0942355 
0.0995477 
0.141099 
0.0655512 
0.101815 
0.0476435 
0.0449524 
0.0659825 
0.0442489 
0.0820328 
0.0371487 
0.0397837 
0.110965 
0.113225 
0.0687836 
0.042442 
0.0456399 
0.0761938 
0.0543521 
0.139199 
0.187961 
0.0346946 
0.0616375 
0.0322204 
0.0590164 
0.0458902 
0.0728639 
0.0520313 
0.204257 
0.105098 
0.0458442 
0.0355817 
0.0487108 
0.0443039 
0.0616851 
0.0201835 
0.0228771 
0.0149176 
0.034902 
0.0316019 
0.0676152 
0.0344238 
0.0631754 
0.0400184 
0.0308707 
0.0420155 
0.0617057 
0.062972 
