0
1.25987 
0.218748 
0.209429 
0.0825375 
0.234319 
0.237383 
0.123868 
0.0853871 
0.113664 
0.094835 
0.15039 
0.098638 
0.10539 
0.181081 
0.223975 
0.238394 
0.307495 
0.101398 
0.0506367 
0.10776 
0.0536763 
0.155909 
0.120793 
0.101091 
0.115175 
0.473635 
0.359722 
0.105143 
0.188993 
0.332098 
0.231694 
0.133216 
0.0983475 
0.121455 
0.0540319 
0.0844144 
0.191534 
0.149255 
0.100489 
0.184922 
0.246386 
0.166397 
0.231207 
0.282203 
0.137319 
0.0679253 
0.192982 
0.378789 
0.395098 
0.422595 
0.252168 
0.0853208 
0.156072 
0.0685906 
0.146277 
0.089277 
0.101473 
0.0558067 
0.039055 
0.0866153 
0.0381213 
0.174959 
0.181611 
0.149437 
0.0660984 
0.0921851 
0.14196 
0.229412 
0.271172 
0.155636 
0.0924809 
0.194976 
0.289299 
0.173256 
0.295062 
0.308213 
0.322309 
0.199369 
0.290781 
0.142744 
0.174184 
0.118745 
0.165531 
0.0560893 
0.18308 
0.688847 
0.420716 
0.537908 
0.085542 
0.292006 
0.112921 
0.196674 
0.353723 
0.112794 
0.043183 
0.283972 
0.256146 
0.103104 
0.100337 
0.185867 
0.111025 
0.122081 
0.326134 
0.162333 
0.0565028 
0.0826907 
0.116331 
0.103005 
0.100334 
0.2937 
0.43143 
0.477276 
0.0509535 
0.0399355 
0.0669624 
0.138495 
0.204233 
0.248738 
0.241141 
0.0845228 
0.0507966 
0.05958 
0.036378 
0.0406747 
0.0294296 
0.0490829 
0.0566605 
0.0121234 
0.0571019 
0.387327 
0.180637 
0.523097 
0.283905 
0.364756 
0.296289 
0.0792413 
0.115266 
0.219213 
0.182339 
0.123102 
0.183779 
0.545041 
0.2683 
0.182269 
0.119969 
0.233647 
0.217909 
0.264246 
0.257615 
0.187179 
0.0696215 
0.0676885 
0.0622299 
0.0585366 
0.0481448 
0.0432486 
0.0522585 
0.178745 
0.271739 
0.134213 
0.11373 
0.199938 
0.208416 
0.247665 
0.211801 
0.171571 
0.365845 
0.261788 
0.205718 
0.164336 
0.149441 
0.171453 
0.172437 
0.160196 
0.186779 
0.299932 
0.541582 
0.418694 
0.231606 
