0
0.605773 
0.222345 
0.0719788 
0.101678 
0.137726 
0.0796722 
0.0876831 
0.194465 
0.130595 
0.0949099 
0.0608759 
0.0556695 
0.0935462 
0.0488211 
0.0223612 
0.0386127 
0.0607358 
0.103691 
0.0496349 
0.034304 
0.142472 
0.0850006 
0.0702132 
0.0571171 
0.0593238 
0.0525742 
0.0449948 
0.0595262 
0.0300499 
0.0564518 
0.0820035 
0.0203904 
0.0663094 
0.0671192 
0.102754 
0.0660384 
0.118943 
0.0595348 
0.0579543 
0.0577753 
0.0620993 
0.095126 
0.0983579 
0.0975316 
0.0718348 
0.0456338 
0.0339465 
0.0626805 
0.0469356 
0.0593519 
0.117029 
0.076428 
0.0880781 
0.0548131 
0.0493698 
0.0555487 
0.049929 
0.0831069 
0.0956532 
0.040773 
0.0622467 
0.102963 
0.0683124 
0.112249 
0.069063 
0.0799155 
0.0388795 
0.135796 
0.0608639 
0.261026 
0.0765715 
0.100719 
0.0492814 
0.0462214 
0.085837 
0.113163 
0.0620523 
0.0720934 
0.090042 
0.0447814 
0.112031 
0.0420794 
0.100153 
0.078409 
0.0554531 
0.0940697 
0.1189 
0.0833933 
0.0854898 
0.157666 
0.112581 
0.0452935 
0.109193 
0.163477 
0.0560915 
0.131123 
0.110676 
0.0983913 
0.0435536 
0.077656 
0.119863 
0.0473659 
0.0694996 
0.0557748 
0.047725 
0.0984205 
0.0473101 
0.0628361 
0.0489497 
0.0548325 
0.0493803 
0.076071 
0.0998647 
0.0722736 
0.0352631 
0.0631358 
0.0687662 
0.0564837 
0.060932 
0.0897987 
0.0393402 
0.0288934 
0.0340734 
0.0447705 
0.0406442 
0.0567979 
0.0546037 
0.0687069 
0.0832673 
0.0680481 
0.0315887 
0.0367507 
0.106651 
0.115059 
0.0714824 
0.101412 
0.0416584 
0.0924298 
0.0657122 
0.0803314 
0.0233321 
0.0315814 
0.0616475 
0.0498763 
0.065313 
0.0854623 
0.0368677 
0.0564247 
0.0583721 
0.0777176 
0.194076 
0.160155 
0.0263515 
0.0464858 
0.0679485 
0.0200924 
0.0246292 
0.0432323 
0.0169441 
0.0463253 
0.0527154 
0.0320281 
0.0412267 
0.076288 
0.0530378 
0.0484595 
0.074755 
0.0643717 
0.0880346 
0.0376452 
0.0622669 
0.175693 
0.188817 
0.403083 
0.0870904 
0.0436075 
0.065907 
0.0807075 
0.0616346 
