0
0.90857 
0.181176 
0.120522 
0.109728 
0.11437 
0.171781 
0.189422 
0.0965421 
0.14744 
0.0881393 
0.14235 
0.195742 
0.275506 
0.271764 
0.268983 
0.315086 
0.200913 
0.175187 
0.229957 
0.182992 
0.0983999 
0.155697 
0.119802 
0.261931 
0.237829 
0.255846 
0.374586 
0.317073 
0.159924 
0.114516 
0.17149 
0.140367 
0.151475 
0.245606 
0.295504 
0.216558 
0.27246 
0.272829 
0.133271 
0.105813 
0.120002 
0.0895346 
0.182277 
0.194047 
0.297461 
0.358698 
0.273794 
0.135168 
0.133326 
0.12156 
0.0573393 
0.0572874 
0.185134 
0.140352 
0.21868 
0.159036 
0.149067 
0.17406 
0.119194 
0.0500378 
0.121749 
0.172932 
0.0960354 
0.172868 
0.180538 
0.178724 
0.136754 
0.121842 
0.14951 
0.175458 
0.145678 
0.13445 
0.111902 
0.114966 
0.169307 
0.173157 
0.195388 
0.0895889 
0.296479 
0.0917598 
0.143829 
0.113563 
0.187723 
0.224941 
0.223584 
0.0893124 
0.165743 
0.205767 
0.19076 
0.242865 
0.243193 
0.232639 
0.14146 
0.15119 
0.226585 
0.239913 
0.328652 
0.0851536 
0.0981712 
0.0766114 
0.0661938 
0.14782 
0.129387 
0.13623 
0.159721 
0.0816851 
0.0801882 
0.103812 
0.270037 
0.264279 
0.183086 
0.0974894 
0.192495 
0.120916 
0.0533761 
0.0967186 
0.0762383 
0.0438103 
0.0415933 
0.0532248 
0.0961973 
0.0606318 
0.319202 
0.193217 
0.170944 
0.218747 
0.209181 
0.0545349 
0.0817545 
0.0578264 
0.0736601 
0.0907047 
0.0515422 
0.0761842 
0.0609475 
0.0392992 
0.0399077 
0.0258563 
0.0569689 
0.065157 
0.104838 
0.119832 
0.0794374 
0.102078 
0.173845 
0.142259 
0.203468 
0.304879 
0.262966 
0.119336 
0.154608 
0.0657057 
0.0332822 
0.0627793 
0.0340809 
0.0833685 
0.0469172 
0.0959739 
0.0447513 
0.113401 
0.0562185 
0.068096 
0.0912417 
0.0613421 
0.080853 
0.0539816 
0.0413234 
0.0665683 
0.22407 
0.161592 
0.153162 
0.202007 
0.197986 
0.129545 
0.1463 
0.115015 
0.19534 
0.0934891 
0.17309 
