0
1.01798 
0.221325 
0.158737 
0.0849775 
0.281812 
0.183774 
0.151177 
0.138348 
0.117023 
0.0555929 
0.0740274 
0.0731763 
0.0683755 
0.0559477 
0.0708043 
0.186827 
0.133725 
0.0858899 
0.0630347 
0.0571826 
0.080607 
0.192363 
0.467005 
0.157732 
0.087284 
0.129244 
0.103316 
0.149563 
0.584892 
0.396186 
0.200892 
0.0906205 
0.097997 
0.0694369 
0.111988 
0.114746 
0.139608 
0.0823964 
0.137865 
0.12632 
0.0762601 
0.200424 
0.125282 
0.138279 
0.0938786 
0.242998 
0.491093 
0.108895 
0.563823 
1.49507 
0.186716 
0.0853684 
0.0755847 
0.103123 
0.155391 
0.12872 
0.0466481 
0.0561422 
0.104028 
0.0920278 
0.189021 
0.158196 
0.12569 
0.0694205 
0.128701 
0.126977 
0.150685 
0.0461658 
0.0700216 
0.119206 
0.132874 
0.082776 
0.246027 
0.188067 
0.0980178 
0.199951 
0.101822 
0.074706 
0.101412 
0.112277 
0.0498801 
0.064663 
0.0152235 
0.0887285 
0.197161 
0.367727 
0.179848 
0.177299 
0.0844045 
0.239396 
0.169633 
0.0804094 
0.135078 
0.140833 
0.125748 
0.1565 
0.0353611 
0.194075 
0.0993233 
0.123282 
0.158776 
0.146414 
0.0583607 
0.0622418 
0.051446 
0.075427 
0.0552399 
0.0707553 
0.0829738 
0.103971 
0.0726545 
0.138482 
0.0271852 
0.0556744 
0.147418 
0.135282 
0.0789272 
0.0900107 
0.132608 
0.062753 
0.0688414 
0.079781 
0.105943 
0.144236 
0.0880153 
0.147636 
0.143961 
0.173207 
0.0621275 
0.0309466 
0.0548673 
0.155186 
0.153433 
0.0472171 
0.0693386 
0.0898796 
0.096607 
0.316669 
0.102417 
0.178873 
0.189129 
0.2074 
0.161919 
0.124094 
0.0268259 
0.069707 
0.104483 
0.352146 
0.0848298 
0.180033 
0.289997 
0.227386 
0.199167 
0.113417 
0.1184 
0.0935113 
0.104561 
0.0550172 
0.132903 
0.10858 
0.117356 
0.0443281 
0.0784809 
0.118542 
0.361424 
0.572841 
0.265991 
0.23397 
0.307068 
0.180546 
0.095902 
0.12998 
0.0920182 
0.0706911 
0.0766823 
0.0633367 
0.0411531 
0.0854513 
0.0699752 
