0
0.575269 
0.194458 
0.138229 
0.160047 
0.158558 
0.21911 
0.030998 
0.116878 
0.115527 
0.198111 
0.256021 
0.332566 
0.166768 
0.217487 
0.16628 
0.111709 
0.437075 
0.130689 
0.0679614 
0.438451 
0.380312 
0.502712 
0.197049 
0.237714 
0.115761 
0.0477211 
0.22385 
0.0996056 
0.0949295 
0.202536 
0.0285103 
0.0407734 
0.12864 
0.180261 
0.120789 
0.060595 
0.0654703 
0.0722161 
0.110965 
0.101787 
0.0967818 
0.0417087 
0.182198 
0.393094 
0.345125 
0.0344097 
0.266753 
0.0594947 
0.201339 
0.16234 
0.163067 
0.130316 
0.152771 
0.0939452 
0.20583 
0.126529 
0.055335 
0.0897475 
0.0812114 
0.268507 
0.104464 
0.158983 
0.115327 
0.201046 
0.103931 
0.121551 
0.0754525 
0.13659 
0.0818908 
0.157886 
0.0971909 
0.0940621 
0.126415 
0.153242 
0.0832888 
0.163566 
0.101296 
0.124207 
0.135047 
0.133282 
0.102918 
0.124373 
0.083674 
0.0778062 
0.0971 
0.0729975 
0.162306 
0.220388 
0.253783 
0.117072 
0.0913302 
0.179043 
0.144574 
0.128699 
0.0688314 
0.0465713 
0.171734 
0.0568634 
0.234312 
0.246443 
0.185391 
0.164571 
0.154917 
0.14529 
0.255088 
0.128462 
0.0949499 
0.0539138 
0.11972 
0.221615 
0.188962 
0.0620749 
0.0470456 
0.0275907 
0.049123 
0.0685938 
0.0323994 
0.0417486 
0.0391356 
0.0741363 
0.0790568 
0.0562362 
0.0995355 
0.0596461 
0.0578811 
0.033025 
0.0363253 
0.0602337 
0.0477175 
0.0442164 
0.0737352 
0.0940642 
0.134114 
0.072487 
0.0702422 
0.0224594 
0.0693494 
0.0599907 
0.0709679 
0.0950782 
0.0546031 
0.0692007 
0.0940388 
0.156398 
0.0580234 
0.119985 
0.074929 
0.106147 
0.0543517 
0.147691 
0.118221 
0.0804937 
0.0456751 
0.105013 
0.108567 
0.0994503 
0.0782418 
0.0312712 
0.0415383 
0.107056 
0.0212575 
0.0372154 
0.0496009 
0.10907 
0.0619458 
0.0287121 
0.0257307 
0.0436675 
0.0886343 
0.013512 
0.0938548 
0.075037 
0.073141 
0.04364 
0.078282 
0.050992 
0.165723 
0.037915 
0.072348 
