0
1.18425 
0.309308 
0.0572059 
0.0572981 
0.114248 
0.113593 
0.0692289 
0.0509029 
0.0850649 
0.0587928 
0.0549368 
0.0526544 
0.0269011 
0.0509432 
0.0623256 
0.0653996 
0.0372636 
0.0778361 
0.0978899 
0.0495468 
0.0624202 
0.0283953 
0.0243935 
0.0841948 
0.0548277 
0.0654442 
0.0570493 
0.0449893 
0.0391459 
0.0468382 
0.0615054 
0.0380435 
0.103311 
0.114378 
0.104699 
0.0915686 
0.100275 
0.109743 
0.11652 
0.0714907 
0.137006 
0.0778881 
0.158585 
0.068786 
0.0875364 
0.0481849 
0.0670612 
0.111193 
0.0718301 
0.0173596 
0.118669 
0.0437533 
0.114016 
0.0826511 
0.106592 
0.0612719 
0.0882604 
0.0634746 
0.0732713 
0.0789649 
0.105 
0.116146 
0.0767254 
0.0986026 
0.0559762 
0.129632 
0.0776004 
0.0879287 
0.0709531 
0.0658075 
0.0560978 
0.0619605 
0.036368 
0.044259 
0.0472576 
0.0571957 
0.0545874 
0.0607972 
0.069589 
0.0734694 
0.0880078 
0.063815 
0.0791167 
0.0943122 
0.0735098 
0.155096 
0.165697 
0.129052 
0.0815375 
0.155538 
0.123479 
0.131183 
0.0758685 
0.10662 
0.105179 
0.0845088 
0.0906201 
0.191665 
0.0554944 
0.0839831 
0.095477 
0.101411 
0.0808824 
0.121473 
0.112509 
0.113103 
0.0606123 
0.147075 
0.100979 
0.0527201 
0.156039 
0.178337 
0.0433905 
0.218719 
0.102986 
0.0496309 
0.14025 
0.0773648 
0.058919 
0.0756672 
0.0305371 
0.021944 
0.0819567 
0.0806291 
0.121741 
0.0835001 
0.144379 
0.0670451 
0.0778292 
0.121464 
0.0212283 
0.107575 
0.087013 
0.108383 
0.0966521 
0.044494 
0.0990533 
0.153673 
0.105319 
0.183373 
0.0707564 
0.228066 
0.127014 
0.112501 
0.163028 
0.122353 
0.0681183 
0.192653 
0.0791406 
0.0845248 
0.104311 
0.0424553 
0.0659423 
0.0323457 
0.148157 
0.222771 
0.0882698 
0.0448151 
0.0457944 
0.0423662 
0.0273926 
0.063977 
0.0306583 
0.0539285 
0.0491307 
0.0634042 
0.0447564 
0.0324585 
0.0504593 
0.0254361 
0.0678173 
0.0697166 
0.0632495 
0.0300147 
0.0586677 
0.0884036 
0.0709701 
0.115917 
0.0641553 
