0
1.05825 
0.370685 
0.118023 
0.213091 
0.113291 
0.0423795 
0.04711 
0.0611655 
0.130869 
0.084503 
0.0475635 
0.104505 
0.063766 
0.0574534 
0.0958754 
0.0813165 
0.0680281 
0.0896975 
0.0755005 
0.0817057 
0.0615444 
0.119393 
0.0772019 
0.0912242 
0.0611514 
0.0823556 
0.0559979 
0.0741756 
0.0955495 
0.0528056 
0.232876 
0.155631 
0.218798 
0.101938 
0.0724308 
0.0760121 
0.0552749 
0.0372742 
0.0759489 
0.0424052 
0.0992316 
0.0442423 
0.0674869 
0.0943756 
0.103439 
0.074934 
0.0719763 
0.0427368 
0.0432363 
0.0458232 
0.0912375 
0.0272567 
0.050033 
0.0708672 
0.102328 
0.11258 
0.0495079 
0.0941032 
0.0821475 
0.0975094 
0.108711 
0.122694 
0.14372 
0.101946 
0.0978421 
0.160751 
0.0867014 
0.0758143 
0.118967 
0.105428 
0.12889 
0.0594366 
0.0887916 
0.132864 
0.069611 
0.0857126 
0.0473171 
0.0682104 
0.115892 
0.0656117 
0.0557003 
0.0935927 
0.115177 
0.0970482 
0.081215 
0.0574323 
0.113994 
0.17522 
0.212982 
0.143392 
0.136633 
0.118021 
0.114119 
0.0444799 
0.0333985 
0.0796441 
0.114339 
0.0207086 
0.11032 
0.161268 
0.574935 
0.319508 
0.174368 
0.0624782 
0.0899652 
0.0914511 
0.0609428 
0.086044 
0.0515447 
0.0313987 
0.245833 
0.114591 
0.107611 
0.104711 
0.0916086 
0.0285575 
0.0693825 
0.0852959 
0.120303 
0.0872913 
0.059172 
0.0539618 
0.0830436 
0.084026 
0.0485154 
0.0324271 
0.0384071 
0.0679988 
0.0467401 
0.0849803 
0.0660205 
0.101618 
0.0831716 
0.082434 
0.0324143 
0.0988529 
0.0594012 
0.0664625 
0.0278768 
0.0415593 
0.0320252 
0.0706123 
0.0459991 
0.0391574 
0.0494618 
0.0939628 
0.0258552 
0.058218 
0.0474496 
0.0367351 
0.059386 
0.0799839 
0.0613114 
0.0608717 
0.0483842 
0.0436084 
0.0472799 
0.0880122 
0.0262488 
0.0820405 
0.0763767 
0.0571266 
0.0352913 
0.0512174 
0.0855989 
0.22277 
0.201593 
0.146556 
0.0558995 
0.0623812 
0.0923874 
0.0303559 
0.0444626 
0.0611368 
0.050088 
0.0702381 
0.0602048 
0.0875816 
0.127409 
