0
0.956624 
0.229766 
0.0613826 
0.040981 
0.0305645 
0.0608828 
0.0992188 
0.101152 
0.0935763 
0.0771414 
0.0715522 
0.122297 
0.0580048 
0.0610207 
0.0299356 
0.0298194 
0.0872058 
0.0740784 
0.0901283 
0.0669027 
0.0735027 
0.0642643 
0.196353 
0.14423 
0.0381517 
0.0734788 
0.0534241 
0.0583086 
0.0955286 
0.0811673 
0.0496943 
0.040522 
0.0685857 
0.0642352 
0.0264445 
0.0877626 
0.0830089 
0.0683678 
0.0584986 
0.0862347 
0.0609416 
0.115392 
0.151311 
0.103763 
0.116072 
0.104432 
0.11024 
0.135036 
0.18482 
0.104739 
0.0773212 
0.0665699 
0.0819636 
0.097192 
0.0560695 
0.149882 
0.18759 
0.136243 
0.064388 
0.119029 
0.0594739 
0.142768 
0.156633 
0.164912 
0.130707 
0.0961474 
0.147322 
0.178715 
0.106715 
0.157062 
0.157106 
0.198109 
0.104168 
0.118709 
0.174852 
0.200669 
0.164418 
0.109339 
0.173496 
0.156548 
0.151463 
0.227743 
0.104939 
0.0578602 
0.0879787 
0.0421631 
0.160842 
0.175315 
0.158106 
0.145495 
0.157542 
0.148198 
0.130473 
0.18292 
0.198031 
0.10648 
0.0941235 
0.178288 
0.157106 
0.159449 
0.201243 
0.101353 
0.10728 
0.177979 
0.12896 
0.0837859 
0.199271 
0.184449 
0.1298 
0.201795 
0.215362 
0.162632 
0.196791 
0.18705 
0.108717 
0.125151 
0.133884 
0.0928015 
0.122075 
0.0306179 
0.123594 
0.0678711 
0.0496914 
0.0705002 
0.078998 
0.138234 
0.128732 
0.141831 
0.124635 
0.135126 
0.0964206 
0.0582722 
0.0867556 
0.0912223 
0.0782511 
0.170481 
0.148985 
0.103596 
0.0982232 
0.0512106 
0.147311 
0.178143 
0.16808 
0.129218 
0.0881868 
0.0833905 
0.132228 
0.144357 
0.120623 
0.196311 
0.0929754 
0.0847375 
0.106757 
0.0769984 
0.0932083 
0.102106 
0.118165 
0.058087 
0.0798972 
0.0488166 
0.0685404 
0.0504097 
0.0726783 
0.0872702 
0.100553 
0.0955976 
0.0978403 
0.1195 
0.10051 
0.122139 
0.0963505 
0.150852 
0.141922 
0.0832498 
0.104543 
0.137969 
0.0769915 
0.112459 
0.060342 
