0
0.896896 
0.249163 
0.0849614 
0.0746893 
0.0631711 
0.0886892 
0.0977958 
0.076552 
0.0727036 
0.0635313 
0.0951851 
0.0568633 
0.105864 
0.10519 
0.0546655 
0.0953459 
0.0609999 
0.0287767 
0.0709121 
0.0508871 
0.0282449 
0.0837986 
0.0809159 
0.109091 
0.0658194 
0.0908886 
0.0859055 
0.0504808 
0.0779603 
0.0477444 
0.109168 
0.131783 
0.127083 
0.10632 
0.156659 
0.159549 
0.103813 
0.173453 
0.146903 
0.0645883 
0.0907601 
0.109868 
0.145637 
0.277374 
0.178367 
0.169916 
0.0738551 
0.10022 
0.167167 
0.104921 
0.104174 
0.149692 
0.149235 
0.0769777 
0.0961479 
0.0669366 
0.155645 
0.112629 
0.0941052 
0.0513374 
0.151349 
0.248219 
0.0510046 
0.174118 
0.376932 
0.246835 
0.250719 
0.19839 
0.238171 
0.391134 
0.148722 
0.14194 
0.0964909 
0.187727 
0.259301 
0.286684 
0.261558 
0.0989985 
0.0925885 
0.276801 
0.0451954 
0.191068 
0.100209 
0.0711567 
0.102633 
0.199298 
0.228508 
0.214518 
0.165298 
0.12693 
0.139279 
0.177325 
0.129647 
0.176624 
0.123437 
0.166441 
0.0991754 
0.0959623 
0.107753 
0.100353 
0.192892 
0.0907491 
0.0828348 
0.0983105 
0.275423 
0.204522 
0.0731225 
0.182694 
0.194669 
0.0846377 
0.179791 
0.0778695 
0.208153 
0.206485 
0.244492 
0.141219 
0.174774 
0.25609 
0.169209 
0.115267 
0.210753 
0.109031 
0.116961 
0.1119 
0.10173 
0.0947314 
0.112072 
0.157618 
0.107135 
0.165133 
0.110228 
0.137938 
0.12031 
0.149825 
0.141606 
0.0737413 
0.254166 
0.122662 
0.101532 
0.0386112 
0.275326 
0.209389 
0.121406 
0.0929283 
0.073364 
0.0888277 
0.272282 
0.180969 
0.0325808 
0.0723386 
0.0956694 
0.0772334 
0.101202 
0.161614 
0.120023 
0.132157 
0.207069 
0.130798 
0.141953 
0.118686 
0.0629723 
0.101772 
0.113961 
0.131277 
0.124527 
0.0281859 
0.188992 
0.250679 
0.389835 
0.264206 
0.124666 
0.0987002 
0.0756874 
0.168669 
0.0919081 
0.11923 
0.154531 
0.0699883 
0.130439 
