0
1.0499 
0.247703 
0.0557131 
0.157297 
0.0810716 
0.0455914 
0.0926766 
0.0795307 
0.126608 
0.142973 
0.121882 
0.0785891 
0.0678039 
0.0674074 
0.0338849 
0.0614771 
0.0638032 
0.0428145 
0.0951137 
0.0533126 
0.0610764 
0.0409019 
0.0931329 
0.0478987 
0.0366293 
0.0291298 
0.0854881 
0.0790363 
0.0489438 
0.0840973 
0.0547206 
0.0494658 
0.0574611 
0.0401098 
0.0613822 
0.101504 
0.102689 
0.0443953 
0.0854919 
0.0406748 
0.0932174 
0.0886548 
0.0670058 
0.0638652 
0.087173 
0.0924613 
0.0403243 
0.0622327 
0.0646085 
0.067142 
0.05391 
0.101527 
0.0176716 
0.0645861 
0.0414398 
0.059654 
0.0381804 
0.0688542 
0.0431206 
0.0584231 
0.0311404 
0.0387533 
0.0389207 
0.0438647 
0.0990448 
0.108953 
0.128603 
0.0708599 
0.0491065 
0.0410716 
0.0464429 
0.105828 
0.0955831 
0.1723 
0.0547775 
0.0903727 
0.115918 
0.0475674 
0.115307 
0.0861401 
0.0793167 
0.0829958 
0.154152 
0.162807 
0.0865854 
0.0519784 
0.199626 
0.0476386 
0.0862167 
0.114989 
0.183896 
0.0885295 
0.0747786 
0.0580303 
0.0496957 
0.0645223 
0.0509251 
0.0732371 
0.041365 
0.100707 
0.118171 
0.203038 
0.154601 
0.0896852 
0.0462011 
0.0883437 
0.0459923 
0.056763 
0.0588884 
0.0650946 
0.0406687 
0.0272921 
0.0464398 
0.0571827 
0.128412 
0.0808207 
0.0652021 
0.052133 
0.0601076 
0.0875769 
0.0799135 
0.0477023 
0.0346512 
0.0469083 
0.0715439 
0.0365499 
0.0475036 
0.0496592 
0.0355438 
0.0416192 
0.0787168 
0.0467231 
0.0879698 
0.127329 
0.122622 
0.0422756 
0.0901971 
0.0276089 
0.0553783 
0.0524416 
0.045325 
0.0342365 
0.0662906 
0.0552919 
0.0141315 
0.0556923 
0.0353936 
0.0693036 
0.0617145 
0.0479846 
0.0314202 
0.0284589 
0.0429729 
0.0984292 
0.0238065 
0.0768359 
0.0483914 
0.0605937 
0.0624354 
0.054018 
0.0429053 
0.115006 
0.165852 
0.0662961 
0.047242 
0.0798041 
0.0467076 
0.0525762 
0.0384511 
0.0476286 
0.038155 
0.0402475 
0.0912174 
0.0604146 
0.0669559 
0.0554353 
0.038056 
0.0606893 
0.0771532 
