0
0.915562 
0.169412 
0.114331 
0.125975 
0.306254 
0.0957059 
0.0972393 
0.13386 
0.0738579 
0.183388 
0.083056 
0.193843 
0.121172 
0.0670518 
0.0534181 
0.108426 
0.071084 
0.113512 
0.111401 
0.0696366 
0.0562211 
0.0639216 
0.0302402 
0.0666576 
0.0412734 
0.0846084 
0.0813373 
0.109365 
0.0507363 
0.107467 
0.0441684 
0.0668795 
0.0496595 
0.0782337 
0.0828606 
0.0662653 
0.069146 
0.0720601 
0.112695 
0.0398447 
0.059607 
0.101889 
0.0720339 
0.0523103 
0.130825 
0.0304567 
0.176165 
0.16989 
0.0708869 
0.0470726 
0.181386 
0.163927 
0.0597193 
0.169633 
0.0635265 
0.229765 
0.422772 
0.106818 
0.0663071 
0.0486185 
0.0397358 
0.0397687 
0.0728805 
0.0712381 
0.0919348 
0.174793 
0.151534 
0.0233646 
0.114067 
0.0762646 
0.0423879 
0.074931 
0.0817479 
0.134337 
0.137855 
0.157966 
0.0783572 
0.145325 
0.125673 
0.126333 
0.086048 
0.0838116 
0.0890883 
0.0649672 
0.0812999 
0.0528923 
0.340146 
0.0659578 
0.0624881 
0.106688 
0.106982 
0.0871973 
0.132088 
0.213076 
0.117975 
0.0996777 
0.123642 
0.0672295 
0.053489 
0.194677 
0.206937 
0.164401 
0.123617 
0.0547908 
0.0581353 
0.158641 
0.108478 
0.151339 
0.0374339 
0.0877852 
0.311629 
0.118259 
0.116788 
0.167161 
0.147511 
0.00781375 
0.136739 
0.221041 
1.69064 
1.002 
1.06412 
0.155489 
0.0987757 
0.107545 
0.0429174 
0.021554 
0.133283 
0.108916 
0.0381826 
0.0613898 
0.0825426 
0.0573516 
0.0327308 
0.107023 
0.0619954 
0.0183675 
0.0508805 
0.0718157 
0.184671 
0.132453 
0.133915 
0.0891837 
0.08286 
0.0910171 
0.0845764 
0.59665 
0.176293 
0.247468 
0.0769983 
0.0791222 
0.0769264 
0.130421 
0.0574583 
0.0395382 
0.0744191 
0.0688078 
0.0479035 
0.0837094 
0.056404 
0.0840573 
0.0528833 
0.0777853 
0.0736413 
0.144629 
0.110666 
0.108323 
0.122306 
0.0875416 
0.0519521 
0.0387829 
0.0891501 
0.117669 
0.0956051 
0.750884 
0.601853 
0.200388 
0.170286 
0.0543544 
0.0930561 
