0
1.34794 
0.104854 
0.0718205 
0.11616 
0.051325 
0.0920149 
0.083491 
0.129684 
0.0928278 
0.147259 
0.168489 
0.0895397 
0.212855 
0.11847 
0.0910672 
0.0641294 
0.0867728 
0.150617 
0.18145 
0.100161 
0.223954 
0.0946451 
0.246075 
0.139797 
0.208895 
0.04031 
0.139974 
0.223401 
0.113769 
0.0729316 
0.0300848 
0.10699 
0.122301 
0.14159 
0.229896 
0.0780282 
0.248626 
0.104512 
0.140555 
0.33228 
0.170645 
0.114892 
0.0926128 
0.0573958 
0.0721471 
0.0665167 
0.117554 
0.0981083 
0.124275 
0.0908804 
0.226195 
0.114205 
0.0934197 
0.383283 
0.36976 
0.320323 
0.440441 
0.276114 
0.229908 
0.15591 
0.110409 
0.482359 
0.133064 
0.567913 
0.153865 
0.228461 
0.328468 
0.451326 
0.0712997 
0.103461 
0.0563284 
0.335092 
0.569485 
0.642325 
0.313348 
0.590633 
0.401806 
0.0895236 
0.064404 
0.60307 
0.644588 
0.184128 
0.325056 
0.0621118 
0.346449 
0.102899 
0.122603 
0.151627 
0.175146 
0.116548 
0.181475 
0.131814 
0.0851389 
0.192219 
0.193546 
0.138686 
0.199713 
0.0938036 
0.262795 
0.0919455 
0.0782943 
0.122585 
0.364284 
0.0685793 
0.0827938 
0.0365717 
0.0638461 
0.13959 
0.355337 
0.333768 
0.0440393 
0.06948 
0.0649437 
0.342853 
0.139123 
0.0877364 
0.07934 
0.0413334 
0.0612084 
0.0770812 
0.293667 
0.23913 
0.129495 
0.0703328 
0.135083 
0.295584 
0.213207 
0.182918 
0.0931521 
0.113393 
0.39803 
0.491593 
0.661229 
0.648875 
0.145548 
0.0870646 
0.230069 
0.109647 
0.0640773 
0.488491 
0.340253 
0.427322 
0.230958 
0.114842 
0.0805789 
0.187758 
0.0507068 
0.187176 
0.0971107 
0.228092 
0.130225 
0.0663191 
0.0921614 
0.209668 
0.06806 
0.375087 
0.399888 
0.144161 
0.230113 
0.105555 
0.148693 
0.0791304 
0.14115 
0.0638689 
0.0951009 
0.0835508 
0.267447 
0.0682462 
0.167714 
0.248774 
0.142704 
0.109535 
0.153296 
0.362496 
0.165208 
0.351925 
0.377578 
0.163851 
0.443063 
