0
1.16941 
0.260853 
0.144732 
0.102346 
0.0614248 
0.0842975 
0.0711333 
0.0724027 
0.0604802 
0.0729121 
0.132813 
0.198909 
0.0599315 
0.0502499 
0.0726451 
0.0640902 
0.0808219 
0.0515482 
0.0503979 
0.0591409 
0.128302 
0.0733985 
0.0532281 
0.0828995 
0.0932432 
0.146965 
0.215008 
0.084679 
0.200859 
0.110192 
0.101976 
0.167518 
0.10475 
0.0491346 
0.0390987 
0.156595 
0.0703819 
0.14003 
0.0662976 
0.085271 
0.0819067 
0.0926692 
0.211174 
0.109393 
0.099744 
0.0694953 
0.24162 
0.101987 
0.192468 
0.208024 
0.152821 
0.110272 
0.0828974 
0.108214 
0.0664334 
0.127975 
0.0526059 
0.069322 
0.0975417 
0.0846048 
0.061663 
0.0659946 
0.0778773 
0.0877111 
0.0848668 
0.0731433 
0.0707868 
0.0729715 
0.0913304 
0.201971 
0.155545 
0.0567588 
0.0543379 
0.173345 
0.0705878 
0.0660732 
0.110399 
0.0601694 
0.0766082 
0.179073 
0.119368 
0.172045 
0.0586113 
0.0605776 
0.122286 
0.110789 
0.119744 
0.136072 
0.223234 
0.151353 
0.160032 
0.0551856 
0.140129 
0.100281 
0.13918 
0.189444 
0.172495 
0.152679 
0.0497564 
0.0792359 
0.0701959 
0.195351 
0.0892168 
0.0889812 
0.167141 
0.171686 
0.10506 
0.130279 
0.053796 
0.0919996 
0.0725179 
0.148649 
0.0487062 
0.0572434 
0.0906563 
0.0474447 
0.0492519 
0.0826698 
0.166237 
0.223108 
0.133369 
0.0447889 
0.0586543 
0.0953759 
0.0693728 
0.0424544 
0.0200664 
0.0750318 
0.0886546 
0.162121 
0.112523 
0.0582239 
0.0693106 
0.137312 
0.0767223 
0.0491445 
0.168078 
0.0809823 
0.126576 
0.140174 
0.102502 
0.166537 
0.0915563 
0.162928 
0.0551064 
0.166735 
0.419171 
0.218548 
0.0668843 
0.0620333 
0.053276 
0.0788974 
0.165946 
0.169712 
0.116237 
0.280958 
0.287563 
0.0728837 
0.0510979 
0.0937959 
0.0942544 
0.169259 
0.0980536 
0.0556122 
0.264839 
0.224266 
0.108787 
0.0492183 
0.0679439 
0.120474 
0.0809202 
0.0583103 
0.0833036 
0.0665839 
0.100828 
0.06263 
0.126756 
0.065529 
0.112531 
