0
0.925796 
0.215247 
0.0883178 
0.0510608 
0.100117 
0.0862791 
0.0262275 
0.0560087 
0.041174 
0.0262048 
0.0347444 
0.0619457 
0.0495065 
0.0569659 
0.0587864 
0.0311457 
0.0553445 
0.0510463 
0.0617757 
0.0527517 
0.0613411 
0.0201475 
0.0156346 
0.025067 
0.0254666 
0.0325419 
0.0684664 
0.0997984 
0.050584 
0.045615 
0.143367 
0.137584 
0.0717696 
0.108927 
0.0523226 
0.0532461 
0.0698728 
0.076518 
0.022092 
0.0519132 
0.0726438 
0.059527 
0.0348156 
0.0367543 
0.0383739 
0.0397604 
0.0296885 
0.0793448 
0.0669687 
0.0351006 
0.0400888 
0.0726669 
0.0899765 
0.0518744 
0.0495281 
0.0238026 
0.0857776 
0.0253277 
0.048288 
0.0581474 
0.0843386 
0.144296 
0.0857672 
0.235283 
0.20235 
0.0826171 
0.0515488 
0.0468972 
0.149865 
0.111571 
0.14443 
0.129065 
0.134736 
0.149056 
0.144983 
0.111309 
0.0194898 
0.0141248 
0.0353782 
0.039376 
0.0449751 
0.12165 
0.160417 
0.0643958 
0.12742 
0.0939615 
0.0918781 
0.0262718 
0.181936 
0.106382 
0.117111 
0.184592 
0.255015 
0.218354 
0.135318 
0.121637 
0.107604 
0.0835043 
0.0453446 
0.225787 
0.284707 
0.18387 
0.175894 
0.041233 
0.116775 
0.0893767 
0.10214 
0.13991 
0.0873629 
0.130688 
0.213046 
0.244129 
0.138321 
0.0688968 
0.162414 
0.132855 
0.0599889 
0.133429 
0.260578 
0.225495 
0.175857 
0.135801 
0.0201314 
0.0343221 
0.0548727 
0.11543 
0.0442155 
0.0442472 
0.0821832 
0.0500231 
0.0618214 
0.150193 
0.032309 
0.068574 
0.0615323 
0.0425353 
0.0501259 
0.0606841 
0.0692399 
0.0499557 
0.103541 
0.108592 
0.155493 
0.0769112 
0.0455491 
0.0656236 
0.069507 
0.0668329 
0.0585599 
0.134613 
0.0281955 
0.0638605 
0.103718 
0.0565027 
0.0559207 
0.0713259 
0.102057 
0.166679 
0.113677 
0.0543954 
0.0624957 
0.124145 
0.0241913 
0.0765903 
0.0480578 
0.0512348 
0.152539 
0.122118 
0.0662592 
0.173715 
0.151604 
0.0337002 
0.0521436 
0.0562919 
0.0194301 
0.0795876 
0.0815205 
0.0416028 
0.0863997 
