0
0.909969 
0.102043 
0.176773 
0.113797 
0.0773017 
0.120554 
0.0771108 
0.0890945 
0.0842899 
0.0755357 
0.0505572 
0.124977 
0.117681 
0.152962 
0.0641699 
0.0685592 
0.0777377 
0.0984469 
0.164175 
0.0882673 
0.167198 
0.104324 
0.0573536 
0.0748022 
0.0548941 
0.0701148 
0.0524357 
0.0411879 
0.0668396 
0.0386986 
0.0798078 
0.0294441 
0.120163 
0.044834 
0.0456261 
0.0651512 
0.0788064 
0.0283738 
0.048778 
0.0478626 
0.119818 
0.0604549 
0.113119 
0.0456028 
0.0850754 
0.0861334 
0.0563291 
0.0582996 
0.0562716 
0.0670665 
0.0657875 
0.0540036 
0.0479019 
0.0568892 
0.0307181 
0.0916923 
0.105713 
0.0301762 
0.0499101 
0.0524918 
0.0486468 
0.0452127 
0.0556655 
0.0540418 
0.0578784 
0.0534674 
0.0673946 
0.0689074 
0.0626926 
0.0526542 
0.02658 
0.0531913 
0.116587 
0.114173 
0.0844343 
0.103168 
0.0726861 
0.0728221 
0.0805098 
0.10478 
0.0810524 
0.0679936 
0.0470792 
0.0700675 
0.066002 
0.035966 
0.151992 
0.0650655 
0.0659731 
0.0948722 
0.167579 
0.130411 
0.121239 
0.0462161 
0.045248 
0.0448052 
0.0397775 
0.0421602 
0.0661612 
0.0289068 
0.0458793 
0.0889118 
0.0594781 
0.054107 
0.0172399 
0.0781851 
0.0571822 
0.0528919 
0.0591187 
0.153842 
0.0840051 
0.0988958 
0.0497811 
0.0940778 
0.0524584 
0.0544833 
0.0705882 
0.0977594 
0.0791533 
0.0689686 
0.0712826 
0.101038 
0.0561888 
0.128046 
0.0527826 
0.0311502 
0.115308 
0.14068 
0.0688107 
0.0378727 
0.109944 
0.0738966 
0.0749532 
0.251014 
0.127492 
0.139709 
0.131065 
0.165285 
0.0460108 
0.1198 
0.154551 
0.0398101 
0.0650627 
0.0505592 
0.0555346 
0.131637 
0.208554 
0.0904714 
0.0786053 
0.105851 
0.00790829 
0.0605078 
0.102877 
0.0479879 
0.0919937 
0.05505 
0.038505 
0.054869 
0.0613152 
0.079047 
0.0527193 
0.0751621 
0.113241 
0.031677 
0.0563408 
0.101968 
0.0487921 
0.0755525 
0.0321557 
0.0733871 
0.0962255 
0.0709812 
0.0763725 
0.0399042 
0.0596403 
0.0461572 
0.0474391 
0.0983678 
0.0564904 
