0
0.833443 
0.236816 
0.141816 
0.0844589 
0.147075 
0.171311 
0.12896 
0.34868 
0.232224 
0.156741 
0.124374 
0.0652107 
0.213569 
0.153987 
0.175456 
0.182405 
0.135236 
0.0776576 
0.142508 
0.199057 
0.189844 
0.0654228 
0.0361587 
0.103585 
0.177628 
0.192491 
0.107634 
0.077522 
0.0374498 
0.049687 
0.135165 
0.104434 
0.144363 
0.163698 
0.0841807 
0.105547 
0.108948 
0.148417 
0.146159 
0.166806 
0.330838 
0.221423 
0.114116 
0.140578 
0.0660418 
0.079589 
0.0826883 
0.109823 
0.0798234 
0.0384796 
0.10285 
0.0899428 
0.142367 
0.214357 
0.203476 
0.21918 
0.142047 
0.155053 
0.183785 
0.149345 
0.216928 
0.219507 
0.245971 
0.0776189 
0.0526674 
0.107211 
0.153849 
0.200009 
0.0578597 
0.136968 
0.174711 
0.158033 
0.158106 
0.0822393 
0.201125 
0.159211 
0.0862104 
0.186528 
0.211749 
0.127919 
0.100625 
0.0638121 
0.197633 
0.230825 
0.0674672 
0.235882 
0.19801 
0.169469 
0.163037 
0.154998 
0.116928 
0.187777 
0.212816 
0.117553 
0.107868 
0.0780916 
0.132285 
0.138683 
0.0914815 
0.106092 
0.0784455 
0.102032 
0.192151 
0.159977 
0.0473616 
0.183986 
0.0872475 
0.0758142 
0.180264 
0.11066 
0.0564648 
0.175668 
0.207091 
0.117709 
0.223827 
0.164444 
0.0782274 
0.0948488 
0.150504 
0.230013 
0.135447 
0.0324768 
0.0952288 
0.105006 
0.110567 
0.152056 
0.164871 
0.112423 
0.132732 
0.158639 
0.131909 
0.180726 
0.0937294 
0.105306 
0.141135 
0.1331 
0.0739149 
0.104895 
0.090784 
0.0979951 
0.0729722 
0.0841704 
0.132767 
0.1706 
0.164605 
0.140813 
0.188045 
0.0858545 
0.0501915 
0.0807637 
0.162146 
0.226231 
0.125479 
0.0561433 
0.121623 
0.128002 
0.218928 
0.13616 
0.0634062 
0.103621 
0.187127 
0.153924 
0.103778 
0.138903 
0.0795009 
0.0472234 
0.0810421 
0.12645 
0.0695193 
0.0841027 
0.127925 
0.11367 
0.144645 
0.0543671 
0.133102 
0.207717 
0.167245 
0.124552 
0.211574 
