0
1.25162 
0.260257 
0.102043 
0.197735 
0.109464 
0.0625498 
0.0763012 
0.0554413 
0.0466251 
0.0542612 
0.115728 
0.137585 
0.105836 
0.137543 
0.13968 
0.085248 
0.081443 
0.0465997 
0.0819938 
0.047763 
0.138202 
0.17584 
0.0829635 
0.0222846 
0.0851683 
0.0989003 
0.112906 
0.0587008 
0.0701059 
0.138733 
0.174733 
0.0733724 
0.0347369 
0.154705 
0.223438 
0.0972769 
0.0408867 
0.0678806 
0.0767606 
0.0743485 
0.0530645 
0.0479184 
0.0477388 
0.0891312 
0.119153 
0.143215 
0.148563 
0.0593379 
0.0805677 
0.141375 
0.102334 
0.0819208 
0.123408 
0.154893 
0.0537232 
0.0914211 
0.0604703 
0.0510755 
0.112748 
0.0875796 
0.0924966 
0.14556 
0.205441 
0.140682 
0.0470051 
0.130179 
0.0805666 
0.105017 
0.0981337 
0.0913666 
0.0957252 
0.079223 
0.0996273 
0.195204 
0.269845 
0.170715 
0.0673674 
0.0819369 
0.139668 
0.230533 
0.232532 
0.130673 
0.11283 
0.154424 
0.0641389 
0.135914 
0.100113 
0.182416 
0.0408731 
0.144141 
0.116526 
0.130203 
0.0662176 
0.0881194 
0.101926 
0.0935843 
0.0977734 
0.108311 
0.0930295 
0.0164787 
0.0483974 
0.0615838 
0.0491676 
0.109877 
0.0749444 
0.0711849 
0.119343 
0.045375 
0.133088 
0.108632 
0.048714 
0.0845589 
0.120396 
0.0966834 
0.0617921 
0.0538019 
0.0717965 
0.0824133 
0.100295 
0.0497678 
0.0673075 
0.0462281 
0.0415131 
0.0893737 
0.0936171 
0.0660549 
0.0768249 
0.0776225 
0.107068 
0.0748766 
0.208552 
0.169721 
0.250831 
0.244108 
0.0662106 
0.0512849 
0.0776973 
0.0410961 
0.0850493 
0.102029 
0.122002 
0.0631705 
0.0734684 
0.0502263 
0.0391264 
0.0492847 
0.0704631 
0.0635909 
0.0327545 
0.0683951 
0.059696 
0.0518143 
0.0984059 
0.0828994 
0.117154 
0.0949371 
0.0975086 
0.0872842 
0.1 
0.098962 
0.0529179 
0.0747988 
0.0861371 
0.0579796 
0.165501 
0.467317 
0.25412 
0.170877 
0.0896973 
0.152833 
0.0822401 
0.0920307 
0.101305 
0.133088 
0.0846653 
0.0913819 
0.0821976 
0.0901718 
0.145705 
