0
2.08113 
0.603598 
0.115602 
0.073759 
0.157032 
0.0920997 
0.12155 
0.0655584 
0.103452 
0.157504 
0.0992856 
0.105838 
0.14062 
0.180742 
0.0999341 
0.0700692 
0.0493999 
0.117263 
0.0581171 
0.0528294 
0.123652 
0.109063 
0.0581208 
0.0455354 
0.085326 
0.113759 
0.129474 
0.0742463 
0.122839 
0.0555129 
0.0554125 
0.0833589 
0.0649492 
0.0418909 
0.0541445 
0.0739993 
0.133869 
0.109609 
0.0527355 
0.0998058 
0.128962 
0.03349 
0.0271834 
0.0856763 
0.178519 
0.164339 
0.121175 
0.136619 
0.123482 
0.0844215 
0.07426 
0.125811 
0.139492 
0.109614 
0.103299 
0.0533496 
0.0504767 
0.0969322 
0.136284 
0.146995 
0.125617 
0.138112 
0.186352 
0.231871 
0.200515 
0.0556242 
0.13396 
0.214398 
0.208747 
0.101125 
0.0842762 
0.166126 
0.196536 
0.0699407 
0.122453 
0.162156 
0.0884318 
0.0344165 
0.108622 
0.180798 
0.0413039 
0.126894 
0.151074 
0.116313 
0.0571872 
0.106025 
0.0581733 
0.0838946 
0.0749019 
0.119007 
0.133533 
0.198372 
0.162188 
0.211618 
0.276885 
0.2203 
0.127241 
0.0536524 
0.170123 
0.220379 
0.163216 
0.126356 
0.140742 
0.164931 
0.159087 
0.196941 
0.153881 
0.109194 
0.162756 
0.148195 
0.193456 
0.154562 
0.0612883 
0.101126 
0.265721 
0.209062 
0.155529 
0.10309 
0.101318 
0.13059 
0.0967887 
0.0850246 
0.0368226 
0.0666855 
0.18993 
0.0393513 
0.143048 
0.114834 
0.0503179 
0.130813 
0.199414 
0.246203 
0.192972 
0.185795 
0.175354 
0.140492 
0.165524 
0.167105 
0.072365 
0.0534958 
0.0669698 
0.123775 
0.10683 
0.0346616 
0.0993763 
0.130674 
0.065136 
0.0489278 
0.0682795 
0.121159 
0.0939472 
0.0898503 
0.190694 
0.136356 
0.0751841 
0.11953 
0.168618 
0.194748 
0.219793 
0.103583 
0.0597343 
0.229655 
0.198892 
0.091293 
0.0720595 
0.115058 
0.0838702 
0.0854601 
0.165246 
0.129919 
0.0678464 
0.0989268 
0.0584753 
0.14082 
0.12785 
0.0772597 
0.053176 
0.0975909 
0.0780522 
