0
1.1204 
0.334584 
0.356219 
0.159034 
0.128426 
0.121274 
0.27012 
0.1441 
0.135693 
0.102822 
0.147916 
0.147754 
0.172103 
0.218058 
0.221006 
0.130583 
0.0886505 
0.123796 
0.078788 
0.137085 
0.193642 
0.249708 
0.197858 
0.225036 
0.0575509 
0.105009 
0.0959434 
0.0661492 
0.0686566 
0.125487 
0.148238 
0.157017 
0.190976 
0.057512 
0.0926266 
0.279169 
0.242765 
0.199589 
0.0704262 
0.288985 
0.259436 
0.336785 
0.412198 
0.303629 
0.0967584 
0.073116 
0.0883873 
0.10136 
0.0486217 
0.0665752 
0.195036 
0.105754 
0.244622 
0.180463 
0.0688084 
0.114674 
0.0836838 
0.132109 
0.215344 
0.151689 
0.157789 
0.192893 
0.123819 
0.0703306 
0.359564 
0.436937 
0.231252 
0.165492 
0.23161 
0.415367 
0.588815 
0.290669 
0.157611 
0.105381 
0.101804 
0.187372 
0.219191 
0.057498 
0.0828303 
0.184628 
0.039024 
0.371169 
0.323265 
0.24862 
0.174861 
0.156291 
0.172018 
0.15906 
0.182373 
0.245921 
0.290866 
0.246344 
0.183067 
0.1418 
0.222196 
0.17854 
0.124962 
0.227394 
0.15064 
0.175769 
0.174404 
0.136638 
0.19011 
0.215382 
0.281341 
0.144263 
0.17364 
0.212322 
0.216043 
0.147976 
0.153017 
0.235464 
0.242251 
0.139065 
0.0900391 
0.103427 
0.174138 
0.119978 
0.140048 
0.218691 
0.146918 
0.144697 
0.213306 
0.257145 
0.169692 
0.0713581 
0.254079 
0.284802 
0.119279 
0.0504091 
0.0723563 
0.0607681 
0.0827871 
0.193492 
0.267622 
0.21654 
0.204504 
0.135274 
0.13514 
0.132948 
0.204473 
0.254612 
0.245224 
0.135562 
0.102285 
0.126297 
0.205845 
0.181354 
0.0961503 
0.132582 
0.125581 
0.195872 
0.166418 
0.0595414 
0.121103 
0.174091 
0.242364 
0.222921 
0.163239 
0.171947 
0.287104 
0.153675 
0.0853059 
0.289365 
0.323064 
0.144658 
0.158646 
0.162824 
0.0781123 
0.216534 
0.185415 
0.149851 
0.214021 
0.223419 
0.228117 
0.176964 
0.179935 
0.236595 
0.238758 
