0
0.926884 
0.185647 
0.111005 
0.119076 
0.222338 
0.137413 
0.204651 
0.151863 
0.224519 
0.372534 
0.122283 
0.209176 
0.340052 
0.229392 
0.154306 
0.274492 
0.154613 
0.131709 
0.0952799 
0.0931983 
0.141035 
0.0527338 
0.392828 
0.319547 
0.130844 
0.118595 
0.280171 
0.16774 
0.590541 
0.113787 
0.270265 
0.149239 
0.0970174 
0.221678 
0.232559 
0.1181 
0.234604 
0.534203 
0.482463 
0.0921791 
0.152702 
0.141958 
0.246994 
0.147758 
0.334858 
0.490002 
0.159278 
0.128968 
0.199769 
0.249413 
0.188212 
0.38507 
0.257817 
0.166647 
0.309846 
0.250719 
0.24176 
0.164041 
0.106228 
0.235748 
0.241236 
0.193007 
0.199459 
0.195515 
0.0910976 
0.260925 
0.136562 
0.201275 
0.185048 
0.201823 
0.0928918 
0.0809232 
0.134228 
0.584047 
0.441567 
0.268444 
0.428861 
0.165959 
0.115936 
0.146664 
0.167146 
0.357227 
0.0954995 
0.187688 
0.37068 
0.205111 
0.323633 
0.621129 
0.227446 
0.230432 
0.138487 
0.160295 
0.102462 
0.131068 
0.0668493 
0.0773487 
0.106254 
0.153631 
0.178804 
0.359344 
0.187469 
0.450557 
0.27881 
0.141631 
0.102436 
0.0958045 
0.224483 
0.0783728 
0.286493 
0.321737 
0.253407 
0.321317 
0.136826 
0.250226 
0.233476 
0.172711 
0.0527085 
0.0657113 
0.277363 
0.0959561 
0.0911363 
0.129121 
0.269238 
0.0906782 
0.282756 
0.0723544 
0.424935 
0.114706 
0.262224 
0.0703216 
0.152278 
0.317539 
0.190367 
0.212596 
0.208561 
0.147683 
0.0890951 
0.107358 
0.110834 
0.113416 
0.0984798 
0.0759493 
0.356634 
0.152763 
0.0999785 
0.0670256 
0.233755 
0.102576 
0.314979 
0.147387 
0.241048 
0.661165 
0.360026 
0.13571 
0.472367 
0.0566431 
0.137171 
0.166032 
0.152351 
0.0883563 
0.19698 
0.148952 
0.0777665 
0.157007 
0.188422 
0.204879 
0.141338 
0.178389 
0.0871205 
0.315089 
0.214334 
0.183519 
0.24349 
0.121983 
0.988778 
0.163592 
1.34267 
1.09042 
0.298688 
