0
1.01024 
0.151204 
0.110216 
0.0750431 
0.0265107 
0.100301 
0.0753201 
0.169349 
0.0827395 
0.0946078 
0.158771 
0.0965103 
0.101426 
0.0570596 
0.111009 
0.158659 
0.0852288 
0.0747493 
0.126495 
0.0729133 
0.0789415 
0.100832 
0.0736746 
0.084139 
0.0517908 
0.069597 
0.0376433 
0.0847267 
0.0746567 
0.0727327 
0.103131 
0.0324075 
0.0315911 
0.0478365 
0.0832822 
0.0725605 
0.0366956 
0.0404987 
0.0459493 
0.122414 
0.0737359 
0.0341242 
0.0780871 
0.134021 
0.111962 
0.145547 
0.0684875 
0.140091 
0.159642 
0.0589999 
0.0640213 
0.134556 
0.149453 
0.0729668 
0.110113 
0.103291 
0.0818774 
0.0607298 
0.0736358 
0.080898 
0.0677107 
0.0672495 
0.168721 
0.0811101 
0.0358389 
0.0596207 
0.0941397 
0.0602025 
0.0724539 
0.129502 
0.121623 
0.0590976 
0.0652944 
0.0817128 
0.0409293 
0.0467301 
0.0665305 
0.096347 
0.0300449 
0.0323192 
0.0686491 
0.0635012 
0.0820987 
0.135268 
0.191513 
0.246437 
0.138487 
0.129271 
0.153617 
0.120568 
0.103384 
0.119418 
0.163637 
0.120192 
0.0992998 
0.152478 
0.0937628 
0.0675205 
0.14986 
0.0227638 
0.136551 
0.119359 
0.144607 
0.167454 
0.0691402 
0.045196 
0.090713 
0.0721682 
0.0862519 
0.077357 
0.0710142 
0.0336208 
0.0610271 
0.0735922 
0.0208143 
0.0508705 
0.0684711 
0.0718162 
0.0564796 
0.0874369 
0.064955 
0.0724764 
0.084882 
0.106155 
0.0625857 
0.0319901 
0.105859 
0.0930282 
0.0425185 
0.0774361 
0.133251 
0.077606 
0.0876964 
0.0818884 
0.0462622 
0.124815 
0.0906512 
0.0715847 
0.0865 
0.120508 
0.118582 
0.0532515 
0.0432265 
0.0854372 
0.0941406 
0.0651924 
0.156572 
0.0755829 
0.0235786 
0.131233 
0.0809508 
0.135303 
0.183547 
0.120393 
0.08923 
0.116664 
0.126191 
0.0755423 
0.0573721 
0.049988 
0.117646 
0.133775 
0.0629228 
0.0410953 
0.071399 
0.0955155 
0.140465 
0.142113 
0.0513106 
0.0841069 
0.103343 
0.0525506 
0.0580857 
0.0409203 
0.0558892 
0.0436706 
0.095628 
0.0793291 
0.0288915 
