0
0.969616 
0.12813 
0.10083 
0.136932 
0.251023 
0.147633 
0.073405 
0.0841719 
0.103825 
0.0775252 
0.0551281 
0.0833595 
0.0362043 
0.087244 
0.0401922 
0.0267449 
0.0327484 
0.0429743 
0.073679 
0.0627743 
0.0527538 
0.0954797 
0.129847 
0.0724157 
0.0494633 
0.041267 
0.0362361 
0.0964189 
0.142369 
0.0923958 
0.0114421 
0.0609029 
0.145978 
0.0449353 
0.0808734 
0.079492 
0.0465512 
0.0989078 
0.110373 
0.0854599 
0.057375 
0.0740081 
0.114698 
0.0783826 
0.0410118 
0.115398 
0.116948 
0.186002 
0.0963076 
0.103997 
0.065531 
0.04816 
0.0750712 
0.143637 
0.0522174 
0.0673022 
0.0383565 
0.0367579 
0.0941951 
0.0931523 
0.0724093 
0.113285 
0.0411613 
0.0500205 
0.0529398 
0.00885884 
0.0594507 
0.0301367 
0.0681124 
0.0738963 
0.12007 
0.048527 
0.0456903 
0.0905366 
0.0681347 
0.0559736 
0.078511 
0.0885762 
0.0685856 
0.099116 
0.187417 
0.573173 
0.219542 
0.173592 
0.127822 
0.17355 
0.120764 
0.100764 
0.115841 
0.0870295 
0.117239 
0.155686 
0.144909 
0.121076 
0.0456484 
0.135382 
0.123349 
0.0790292 
0.0710395 
0.0567603 
0.0483008 
0.0587461 
0.0785736 
0.17745 
0.152586 
0.108579 
0.0472103 
0.0738708 
0.0866008 
0.0668587 
0.0370786 
0.0153778 
0.0440024 
0.0694757 
0.066112 
0.0719215 
0.0866681 
0.0987851 
0.0679251 
0.0972844 
0.0253154 
0.0966901 
0.11634 
0.130425 
0.0587308 
0.05269 
0.0319808 
0.0484549 
0.05807 
0.0824639 
0.0656597 
0.0328063 
0.061761 
0.0444487 
0.0255335 
0.0363104 
0.0490031 
0.0518099 
0.0358926 
0.0338254 
0.0242084 
0.0886035 
0.0465099 
0.0685872 
0.0695755 
0.0742921 
0.0648441 
0.128089 
0.0822373 
0.0399374 
0.0268988 
0.0459163 
0.022857 
0.103979 
0.0624467 
0.195307 
0.123009 
0.0616527 
0.0744213 
0.0492243 
0.0532308 
0.0545821 
0.0356295 
0.041765 
0.0983386 
0.0751268 
0.0513971 
0.0581667 
0.0955585 
0.0413114 
0.0586047 
0.0502629 
0.0293905 
0.0693085 
0.0668404 
0.0886541 
0.0969252 
0.0888627 
0.0963585 
