0
1.10058 
0.17463 
0.113569 
0.107728 
0.0768816 
0.0789647 
0.0434797 
0.0461339 
0.045711 
0.0532212 
0.0750246 
0.0502089 
0.0433618 
0.0849316 
0.249367 
0.590603 
0.497711 
0.128757 
0.0551624 
0.0880582 
0.0827992 
0.0917004 
0.1572 
0.0785097 
0.0881111 
0.0680863 
0.083751 
0.0660094 
0.05819 
0.0484572 
0.0652613 
0.169431 
0.384103 
0.317573 
0.154785 
0.0318246 
0.168037 
0.110299 
0.078024 
0.0814631 
0.0836961 
0.121315 
0.0911484 
0.0774157 
0.107475 
0.0833642 
0.0787435 
0.115308 
0.112914 
0.135568 
0.0707021 
0.0758204 
0.0923588 
0.0676632 
0.132262 
0.103339 
0.0522042 
0.0652674 
0.0741462 
0.083274 
0.0233479 
0.049035 
0.0513451 
0.0378312 
0.0757371 
0.0474959 
0.0374127 
0.0484224 
0.0411662 
0.166303 
1.16358 
0.457663 
0.105783 
0.212827 
0.176749 
0.199272 
0.168162 
0.0457018 
0.0679728 
0.0438678 
0.0686395 
0.254463 
0.213049 
0.0853449 
0.167384 
0.0867088 
0.182757 
0.184603 
0.215996 
0.18508 
0.110644 
0.249779 
0.355895 
0.278989 
0.159966 
0.0605916 
0.267029 
0.593671 
0.322713 
0.200494 
0.136153 
0.24279 
0.133776 
0.123949 
0.0726721 
0.128219 
0.0517305 
0.0836517 
0.0690594 
0.0700288 
0.0767686 
0.0690809 
0.0555637 
0.0698021 
0.0207212 
0.0530289 
0.0679433 
0.0461909 
0.0501534 
0.033497 
0.0738439 
0.0350515 
0.0257259 
0.0825374 
0.0646701 
0.103185 
0.0876717 
0.0376578 
0.0525066 
0.0903745 
0.123924 
0.483815 
0.267058 
0.0455497 
0.0860935 
0.129968 
0.0930661 
0.0959744 
0.0658213 
0.0234685 
0.0620377 
0.0801976 
0.092057 
0.101635 
0.135457 
0.0475971 
0.038328 
0.0486257 
0.0330168 
0.0585369 
0.05332 
0.0794838 
0.0724671 
0.0617608 
0.0432206 
0.0270223 
0.0394586 
0.221977 
0.539999 
0.156672 
0.385856 
0.117508 
0.113416 
0.082635 
0.0523915 
0.10373 
0.150693 
0.089703 
0.0409324 
0.0720896 
0.0521395 
0.0332197 
0.054012 
0.0155425 
0.0619193 
0.107768 
0.057388 
0.0167252 
0.0391117 
