0
1.04921 
0.376758 
0.0715161 
0.120871 
0.045429 
0.0849465 
0.0773731 
0.0657905 
0.106437 
0.11893 
0.118167 
0.127498 
0.0885644 
0.172852 
0.236282 
0.091169 
0.0523201 
0.185633 
0.132787 
0.167035 
0.110955 
0.107874 
0.137258 
0.133194 
0.0511837 
0.138836 
0.174315 
0.174189 
0.175525 
0.176742 
0.0863554 
0.0628052 
0.18215 
0.178897 
0.0338863 
0.164547 
0.146279 
0.0445453 
0.0684483 
0.167425 
0.140588 
0.0952405 
0.0941461 
0.16468 
0.16068 
0.0877989 
0.138878 
0.146427 
0.0978512 
0.044466 
0.0578135 
0.162043 
0.0948046 
0.0581187 
0.0698045 
0.10393 
0.0681403 
0.0785562 
0.0825574 
0.087355 
0.0794386 
0.0886057 
0.0552528 
0.0742893 
0.116707 
0.0866689 
0.181465 
0.118276 
0.199667 
0.0914301 
0.171195 
0.12808 
0.143898 
0.10597 
0.123282 
0.224251 
0.138074 
0.129779 
0.0888603 
0.0980248 
0.120227 
0.150544 
0.190282 
0.129952 
0.0449753 
0.276961 
0.150304 
0.107631 
0.133722 
0.23297 
0.174231 
0.104057 
0.130863 
0.166681 
0.146479 
0.151383 
0.122087 
0.175123 
0.10127 
0.0903565 
0.120314 
0.0840825 
0.0682105 
0.0940916 
0.17019 
0.093668 
0.116033 
0.0958009 
0.0718692 
0.0731553 
0.11007 
0.123468 
0.0908063 
0.0600331 
0.133377 
0.163129 
0.145927 
0.104498 
0.142217 
0.130071 
0.0828706 
0.0839587 
0.145096 
0.21211 
0.246043 
0.114939 
0.18402 
0.118823 
0.26225 
0.154516 
0.125547 
0.11015 
0.130329 
0.03553 
0.0404572 
0.0387505 
0.0946883 
0.0919053 
0.0956196 
0.113228 
0.0786904 
0.119547 
0.162693 
0.115827 
0.0828501 
0.078036 
0.072101 
0.1429 
0.124341 
0.111395 
0.163099 
0.16398 
0.0604062 
0.0955353 
0.120004 
0.216642 
0.0713983 
0.16981 
0.142962 
0.0774823 
0.101009 
0.132692 
0.190912 
0.0994901 
0.0818299 
0.07617 
0.0449529 
0.0930629 
0.110144 
0.10624 
0.093035 
0.107394 
0.0717245 
0.112186 
0.0528387 
0.0548985 
0.0952147 
0.134192 
0.0384513 
