0
0.81041 
0.0678847 
0.11934 
0.12949 
0.0963358 
0.141953 
0.143262 
0.111072 
0.117828 
0.0839214 
0.112816 
0.123414 
0.0865211 
0.0985455 
0.172771 
0.0814644 
0.142238 
0.14918 
0.103198 
0.115181 
0.0333829 
0.121554 
0.206804 
0.068519 
0.0715923 
0.103411 
0.108663 
0.0964196 
0.135227 
0.115694 
0.127447 
0.107572 
0.101616 
0.0663514 
0.0511585 
0.143924 
0.126517 
0.0729531 
0.0620243 
0.115189 
0.197539 
0.0305478 
0.0108253 
0.0377309 
0.138024 
0.102968 
0.0612564 
0.0661681 
0.214175 
0.14254 
0.1929 
0.146038 
0.17779 
0.0870482 
0.151013 
0.091422 
0.0713512 
0.0802255 
0.0445599 
0.0402032 
0.109534 
0.157927 
0.0695198 
0.117505 
0.105939 
0.067047 
0.10721 
0.123153 
0.102551 
0.0775279 
0.157822 
0.122861 
0.0653646 
0.070394 
0.129085 
0.12704 
0.115308 
0.105933 
0.253558 
0.224556 
0.220106 
0.114072 
0.17177 
0.117707 
0.130009 
0.133676 
0.103239 
0.0867564 
0.0840967 
0.377363 
0.237039 
0.251008 
0.188135 
0.312661 
0.362232 
0.155254 
0.180635 
0.0699578 
0.0899663 
0.16564 
0.276658 
0.224722 
0.14925 
0.163002 
0.117328 
0.103691 
0.161044 
0.0757581 
0.114232 
0.100446 
0.12192 
0.108722 
0.0895762 
0.054267 
0.050267 
0.128925 
0.129095 
0.0445943 
0.0590184 
0.121617 
0.115301 
0.0824075 
0.121847 
0.0425928 
0.112316 
0.0925341 
0.116473 
0.117701 
0.103561 
0.177484 
0.108616 
0.0833054 
0.225085 
0.126648 
0.106781 
0.1068 
0.089245 
0.0870671 
0.0933277 
0.0665392 
0.119312 
0.0633507 
0.0745845 
0.0695814 
0.0924638 
0.0771164 
0.10414 
0.192433 
0.134519 
0.168545 
0.13207 
0.102838 
0.0532799 
0.137493 
0.0662177 
0.104033 
0.0789852 
0.0985886 
0.079079 
0.208958 
0.13672 
0.33005 
0.0740037 
0.138505 
0.1885 
0.151076 
0.268365 
0.152547 
0.0402215 
0.127136 
0.121962 
0.136562 
0.131853 
0.154821 
0.174414 
0.0991952 
0.156146 
0.130804 
0.044922 
