0
0.914334 
0.271032 
0.179426 
0.0768518 
0.0742839 
0.0638356 
0.150854 
0.133106 
0.141429 
0.0908189 
0.0984973 
0.131626 
0.0631792 
0.0097894 
0.0849842 
0.0351821 
0.0822133 
0.0410056 
0.0795059 
0.0339989 
0.137665 
0.0256691 
0.053764 
0.0489219 
0.0868488 
0.112012 
0.0348266 
0.063029 
0.0395242 
0.036547 
0.0264409 
0.0579679 
0.064405 
0.0368043 
0.050475 
0.147649 
0.176882 
0.2915 
0.0828252 
0.242419 
0.226755 
0.148666 
0.0727269 
0.0584134 
0.142998 
0.106614 
0.178426 
0.44048 
0.424525 
0.272793 
0.227174 
0.118798 
0.258682 
0.0807019 
0.102391 
0.0531109 
0.158681 
0.0807519 
0.212845 
0.0629391 
0.149257 
0.314 
0.22948 
0.100915 
0.0805279 
0.0510692 
0.162327 
0.190972 
0.424658 
0.108754 
0.379821 
0.179017 
0.340061 
0.173427 
0.161633 
0.0949123 
0.0786039 
0.142306 
0.0716605 
0.193965 
0.194537 
0.0920794 
0.135318 
0.0971357 
0.105737 
0.0645087 
0.0445377 
0.051342 
0.205708 
0.221429 
0.412149 
0.546144 
0.0939884 
0.27831 
0.109922 
0.38297 
0.457727 
0.175611 
0.356892 
0.196177 
0.182975 
0.244842 
0.0707441 
0.0873002 
0.0810039 
0.169264 
0.121548 
0.115281 
0.0964736 
0.0769885 
0.13921 
0.0973331 
0.0330013 
0.182362 
0.239931 
0.104171 
0.180248 
0.106838 
0.0507923 
0.162935 
0.867654 
0.286688 
0.287372 
0.306777 
0.808177 
0.188506 
0.405259 
0.0711532 
0.229213 
0.18818 
0.122721 
0.133629 
0.192546 
0.122826 
0.546203 
0.776196 
0.68766 
0.131924 
0.140297 
0.0863995 
0.236043 
0.152587 
0.145241 
0.0572104 
0.24783 
0.145485 
0.159285 
0.28676 
0.103672 
0.04104 
0.271597 
0.106825 
0.110682 
0.084085 
0.139678 
0.20618 
0.178851 
0.244711 
0.190938 
0.0669533 
0.0800925 
0.0564813 
0.0390684 
0.0678313 
0.104371 
0.102101 
0.088304 
0.0671246 
0.0315786 
0.0377461 
0.0727265 
0.0537012 
0.0367585 
0.0791729 
0.0576096 
0.124534 
0.0510713 
0.127709 
0.0861041 
