0
0.872601 
0.128216 
0.0592418 
0.0698269 
0.0669911 
0.122638 
0.161638 
0.113757 
0.0503093 
0.0813928 
0.126096 
0.0476395 
0.047537 
0.0408376 
0.0528286 
0.0613723 
0.0765273 
0.044747 
0.0737701 
0.0843781 
0.0828122 
0.0302343 
0.0715142 
0.0437699 
0.0380939 
0.00711211 
0.131097 
0.131956 
0.081165 
0.0997452 
0.0338881 
0.125028 
0.118124 
0.0346603 
0.0984975 
0.127949 
0.0454703 
0.060373 
0.0853534 
0.0214259 
0.0521249 
0.0741564 
0.102873 
0.0483164 
0.0461492 
0.0241852 
0.0567623 
0.125929 
0.0488131 
0.0368549 
0.0686353 
0.0518031 
0.0477816 
0.0852214 
0.084557 
0.0553243 
0.0709045 
0.0785284 
0.0717571 
0.066625 
0.0803536 
0.050875 
0.100847 
0.102259 
0.0543819 
0.048055 
0.0520662 
0.116514 
0.0848751 
0.0997035 
0.112245 
0.0801527 
0.0994683 
0.0660918 
0.0956582 
0.119775 
0.207592 
0.278425 
0.0928162 
0.0792195 
0.264972 
0.364821 
0.257653 
0.266471 
0.0725264 
0.209024 
0.134997 
0.191961 
0.143373 
0.0995675 
0.112505 
0.0931226 
0.0874971 
0.0809824 
0.106941 
0.212196 
0.0635499 
0.184712 
0.146843 
0.132991 
0.186774 
0.123377 
0.120949 
0.0560155 
0.157652 
0.218292 
0.217734 
0.202516 
0.0533604 
0.183771 
0.121219 
0.115576 
0.228603 
0.201777 
0.0912538 
0.0457385 
0.0879743 
0.0728322 
0.117815 
0.0973143 
0.0861846 
0.0664012 
0.152667 
0.0907944 
0.165564 
0.0736793 
0.168582 
0.200949 
0.144316 
0.0533294 
0.123959 
0.120769 
0.0763105 
0.100935 
0.102426 
0.105699 
0.0300384 
0.0568655 
0.0551141 
0.194086 
0.207663 
0.0659077 
0.165651 
0.201045 
0.0522923 
0.161235 
0.101069 
0.0627735 
0.0566933 
0.127866 
0.125782 
0.121931 
0.102266 
0.155963 
0.115294 
0.0949065 
0.0776181 
0.0911943 
0.0755165 
0.06148 
0.0528275 
0.0632272 
0.112536 
0.0769558 
0.0639313 
0.066923 
0.068642 
0.0832984 
0.0984924 
0.0692083 
0.0546597 
0.027205 
0.0521149 
0.0673145 
0.0436566 
0.115993 
0.0908203 
0.0932128 
0.112324 
