0
0.750283 
0.404555 
0.108197 
0.0862895 
0.217915 
0.0497045 
0.017232 
0.0976826 
0.0615027 
0.0987316 
0.123358 
0.069002 
0.106157 
0.244037 
0.196979 
0.307908 
0.323082 
0.130323 
0.0727926 
0.0704444 
0.0981542 
0.0868972 
0.101564 
0.0625984 
0.124727 
0.0821654 
0.0500286 
0.092162 
0.0638408 
0.0598342 
0.0260782 
0.0919086 
0.131715 
0.0291275 
0.0606286 
0.0721703 
0.10288 
0.0794892 
0.0495847 
0.154882 
0.181136 
0.181009 
0.120504 
0.123518 
0.0871714 
0.0777059 
0.187774 
0.0382244 
0.0852821 
0.123606 
0.0749403 
0.127725 
0.110746 
0.103001 
0.068025 
0.075394 
0.0856732 
0.0533644 
0.0930217 
0.211891 
0.145887 
0.143378 
0.0970038 
0.0495946 
0.130294 
0.10191 
0.142781 
0.0476136 
0.169585 
0.106524 
0.141198 
0.0770431 
0.0902236 
0.142277 
0.0639082 
0.124401 
0.0794235 
0.0541136 
0.0967083 
0.177263 
0.286675 
0.133409 
0.0466186 
0.216726 
0.0970073 
0.110334 
0.100061 
0.337521 
0.191656 
0.262016 
0.130039 
0.186447 
0.237037 
0.142652 
0.164066 
0.0853429 
0.122903 
0.224498 
0.168618 
0.123623 
0.129812 
0.0982806 
0.0729019 
0.264318 
0.111072 
0.158695 
0.135863 
0.181922 
0.134186 
0.198971 
0.0943889 
0.131118 
0.0644403 
0.117498 
0.0664248 
0.16302 
0.111081 
0.0885181 
0.113991 
0.0802318 
0.0949945 
0.105778 
0.0679932 
0.131326 
0.0533389 
0.0944624 
0.13877 
0.106667 
0.0881677 
0.0765421 
0.0938896 
0.102754 
0.201767 
0.434874 
0.073515 
0.0452917 
0.170037 
0.113103 
0.0834563 
0.0700037 
0.158348 
0.0940022 
0.0766858 
0.0803372 
0.0932006 
0.0264815 
0.0835047 
0.0450519 
0.253536 
0.779587 
0.286704 
0.228933 
0.189019 
0.203827 
0.0976536 
0.0587837 
0.0736587 
0.105495 
0.0654205 
0.0385834 
0.10993 
0.132036 
0.308446 
0.0848406 
0.783423 
0.42665 
0.221299 
0.0588916 
0.181209 
0.0741121 
0.0649837 
0.218627 
0.0393845 
0.0668073 
0.0460038 
0.0786357 
0.195544 
0.123626 
0.05212 
