0
0.944367 
0.154259 
0.054502 
0.0715199 
0.058717 
0.130367 
0.0743883 
0.0702128 
0.0757953 
0.0625243 
0.0634515 
0.0369554 
0.027803 
0.0585991 
0.0697881 
0.0475361 
0.0230953 
0.0371452 
0.110262 
0.126856 
0.116158 
0.0908285 
0.032989 
0.119325 
0.204135 
0.102412 
0.0866172 
0.0691473 
0.0432656 
0.0482442 
0.0420484 
0.0671463 
0.0619027 
0.0416218 
0.0340349 
0.0404341 
0.0262347 
0.0410173 
0.0298297 
0.0776958 
0.0935107 
0.0587989 
0.0139597 
0.0287105 
0.11622 
0.0785419 
0.0805268 
0.0931018 
0.0644113 
0.0461379 
0.107268 
0.0890973 
0.0468839 
0.0460129 
0.0837305 
0.1224 
0.0808935 
0.164156 
0.132178 
0.11228 
0.0465565 
0.0309498 
0.0683086 
0.073326 
0.0562447 
0.075355 
0.0733983 
0.118133 
0.0343519 
0.0762336 
0.0382187 
0.122348 
0.0390806 
0.128434 
0.0907074 
0.0498803 
0.0325752 
0.0508336 
0.0670346 
0.20083 
0.151542 
0.144496 
0.128206 
0.0738163 
0.0665542 
0.0756604 
0.0719036 
0.218444 
0.0903658 
0.145385 
0.110419 
0.0827323 
0.0483116 
0.0303944 
0.061108 
0.108812 
0.136943 
0.0707119 
0.0774624 
0.0789477 
0.0408681 
0.0719652 
0.0712321 
0.0686417 
0.0435202 
0.105508 
0.046092 
0.059945 
0.109248 
0.0978125 
0.0256168 
0.0759128 
0.187368 
0.164369 
0.10927 
0.0798128 
0.0828789 
0.0633411 
0.0395431 
0.0451839 
0.0862408 
0.0702745 
0.0678091 
0.0415811 
0.0981127 
0.0630926 
0.103307 
0.0816021 
0.113656 
0.0890502 
0.0706736 
0.0780566 
0.0738301 
0.0584995 
0.0624678 
0.0845308 
0.220236 
0.147097 
0.093141 
0.0756287 
0.0280379 
0.0891349 
0.146179 
0.143924 
0.0765708 
0.101009 
0.110498 
0.086111 
0.0565293 
0.071581 
0.0570303 
0.0652876 
0.0448025 
0.0729625 
0.0750277 
0.0593077 
0.0700961 
0.0870617 
0.0619553 
0.0473474 
0.0543681 
0.0308401 
0.0925715 
0.0931881 
0.0758078 
0.0592336 
0.0906431 
0.107301 
0.0824089 
0.100929 
0.0556142 
0.0391908 
0.054256 
0.0630061 
0.0732081 
0.0883027 
0.115008 
0.0464277 
0.0696098 
