0
1.32575 
0.190421 
0.0937494 
0.0471438 
0.0303387 
0.0662962 
0.0691946 
0.0250226 
0.0863345 
0.0124811 
0.0651018 
0.0925545 
0.0566673 
0.144655 
0.489159 
0.971766 
0.116958 
0.192374 
0.0888251 
0.031725 
0.0546537 
0.0293265 
0.0404725 
0.0459219 
0.0577315 
0.047418 
0.083489 
0.0649462 
0.10748 
0.08717 
0.1038 
0.46548 
0.268245 
0.209991 
0.0771021 
0.0797883 
0.0428152 
0.0468747 
0.0213521 
0.0377823 
0.0260167 
0.0410538 
0.0676701 
0.0335661 
0.0910319 
0.100849 
0.0543866 
0.0558144 
0.0533403 
0.0729101 
0.0830659 
0.0599781 
0.0611476 
0.0751044 
0.033336 
0.0556746 
0.0785777 
0.0841703 
0.132688 
0.0695739 
0.079287 
0.0616636 
0.0408603 
0.0471718 
0.0771614 
0.112515 
0.123368 
0.0782885 
0.08673 
0.0566287 
0.0481011 
0.102139 
0.0711681 
0.0960465 
0.064564 
0.140414 
0.034809 
0.0838197 
0.0763468 
0.139828 
0.119914 
0.0516364 
0.0635503 
0.088916 
0.0359192 
0.0700316 
0.0969117 
0.0544441 
0.0809348 
0.0903582 
0.118624 
0.166264 
0.112347 
0.128299 
0.11235 
0.147661 
0.152105 
0.0660172 
0.141178 
0.176773 
0.0889909 
0.0504119 
0.151852 
0.0993975 
0.0985648 
0.0467993 
0.0646348 
0.0445396 
0.162156 
0.0823358 
0.0853491 
0.0810494 
0.0620696 
0.111895 
0.156163 
0.16356 
0.114825 
0.168957 
0.195199 
0.0400758 
0.0591859 
0.117795 
0.0613441 
0.0662216 
0.0693244 
0.065883 
0.128925 
0.150256 
0.143586 
0.0442211 
0.0612313 
0.0565547 
0.0592386 
0.0677804 
0.0428455 
0.0406944 
0.0703963 
0.113073 
0.119997 
0.0999808 
0.0743799 
0.0510024 
0.0387837 
0.0478473 
0.0672639 
0.0601329 
0.0566323 
0.138436 
0.593337 
0.402606 
0.0535539 
0.0669238 
0.0675044 
0.141598 
0.128501 
0.0512919 
0.0585446 
0.0786536 
0.0760634 
0.053289 
0.0853992 
0.0726648 
0.0283627 
0.0564881 
0.053656 
0.0462544 
0.0801326 
0.0463705 
0.0466208 
0.0693378 
0.0795597 
0.17911 
0.140547 
0.0891107 
0.0618644 
0.0369238 
0.0228918 
0.0947493 
0.188424 
