0
0.791558 
0.142575 
0.0775826 
0.0344771 
0.0963054 
0.0580412 
0.0779173 
0.0892498 
0.0571115 
0.0710354 
0.0724507 
0.0752576 
0.18955 
0.0686326 
0.0658447 
0.0659719 
0.0444702 
0.0477855 
0.0844292 
0.0448925 
0.0715928 
0.066805 
0.0362253 
0.0488801 
0.0525188 
0.0684006 
0.066774 
0.0981858 
0.109096 
0.0727888 
0.0642174 
0.139075 
0.0967459 
0.0416709 
0.0311418 
0.05841 
0.0879838 
0.114908 
0.0701583 
0.0533458 
0.0977142 
0.0680846 
0.0697016 
0.0417797 
0.233545 
0.101755 
0.115194 
0.121633 
0.203539 
0.0765928 
0.178115 
0.174987 
0.0850092 
0.10482 
0.0497966 
0.093553 
0.0673088 
0.14363 
0.0857658 
0.147571 
0.1772 
0.133153 
0.0811613 
0.0737141 
0.0758628 
0.0630552 
0.055499 
0.0947572 
0.138107 
0.144656 
0.254226 
0.225258 
0.329759 
0.0972038 
0.096624 
0.0686272 
0.0442266 
0.0779233 
0.0668678 
0.0731838 
0.0580885 
0.0973025 
0.0936952 
0.134101 
0.112172 
0.162473 
0.153675 
0.153319 
0.236182 
0.136621 
0.150488 
0.241021 
0.14286 
0.102713 
0.208268 
0.12658 
0.0924158 
0.0814086 
0.256663 
0.0465327 
0.0493888 
0.101557 
0.280697 
0.22128 
0.116121 
0.157422 
0.214048 
0.194039 
0.145627 
0.0808383 
0.165618 
0.224292 
0.168572 
0.104649 
0.123834 
0.349332 
0.0570147 
0.517061 
0.332558 
0.446399 
0.176114 
0.880171 
0.51918 
0.275539 
0.157238 
0.117577 
0.496972 
0.122269 
0.363335 
0.128206 
0.269303 
0.238881 
0.123361 
0.883512 
0.139914 
0.551468 
0.415466 
0.472043 
0.076933 
0.118795 
0.445033 
0.114825 
0.45937 
0.196223 
0.411624 
0.446456 
0.431932 
0.40676 
0.588494 
0.233514 
0.313031 
0.643929 
0.250439 
0.814027 
0.300701 
0.788612 
0.93145 
0.467574 
0.168274 
0.110231 
0.154603 
0.106901 
0.0837225 
0.0610305 
0.092995 
0.0902345 
0.0167225 
0.0783685 
0.0937975 
0.131911 
0.0913984 
0.0762905 
0.0761731 
0.0969381 
0.0841759 
0.151237 
0.117796 
0.204867 
0.155664 
