0
1.48147 
0.282784 
0.0925247 
0.190705 
0.175583 
0.272988 
0.0986195 
0.188095 
0.119969 
0.224837 
0.150838 
0.274216 
0.114135 
0.129244 
0.226883 
0.158591 
0.160391 
0.151149 
0.18588 
0.175003 
0.22965 
0.0810325 
0.0855428 
0.108152 
0.334811 
0.251797 
0.177439 
0.077035 
0.0832024 
0.135464 
0.167118 
0.1182 
0.0806395 
0.170388 
0.170526 
0.0641659 
0.136778 
0.250892 
0.216057 
0.163639 
0.257315 
0.26667 
0.164905 
0.158341 
0.0972327 
0.161673 
0.203974 
0.164491 
0.250632 
0.0933019 
0.119962 
0.114439 
0.11066 
0.0948507 
0.14068 
0.180586 
0.187124 
0.113576 
0.0948365 
0.177988 
0.352898 
0.0825192 
0.183125 
0.095817 
0.122256 
0.252083 
0.101388 
0.134222 
0.154547 
0.14102 
0.126818 
0.151073 
0.246807 
0.0858175 
0.428211 
1.0243 
0.251141 
0.211313 
0.323153 
0.19381 
0.205993 
0.15994 
0.260055 
0.143301 
0.42514 
0.168877 
0.20749 
0.060902 
0.243551 
0.13985 
0.160801 
0.110967 
0.192394 
0.403223 
0.0785908 
0.0765171 
0.0896627 
0.0731827 
0.161426 
0.150974 
0.129509 
0.0383139 
0.15062 
0.122082 
0.0873973 
0.0996641 
0.112543 
0.26594 
0.0892259 
0.138199 
0.183564 
0.226251 
0.0801952 
0.110801 
0.194871 
0.091165 
0.0821989 
0.0818862 
0.102092 
0.180457 
0.154459 
0.112614 
0.0925625 
0.184267 
0.0594556 
0.175667 
0.135149 
0.0874736 
0.165814 
0.113398 
0.17132 
0.197204 
0.154922 
0.126789 
0.0613276 
0.137587 
0.106531 
0.163155 
0.223137 
0.123405 
0.125851 
0.164714 
0.0671904 
0.168762 
0.252649 
0.178371 
0.33772 
0.132312 
0.32499 
0.221912 
0.159362 
0.263784 
0.169379 
0.322684 
0.389408 
0.0675516 
0.0613216 
0.211973 
0.238276 
0.263186 
0.182298 
0.107838 
0.134612 
0.276878 
0.109939 
0.311861 
0.0807393 
0.202649 
0.13756 
0.17182 
0.059587 
0.292625 
0.11832 
0.145872 
0.112175 
0.0846428 
0.233765 
0.0907575 
0.191366 
