0
1.36958 
0.220232 
0.0826891 
0.0860915 
0.0424029 
0.0290757 
0.0189245 
0.0361979 
0.0464631 
0.0446154 
0.0928283 
0.0489936 
0.0769218 
0.081655 
0.101181 
0.0676319 
0.0885939 
0.0965503 
0.130797 
0.103326 
0.0525769 
0.114535 
0.0893979 
0.0756929 
0.0882205 
0.145272 
0.0731712 
0.158189 
0.0504361 
0.0990628 
0.0943702 
0.124865 
0.060416 
0.0861226 
0.0919536 
0.0642477 
0.0416679 
0.0589389 
0.0660675 
0.110336 
0.0757504 
0.145866 
0.0344558 
0.0457473 
0.0584407 
0.0658467 
0.0619065 
0.0665867 
0.141998 
0.115683 
0.0947493 
0.035576 
0.139636 
0.0999865 
0.118688 
0.0531088 
0.147873 
0.0346445 
0.0969507 
0.0860412 
0.137365 
0.15605 
0.125794 
0.112557 
0.0285803 
0.0887382 
0.104633 
0.0825199 
0.0826695 
0.0244099 
0.063373 
0.0835573 
0.0264405 
0.117946 
0.111456 
0.0805352 
0.123193 
0.113708 
0.216587 
0.211149 
0.0940485 
0.0586946 
0.146488 
0.110997 
0.224737 
0.164321 
0.262466 
0.085698 
0.105293 
0.148147 
0.148344 
0.152315 
0.0505875 
0.0707039 
0.0861129 
0.0535749 
0.043181 
0.0296738 
0.100879 
0.0221022 
0.0151253 
0.121318 
0.0999632 
0.0472099 
0.0318344 
0.0363046 
0.0823821 
0.0470047 
0.157765 
0.160962 
0.113747 
0.0825844 
0.0557978 
0.0662902 
0.173225 
0.211875 
0.137745 
0.12947 
0.0850881 
0.0473693 
0.0434574 
0.0328869 
0.0569196 
0.0360328 
0.021157 
0.0510226 
0.0367235 
0.0347464 
0.0877947 
0.0195651 
0.0461551 
0.0624309 
0.126478 
0.082114 
0.082286 
0.110452 
0.098547 
0.0482122 
0.0550383 
0.086483 
0.087904 
0.0807887 
0.0815636 
0.0336836 
0.0313778 
0.03563 
0.0838909 
0.0491369 
0.0534382 
0.0715556 
0.319883 
0.16232 
0.0864268 
0.0747863 
0.113146 
0.0771899 
0.219647 
0.0480089 
0.127109 
0.200553 
0.93684 
0.209525 
0.174864 
0.176977 
0.131177 
0.244529 
0.139445 
0.0750275 
0.0621847 
0.041228 
0.0842039 
0.105285 
0.105037 
0.0557002 
0.0415567 
0.0453979 
0.0461022 
0.148028 
0.173947 
