0
0.744578 
0.21988 
0.104994 
0.065254 
0.0630097 
0.0931929 
0.0556929 
0.226883 
0.102838 
0.191737 
0.164333 
0.236878 
0.154497 
0.100172 
0.0442574 
0.0329414 
0.0384579 
0.0934881 
0.1356 
0.342104 
0.314535 
0.322958 
0.194476 
0.383251 
0.753954 
0.235592 
0.163643 
0.141683 
0.0402904 
0.0718438 
0.0869095 
0.127842 
0.28751 
0.200099 
0.15298 
0.175725 
0.201501 
0.123583 
0.0679307 
0.116707 
0.0943727 
0.0630182 
0.224655 
0.137644 
0.105961 
0.11219 
0.132091 
0.0389592 
0.0541853 
0.21213 
0.0959418 
0.0986814 
0.127874 
0.130874 
0.209917 
0.139109 
0.11203 
0.105747 
0.114305 
0.027927 
0.13132 
0.122451 
0.0665249 
0.0824101 
0.0894826 
0.063557 
0.122012 
0.141183 
0.0753087 
0.27768 
0.24938 
0.284008 
0.141586 
0.200494 
0.155424 
0.271213 
0.164622 
0.074592 
0.269291 
0.0754661 
0.200222 
0.160754 
0.322875 
0.0911926 
0.26684 
0.102255 
0.0968587 
0.170995 
0.23516 
0.267461 
0.244614 
0.41829 
0.492366 
0.116994 
0.150296 
0.163855 
0.0544109 
0.14846 
0.25259 
0.214808 
0.110178 
0.119549 
0.123679 
0.0559189 
0.0602477 
0.0923001 
0.0620726 
0.126039 
0.123842 
0.136819 
0.227217 
0.135972 
0.124888 
0.0637117 
0.0635377 
0.17193 
0.0518057 
0.120929 
0.127388 
0.105561 
0.0777964 
0.0724646 
0.117731 
0.0581558 
0.176014 
0.0941097 
0.242205 
0.102564 
0.255835 
0.133193 
0.15397 
0.218589 
0.115799 
0.127009 
0.0509771 
0.0803633 
0.0923755 
0.0800788 
0.189115 
0.129285 
0.0560818 
0.0915438 
0.0519386 
0.0626821 
0.0769349 
0.0943369 
0.0743653 
0.138677 
0.125596 
0.0816908 
0.119754 
0.104393 
0.300568 
0.337987 
0.291825 
0.218458 
0.212288 
0.131072 
0.319355 
0.136106 
0.122046 
0.223801 
0.152174 
0.174719 
0.208181 
0.053856 
0.0346489 
0.140841 
0.0644789 
0.1332 
0.24958 
0.217579 
0.143337 
0.0995351 
0.253018 
0.193162 
0.13323 
0.0994148 
0.207174 
