0
1.49026 
0.197412 
0.115904 
0.0644197 
0.0929021 
0.0865517 
0.307491 
0.187165 
0.108035 
0.0662645 
0.0818492 
0.0401204 
0.102784 
0.0471217 
0.0852869 
0.0840766 
0.0912087 
0.0752389 
0.0443549 
0.0465893 
0.068541 
0.0476941 
0.162806 
0.238197 
0.157852 
0.101722 
0.0715559 
0.181833 
1.01835 
0.697757 
0.309072 
0.284239 
0.409117 
0.0976692 
0.149234 
0.155032 
0.128878 
0.153762 
0.216795 
0.068215 
0.0729827 
0.116114 
0.100493 
0.23001 
0.307563 
0.176494 
0.204647 
0.447947 
0.122697 
0.120527 
0.146349 
0.0471449 
0.0714099 
0.136982 
0.162626 
0.26791 
0.11508 
0.101097 
0.112059 
0.11359 
0.0678238 
0.0360426 
0.0846702 
0.0721948 
0.198143 
0.22555 
0.380301 
0.0426378 
0.383048 
0.20666 
0.121499 
0.146876 
0.171434 
0.0512833 
0.154209 
0.171924 
0.209776 
0.331176 
0.108164 
0.0955602 
0.120995 
0.0696359 
0.10659 
0.0935809 
0.249796 
0.155209 
0.10899 
0.194948 
0.0920936 
0.140538 
0.105972 
0.204986 
0.0325503 
0.236973 
0.361847 
0.157968 
0.0989489 
0.222153 
0.0748668 
0.107219 
0.0678733 
0.145415 
0.0665471 
0.0610613 
0.0511016 
0.105564 
0.0460099 
0.0796318 
0.0922522 
0.100619 
0.06722 
0.0986668 
0.143441 
0.139378 
0.291164 
0.155807 
0.298001 
0.344236 
0.249245 
0.290051 
0.316972 
0.437161 
0.272247 
0.378265 
0.381641 
0.253628 
0.0942071 
0.845106 
0.969829 
0.851675 
0.348116 
0.243009 
0.134036 
0.126905 
0.0712939 
0.0750604 
0.112443 
0.141179 
0.114367 
0.108779 
0.0539398 
0.0873141 
0.140195 
0.190928 
0.181642 
0.196708 
0.103556 
0.136582 
0.127438 
0.128847 
0.102993 
0.106033 
0.109971 
0.220762 
0.35241 
0.333617 
0.0859093 
0.0859922 
0.132131 
0.0876386 
0.159166 
0.077539 
0.0775998 
0.119171 
0.12692 
0.0753963 
0.120718 
0.104008 
0.0974502 
0.107179 
0.0953082 
0.162636 
0.189102 
0.248347 
0.286901 
0.312309 
0.162816 
0.848407 
0.11575 
