0
1.7583 
0.249872 
0.246909 
0.138564 
0.17178 
0.164046 
0.205973 
0.156636 
0.223375 
0.260298 
0.102782 
0.0918933 
0.106046 
0.249482 
0.187865 
0.13086 
0.262189 
0.140865 
0.0958872 
0.0828183 
0.103544 
0.180968 
0.122026 
0.0622649 
0.0971341 
0.0880411 
0.0679907 
0.0944579 
0.101354 
0.116282 
0.110015 
0.120949 
0.110635 
0.0800293 
0.113991 
0.128612 
0.112358 
0.150157 
0.183011 
0.113853 
0.13201 
0.118701 
0.0711218 
0.0777166 
0.0484402 
0.0863311 
0.143435 
0.279196 
0.188406 
0.13842 
0.129819 
0.11716 
0.0781449 
0.0878243 
0.106554 
0.0542198 
0.0909016 
0.0765716 
0.0859216 
0.18684 
0.147913 
0.0661466 
0.274137 
0.199771 
0.234542 
0.106762 
0.0914109 
0.0917273 
0.193099 
0.0867461 
0.0800758 
0.24432 
0.213756 
0.118128 
0.0934016 
0.245676 
0.114711 
0.11705 
0.212997 
0.154505 
0.217582 
0.123408 
0.0801374 
0.396321 
0.143481 
0.146122 
0.134848 
0.231933 
0.183363 
0.199837 
0.296205 
0.296525 
0.212041 
0.109292 
0.124748 
0.030401 
0.157342 
0.0644336 
0.108584 
0.295167 
0.121474 
0.0303111 
0.12332 
0.0988947 
0.0984068 
0.110918 
0.115936 
0.11596 
0.0460307 
0.0943238 
0.0933541 
0.0882537 
0.0945938 
0.0846683 
0.107946 
0.131842 
0.106081 
0.157485 
0.0895632 
0.118699 
0.0786343 
0.170651 
0.103367 
0.0610534 
0.128577 
0.16971 
0.139055 
0.107692 
0.0796643 
0.0700022 
0.0862223 
0.0523524 
0.0473867 
0.12819 
0.171381 
0.160442 
0.133124 
0.22155 
0.168955 
0.0737293 
0.119989 
0.117157 
0.0570867 
0.111183 
0.0591387 
0.502221 
0.191597 
0.204084 
0.124943 
0.140865 
0.223328 
0.101417 
0.0797641 
0.271233 
0.305047 
0.45789 
0.110494 
0.236222 
0.294369 
0.303175 
0.100277 
0.0905027 
0.0892977 
0.145743 
0.100711 
0.0611801 
0.225626 
0.152962 
0.0680933 
0.13485 
0.0934947 
0.126015 
0.25502 
0.233452 
0.132807 
0.0622875 
0.143082 
0.147235 
0.0806037 
