0
0.820618 
0.108173 
0.165519 
0.056527 
0.0529959 
0.0748873 
0.0745637 
0.0710863 
0.109551 
0.112075 
0.0749966 
0.0736048 
0.0558973 
0.0876754 
0.0594776 
0.0931809 
0.0474656 
0.107459 
0.0513816 
0.0850403 
0.0312013 
0.106489 
0.0529519 
0.0178836 
0.0329506 
0.076096 
0.0652473 
0.0986097 
0.0832535 
0.0996649 
0.105035 
0.0303615 
0.0456463 
0.130631 
0.0816234 
0.0756755 
0.0595662 
0.0564336 
0.0598558 
0.0545227 
0.0637741 
0.0691205 
0.0595537 
0.100172 
0.0583241 
0.0983583 
0.0902454 
0.108649 
0.0891376 
0.114052 
0.0770484 
0.0819835 
0.0930891 
0.057595 
0.0781756 
0.0731705 
0.171332 
0.117787 
0.100761 
0.0964669 
0.0888966 
0.06659 
0.116517 
0.0845748 
0.0810702 
0.0727797 
0.0860242 
0.066278 
0.0778848 
0.124901 
0.0546227 
0.0742588 
0.0943484 
0.134818 
0.0809022 
0.0923904 
0.0773435 
0.0515956 
0.100129 
0.150621 
0.094385 
0.0915276 
0.0758528 
0.167898 
0.167904 
0.216412 
0.239638 
0.197633 
0.192108 
0.130978 
0.114691 
0.061808 
0.115988 
0.132699 
0.16765 
0.150671 
0.152726 
0.123935 
0.162094 
0.148596 
0.145279 
0.169582 
0.0672641 
0.10117 
0.105856 
0.0605877 
0.0711027 
0.0819539 
0.0966454 
0.152068 
0.161446 
0.0929843 
0.173165 
0.252341 
0.15386 
0.0342526 
0.0633492 
0.0868673 
0.0962272 
0.115747 
0.0435806 
0.0659358 
0.0678876 
0.0750936 
0.114589 
0.0762768 
0.0649509 
0.0581164 
0.058543 
0.0804442 
0.101109 
0.0829984 
0.0900514 
0.109321 
0.101589 
0.0692921 
0.0882402 
0.105039 
0.128314 
0.150461 
0.115714 
0.0902641 
0.0946279 
0.0724738 
0.152435 
0.1294 
0.0562366 
0.0784001 
0.0844062 
0.0595328 
0.123724 
0.118812 
0.133902 
0.100382 
0.11376 
0.0652798 
0.147124 
0.10556 
0.0606299 
0.205613 
0.200605 
0.0879529 
0.179707 
0.180145 
0.117993 
0.144155 
0.10571 
0.104213 
0.129898 
0.0738719 
0.0687114 
0.0787458 
0.0719662 
0.127276 
0.0852952 
0.113444 
0.115452 
0.167343 
0.0830352 
