0
1.41587 
0.260853 
0.08854 
0.0969458 
0.102294 
0.150779 
0.133117 
0.096883 
0.090892 
0.0831396 
0.113287 
0.139992 
0.0521892 
0.0861078 
0.0655271 
0.0409475 
0.0828046 
0.0346261 
0.034578 
0.0499248 
0.0885732 
0.0614083 
0.0735643 
0.046751 
0.066444 
0.0617362 
0.104709 
0.118405 
0.0265436 
0.0935028 
0.0895261 
0.487048 
0.482515 
0.297996 
0.350411 
0.106279 
0.18291 
0.106964 
0.124677 
0.17728 
0.110162 
0.176115 
0.063974 
0.0724241 
0.0584729 
0.0891273 
0.126753 
0.0515151 
0.0952993 
0.0513299 
0.0771351 
0.0760644 
0.0444455 
0.0850209 
0.092259 
0.0639377 
0.0498819 
0.0671238 
0.0609186 
0.0735106 
0.079531 
0.108657 
0.155936 
0.0573973 
0.0472429 
0.110316 
0.144039 
0.187522 
0.197441 
0.173142 
0.108179 
0.158438 
0.0707303 
0.098692 
0.19894 
0.0898913 
0.134176 
0.0405239 
0.344663 
0.0635124 
0.127907 
0.228289 
0.0644216 
0.328022 
0.328879 
0.166734 
0.252824 
0.1601 
0.0664939 
0.202505 
0.125046 
0.16808 
0.167262 
0.11915 
0.0521134 
0.0973286 
0.37395 
0.159 
0.186302 
0.177293 
0.173501 
0.125753 
0.0491378 
0.102102 
0.182693 
0.159245 
0.036364 
0.147404 
0.0547108 
0.0427366 
0.184344 
0.102464 
0.137136 
0.221357 
0.205686 
0.0532853 
0.219017 
0.104869 
0.0903206 
0.128332 
0.159168 
0.212865 
0.0716049 
0.146211 
0.0779099 
0.0917459 
0.0770286 
0.0602734 
0.0827387 
0.110489 
0.134984 
0.115653 
0.110125 
0.0807442 
0.112095 
0.0893411 
0.0710929 
0.321404 
0.186778 
0.0837011 
0.18841 
0.128117 
0.105885 
0.0871955 
0.104573 
0.125367 
0.0435498 
0.0597746 
0.14587 
0.100611 
0.0736668 
0.0365849 
0.0625003 
0.0537623 
0.0488226 
0.0380289 
0.0993985 
0.0623943 
0.054379 
0.0981834 
0.113375 
0.054769 
0.0677651 
0.0835565 
0.0290894 
0.0505666 
0.0870386 
0.0382373 
0.0858402 
0.14066 
0.11955 
0.15823 
0.0764656 
0.04963 
0.0615554 
0.0733151 
0.192995 
0.11168 
0.0416234 
