0
0.997864 
0.29735 
0.0657969 
0.0806696 
0.119836 
0.0678446 
0.0817991 
0.0516418 
0.0396624 
0.0543209 
0.0563798 
0.0501321 
0.0245994 
0.0470307 
0.0364143 
0.0632515 
0.0603529 
0.108536 
0.107198 
0.107819 
0.0678432 
0.0285545 
0.377645 
0.127298 
0.0381773 
0.0403984 
0.0386382 
0.061108 
0.0447072 
0.104165 
0.0534475 
0.0741979 
0.0689301 
0.0905337 
0.0192274 
0.0609131 
0.0594964 
0.0505592 
0.059321 
0.0323287 
0.0312335 
0.0431938 
0.0455583 
0.0639559 
0.0624539 
0.0328088 
0.0428968 
0.0665083 
0.075842 
0.136205 
0.0805653 
0.0392789 
0.0457325 
0.0510132 
0.0364038 
0.0447035 
0.0513607 
0.0715801 
0.182248 
0.167009 
0.231361 
0.0564034 
0.180476 
0.100975 
0.216418 
0.10996 
0.0760214 
0.0687444 
0.0259044 
0.118013 
0.0964882 
0.0568352 
0.0739101 
0.0762653 
0.0770136 
0.117967 
0.0944512 
0.0723619 
0.0752667 
0.0645499 
0.049817 
0.0778135 
0.116834 
0.192664 
0.0578622 
0.176907 
0.166584 
0.0641523 
0.0979432 
0.125589 
0.163596 
0.0915044 
0.130008 
0.130683 
0.40586 
0.127542 
0.0774045 
0.0962694 
0.114806 
0.288011 
0.0685479 
0.103056 
0.0679549 
0.0554682 
0.0472065 
0.171941 
0.177076 
0.124993 
0.144761 
0.231041 
0.190168 
0.26997 
0.116946 
0.149044 
0.107314 
0.259737 
0.168848 
0.161966 
0.133584 
0.168866 
0.0486992 
0.0347703 
0.105071 
0.232937 
0.202133 
0.181695 
0.0784595 
0.256594 
0.385061 
0.280986 
0.0955389 
0.11119 
0.110229 
0.145086 
0.0902751 
0.137098 
0.704514 
0.395477 
0.119602 
0.202971 
0.0980123 
0.0955514 
0.154214 
0.156628 
0.108041 
0.0924578 
0.0738469 
0.212059 
0.0506749 
0.157803 
0.0669162 
0.244437 
0.597179 
0.108746 
0.0732956 
0.0730965 
0.220986 
0.0767939 
0.0491306 
0.200691 
0.087931 
0.109521 
0.0790979 
0.0345629 
0.070616 
0.0534654 
0.0385303 
0.0503827 
0.0323008 
0.029477 
0.0296552 
0.0484686 
0.0600084 
0.0613755 
0.0763297 
0.0517043 
0.0540629 
0.0794806 
0.0705479 
