0
0.959832 
0.145467 
0.121086 
0.180375 
0.0727164 
0.12782 
0.0803568 
0.103644 
0.0585026 
0.0570355 
0.0700234 
0.143487 
0.232187 
0.191847 
0.247163 
0.141502 
0.356292 
0.429367 
0.57031 
0.25026 
0.201794 
0.129652 
0.2748 
0.187127 
0.200096 
0.410152 
0.124158 
0.128565 
0.0661462 
0.0526207 
0.140332 
0.0947954 
0.0796094 
0.103788 
0.169277 
0.105265 
0.10402 
0.0680249 
0.0950447 
0.2399 
0.122713 
0.177659 
0.0789856 
0.0919001 
0.104175 
0.0898788 
0.115185 
0.0795526 
0.145598 
0.14965 
0.0602112 
0.0543922 
0.0746725 
0.0936226 
0.139739 
0.172821 
0.22318 
0.0797461 
0.122883 
0.218555 
0.261148 
0.066041 
0.0586617 
0.115141 
0.0956108 
0.103156 
0.136312 
0.09419 
0.0601916 
0.045165 
0.0885544 
0.201594 
0.103394 
0.196425 
0.17826 
0.0856355 
0.128267 
0.101448 
0.0817218 
0.386729 
0.300499 
0.0747326 
0.0878109 
0.128714 
0.153027 
0.0949356 
0.140502 
0.0873065 
0.171978 
0.204719 
0.185184 
0.197621 
0.0840607 
0.149546 
0.0942729 
0.171402 
0.0104539 
0.0713699 
0.19523 
0.0747253 
0.128696 
0.110333 
0.244116 
0.181645 
0.103888 
0.270972 
0.242707 
0.0867765 
0.173245 
0.101108 
0.403064 
0.298233 
0.0795268 
0.0916594 
0.0912577 
0.0746809 
0.0579944 
0.111801 
0.176475 
0.122637 
0.0458437 
0.0567325 
0.0599385 
0.0912104 
0.175824 
0.179474 
0.117353 
0.157679 
0.187263 
0.116847 
0.3581 
0.198834 
0.104216 
0.120279 
0.229348 
0.243579 
0.111512 
0.0930678 
0.17561 
0.687821 
0.198653 
0.629979 
0.118463 
0.138157 
0.109498 
0.10013 
0.0797509 
0.0990126 
0.122542 
0.325767 
0.231969 
0.155645 
0.148621 
0.23634 
0.218012 
0.0414279 
0.0386256 
0.0819697 
0.158852 
0.141099 
0.116018 
0.17858 
0.127141 
0.14045 
0.0853692 
0.297045 
0.210434 
0.0805437 
0.0411871 
0.156519 
0.105997 
0.156226 
0.268486 
0.212669 
0.177067 
0.297373 
0.35127 
0.0729131 
0.0715846 
