0
1.1913 
0.167913 
0.113381 
0.126768 
0.114884 
0.252684 
0.0841955 
0.0782445 
0.122175 
0.137072 
0.11503 
0.0672085 
0.103686 
0.102898 
0.125789 
0.0674636 
0.111826 
0.07192 
0.188013 
0.135429 
0.224343 
0.115604 
0.0520301 
0.18775 
0.129386 
0.0802597 
0.144107 
0.350328 
0.305327 
0.356582 
0.327681 
0.0808328 
0.150996 
0.0869543 
0.0812343 
0.150765 
0.309299 
0.0501063 
0.0758568 
0.0742126 
0.105483 
0.0868982 
0.127827 
0.192446 
0.142495 
0.215479 
0.0745221 
0.196908 
0.304996 
0.321459 
0.235765 
0.0964823 
0.198695 
0.0860695 
0.268206 
0.103123 
0.325168 
0.25775 
0.249679 
0.105652 
0.218365 
0.311452 
0.0785606 
0.231072 
0.161307 
0.140256 
0.200535 
0.217602 
0.200157 
0.165259 
0.145299 
0.204147 
0.206789 
0.154807 
0.11443 
0.0795352 
0.163945 
0.172009 
0.263756 
0.212882 
0.0812872 
0.281061 
0.100002 
0.199991 
0.0623806 
0.115514 
0.0902286 
0.288367 
0.207182 
0.222332 
0.154032 
0.334447 
0.15775 
0.0704786 
0.113019 
0.0927181 
0.0887681 
0.118791 
0.125152 
0.13868 
0.158141 
0.297524 
0.328516 
0.120438 
0.203049 
0.133264 
0.11698 
0.088401 
0.115355 
0.0909826 
0.0342444 
0.0602134 
0.136328 
0.285034 
0.294681 
0.111416 
0.0623444 
0.104214 
0.0761378 
0.0931273 
0.0343337 
0.121751 
0.113958 
0.171933 
0.0941157 
0.210271 
0.0685199 
0.064564 
0.0799094 
0.103091 
0.0447982 
0.0587589 
0.0944115 
0.317915 
0.0971448 
0.0966519 
0.116442 
0.328669 
0.0632211 
0.102758 
0.0923879 
0.0908689 
0.0925151 
0.144341 
0.184259 
0.0709338 
0.0552848 
0.0734028 
0.0511324 
0.0515795 
0.0699848 
0.0953533 
0.131241 
0.0909644 
0.0804176 
0.158601 
0.103808 
0.0969952 
0.0701474 
0.0685613 
0.0550689 
0.147957 
0.038547 
0.0681032 
0.0981948 
0.0699734 
0.0709906 
0.117146 
0.117998 
0.0592833 
0.0532004 
0.148473 
0.119846 
0.069428 
0.120296 
0.0546532 
0.0508843 
0.0968719 
0.091459 
