0
1.16625 
0.28877 
0.112902 
0.0856653 
0.0478722 
0.117663 
0.0374117 
0.0594801 
0.0576407 
0.116209 
0.0879793 
0.102873 
0.0689725 
0.0720245 
0.0642172 
0.0738185 
0.114875 
0.069928 
0.0719858 
0.200918 
0.173321 
0.0895327 
0.0765577 
0.0914055 
0.130404 
0.0635907 
0.10792 
0.145312 
0.167922 
0.174257 
0.0630424 
0.0614928 
0.138018 
0.134209 
0.142286 
0.122505 
0.108236 
0.143318 
0.0581789 
0.15208 
0.145997 
0.200261 
0.129665 
0.0482797 
0.134013 
0.106945 
0.148028 
0.14472 
0.141855 
0.112665 
0.0678252 
0.0584842 
0.0887411 
0.0766814 
0.0908661 
0.0957953 
0.127561 
0.079533 
0.0489004 
0.0930483 
0.0375734 
0.082131 
0.0915654 
0.0787949 
0.0257925 
0.11864 
0.0742587 
0.146195 
0.202241 
0.16816 
0.283619 
0.263506 
0.12585 
0.0565694 
0.0537496 
0.0516172 
0.0409228 
0.0510159 
0.0466635 
0.0908664 
0.0897975 
0.067636 
0.108039 
0.105671 
0.0654163 
0.0859112 
0.0322253 
0.0628944 
0.0766456 
0.12759 
0.185323 
0.211275 
0.234779 
0.134477 
0.156042 
0.225126 
0.153815 
0.258037 
0.226173 
0.0965982 
0.0539842 
0.0794341 
0.13311 
0.13398 
0.0430112 
0.0563983 
0.0393645 
0.0853536 
0.0555654 
0.0595356 
0.188867 
0.0995639 
0.159614 
0.116351 
0.0496128 
0.0417676 
0.0157078 
0.0441626 
0.0237473 
0.095502 
0.168064 
0.238952 
0.132039 
0.0370765 
0.0377896 
0.0856217 
0.109455 
0.134841 
0.157489 
0.0629686 
0.118226 
0.15133 
0.136847 
0.134511 
0.121649 
0.12167 
0.168956 
0.112435 
0.210922 
0.14923 
0.0748466 
0.0795428 
0.104391 
0.106329 
0.0593081 
0.0812203 
0.173259 
0.121078 
0.0760449 
0.083341 
0.187102 
0.147087 
0.171843 
0.133714 
0.115613 
0.0904662 
0.105482 
0.0930302 
0.0498535 
0.134531 
0.101601 
0.0776212 
0.0687814 
0.148117 
0.052703 
0.0355929 
0.0689699 
0.153954 
0.0365375 
0.0660204 
0.103859 
0.173389 
0.0351504 
0.172324 
0.0844838 
0.041848 
0.044307 
0.0358333 
0.137001 
