0
0.987473 
0.173023 
0.0821908 
0.0275732 
0.0404658 
0.116475 
0.0444283 
0.0257639 
0.0153283 
0.0845511 
0.0526657 
0.0560925 
0.0262783 
0.0438244 
0.0289678 
0.0194574 
0.0440268 
0.0435008 
0.0664946 
0.0536512 
0.0599765 
0.0334297 
0.305039 
0.196508 
0.0757001 
0.130819 
0.0514778 
0.0682947 
0.0585542 
0.0765461 
0.0520207 
0.0436651 
0.0812183 
0.0693555 
0.0764796 
0.0443921 
0.0156996 
0.0497526 
0.0278865 
0.0893683 
0.0285248 
0.0634931 
0.0322977 
0.0236669 
0.032507 
0.0234456 
0.0317909 
0.0406779 
0.0305746 
0.0337865 
0.0555153 
0.0343798 
0.0521823 
0.0409385 
0.0678591 
0.00596207 
0.0275749 
0.0146021 
0.0244147 
0.035851 
0.0294137 
0.0387295 
0.0349838 
0.0749889 
0.0449837 
0.0660318 
0.0528855 
0.0888667 
0.749736 
0.290684 
0.102888 
0.0960491 
0.080294 
0.116812 
0.0924606 
0.0994772 
0.0828227 
0.134322 
0.0404652 
0.0535157 
0.0625553 
0.0299598 
0.0673571 
0.0211515 
0.0448882 
0.0829196 
0.0921669 
0.0512648 
0.0765223 
0.114579 
0.0961 
0.0641195 
0.0596186 
0.039902 
0.0589087 
0.00807374 
0.160703 
0.129603 
0.168309 
0.410309 
4.41757 
0.903986 
1.05529 
0.831172 
0.395063 
0.286937 
0.094687 
0.150705 
0.0932207 
0.118365 
0.0399125 
0.0272125 
0.0316151 
0.0462639 
0.0477658 
0.0232725 
0.126551 
0.0726499 
0.0389604 
0.0365597 
0.0486271 
0.128786 
0.060103 
0.0528595 
0.115926 
0.0502844 
0.102629 
0.0559384 
0.0946763 
0.0506415 
0.0626139 
0.137138 
0.052475 
0.0471955 
0.036747 
0.036536 
0.0553504 
0.0440477 
0.0730591 
0.110598 
0.0398456 
0.0503972 
0.0386687 
0.0773029 
0.124276 
0.0871195 
0.052085 
0.0344805 
0.0409541 
0.041777 
0.0624622 
0.0388378 
0.0825282 
0.086115 
0.0489927 
0.0234246 
0.0437426 
0.0515472 
0.056992 
0.0742234 
0.0504614 
0.0397899 
0.0407933 
0.0299795 
0.0457444 
0.0218778 
0.0680637 
0.0888043 
0.070075 
0.0338185 
0.399401 
0.241599 
0.155674 
0.0981242 
0.109807 
0.0276815 
0.173383 
0.0613387 
0.179978 
