0
0.889199 
0.261704 
0.11875 
0.13232 
0.181084 
0.179417 
0.192448 
0.149178 
0.185727 
0.226279 
0.0793341 
0.17481 
0.14885 
0.091324 
0.109077 
0.110606 
0.0371102 
0.0890968 
0.0850968 
0.12898 
0.101089 
0.066025 
0.0288667 
0.0964756 
0.0706062 
0.0717928 
0.0927129 
0.07034 
0.0634989 
0.054477 
0.0680712 
0.0886926 
0.0360733 
0.115339 
0.148622 
0.150312 
0.133401 
0.0524372 
0.0596043 
0.0783696 
0.0839741 
0.222979 
0.172611 
0.0389128 
0.0519558 
0.0673842 
0.0887263 
0.0860872 
0.20454 
0.0752983 
0.158792 
0.127989 
0.0981619 
0.0809909 
0.169585 
0.0309865 
0.0970716 
0.0735763 
0.0826062 
0.181581 
0.0792317 
0.214237 
0.0853724 
0.110533 
0.194716 
0.215029 
0.0774058 
0.0792805 
0.110203 
0.194116 
0.136811 
0.125776 
0.238212 
0.940591 
0.163328 
0.173885 
0.337912 
0.233082 
0.236736 
0.083802 
0.0822355 
0.16067 
0.204761 
0.0846936 
0.171574 
0.208904 
0.181693 
0.0406341 
0.169442 
0.10611 
0.137915 
0.0699316 
0.324951 
0.0916145 
0.282674 
0.34871 
0.250525 
0.174046 
0.247875 
0.336059 
0.215209 
0.145508 
0.12068 
0.101852 
0.130728 
0.0610281 
0.143707 
0.0583961 
0.125086 
0.1964 
0.313915 
0.0719614 
0.302556 
0.274647 
0.237491 
0.125593 
0.161142 
0.19168 
0.0941363 
0.132461 
0.197396 
0.0483197 
0.151715 
0.235299 
0.174045 
0.0723528 
0.200643 
0.0779998 
0.109989 
0.0744095 
0.166174 
0.222653 
0.0941974 
0.0663524 
0.269818 
0.238222 
0.258989 
0.112363 
0.111301 
0.246263 
0.159735 
0.0426003 
0.147402 
0.205975 
0.0798716 
0.235394 
0.174826 
0.0454952 
0.174563 
0.220579 
0.0736268 
0.177069 
0.26582 
0.129281 
0.0647788 
0.16385 
0.212338 
0.155357 
0.0338895 
0.249477 
0.313766 
0.201998 
0.117009 
0.382191 
0.348073 
0.179833 
0.226342 
0.0922522 
0.127362 
0.261322 
0.179873 
0.072855 
0.136454 
0.26372 
0.36124 
0.384219 
0.158069 
0.0312335 
0.240089 
