0
0.0604428 
0.0830014 
0.0474005 
0.0573398 
0.0537892 
0.202454 
0.56807 
0.627436 
0.125886 
0.229743 
0.385036 
0.1769 
0.184471 
0.294211 
0.22362 
0.111151 
0.145336 
0.149212 
0.109946 
0.0947745 
0.0642131 
0.0835932 
0.0664127 
0.0868393 
0.130661 
0.157094 
0.128472 
0.062205 
0.141973 
0.133585 
0.274863 
0.209978 
0.141131 
0.0667233 
0.0825339 
0.104447 
0.13206 
0.0714931 
0.0382467 
0.0254711 
0.0207515 
0.0805796 
0.0584168 
0.0575968 
0.0276322 
0.0664811 
0.0779165 
0.0620466 
0.105664 
0.0463414 
0.140457 
0.135194 
0.0958711 
0.0418475 
0.0343821 
0.110946 
0.106687 
0.0494633 
0.161777 
0.0841086 
1.13111 
3.19336 
0.923648 
2.24406 
0.333271 
0.17777 
0.118248 
0.141965 
0.356443 
0.686971 
0.459648 
0.273502 
0.214912 
0.0997488 
0.105299 
0.157951 
0.58659 
0.640515 
0.168695 
0.199193 
0.1524 
