0
0.0472223 
0.0833998 
0.0863048 
0.107623 
0.14178 
0.0948662 
0.156021 
0.203079 
0.110345 
0.152481 
0.37131 
0.345924 
0.182314 
0.16636 
0.0972996 
0.150724 
0.112382 
0.112012 
0.13538 
0.145649 
0.0585365 
0.105064 
0.0773179 
0.282866 
0.103621 
0.167086 
0.292847 
0.243904 
0.59116 
0.318618 
0.8041 
0.148078 
0.229082 
0.223128 
0.216957 
0.0754735 
0.131422 
0.0729353 
0.042654 
0.121616 
0.0913607 
0.0425538 
0.107065 
0.351967 
0.657631 
0.225408 
0.160481 
0.0777785 
0.0253945 
0.167031 
0.039395 
0.0882739 
0.0515378 
0.114546 
0.143976 
0.155209 
0.24517 
0.27196 
0.561749 
1.42233 
0.227146 
0.587832 
0.303227 
0.197944 
0.916474 
0.0904061 
0.337869 
0.50402 
0.478192 
0.22256 
0.29115 
0.545659 
0.506206 
0.153126 
1.13451 
1.54902 
0.931235 
0.255878 
0.298602 
0.511244 
0.225697 
