0
0.114671 
0.128531 
0.0863604 
0.0534489 
0.0500101 
0.0554471 
0.0727749 
0.0697686 
0.0302381 
0.0481488 
0.0613006 
0.0698937 
0.0419599 
0.0418105 
0.0638013 
0.0920586 
0.106351 
0.0205823 
0.111724 
0.0284239 
0.0436454 
0.0448748 
0.0517538 
0.0764355 
0.0596232 
0.144573 
0.0124018 
0.0406404 
0.0345967 
0.0342431 
0.075471 
0.0417228 
0.0834537 
0.0466072 
0.0598111 
0.0771013 
0.107062 
0.119363 
0.0493185 
0.0513005 
0.0894764 
0.0829857 
0.11478 
0.0661502 
0.0407617 
0.0735623 
0.0544771 
0.0554466 
0.0516752 
0.0237886 
0.0228538 
0.0514666 
0.055998 
0.0351397 
0.0504973 
0.0887005 
0.153804 
0.0845224 
0.0466881 
0.0312001 
0.0622444 
0.0484633 
0.0787653 
0.118023 
0.0460811 
0.076569 
0.0537214 
0.0432083 
0.0209044 
0.0972486 
0.0395113 
0.0748296 
0.0344196 
0.0647024 
0.0344453 
0.0500561 
0.0442071 
0.0411446 
0.0453814 
0.0650775 
0.0667198 
