0
0.0197391 
0.0449018 
0.089462 
0.0664799 
0.0391189 
0.110303 
0.141895 
0.0857148 
0.102766 
0.057306 
0.0851853 
0.0858226 
0.055123 
0.0586269 
0.110357 
0.034554 
0.0755338 
0.0984647 
0.053348 
0.0326558 
0.036148 
0.0606898 
0.0156005 
0.0577566 
0.11284 
0.0923757 
0.0521652 
0.0110265 
0.0385778 
0.0503704 
0.0437971 
0.0311656 
0.0581301 
0.0639417 
0.0596189 
0.0737817 
0.0103055 
0.0759921 
0.0732268 
0.0459706 
0.0188008 
0.0180373 
0.0234516 
0.0567003 
0.0555849 
0.128846 
0.227282 
0.307863 
0.336472 
0.282135 
0.178324 
0.126588 
0.0469592 
0.0478545 
0.0817808 
0.0892903 
0.0696891 
0.100269 
0.0845469 
0.0607626 
0.14351 
0.0993099 
0.0701475 
0.0857365 
0.0593197 
0.0399059 
0.812808 
1.07018 
0.255938 
0.0986089 
0.10623 
0.142361 
0.111143 
0.0647132 
0.0417103 
0.0668435 
0.10014 
0.0766869 
0.0683145 
0.0728245 
0.0646122 
