0
0.056923 
0.0787336 
0.0713205 
0.110404 
0.140719 
0.32786 
0.177713 
0.0903193 
0.0594297 
0.0166706 
0.0866235 
0.0834213 
0.159087 
0.0747378 
0.190135 
0.134892 
0.0722896 
0.0617667 
0.0867897 
0.0918925 
0.0899284 
0.100583 
0.0920863 
0.0522639 
0.0899614 
0.146987 
0.138222 
0.286164 
0.280281 
0.243104 
0.0673523 
0.131203 
0.0693827 
0.0487132 
0.0696904 
0.0565571 
0.0659744 
0.10018 
0.0322769 
0.149615 
0.0988545 
0.0375781 
0.0554821 
0.0304089 
0.0482775 
0.141246 
0.157874 
0.157554 
0.430564 
0.837027 
0.38585 
0.232941 
0.188189 
0.27302 
0.348858 
0.256291 
0.141388 
0.260528 
0.179506 
0.0630037 
0.0666268 
0.111124 
0.135029 
0.0895445 
0.102081 
0.113826 
0.0725095 
0.165113 
0.0881457 
0.0590712 
0.14645 
0.0997409 
0.0591797 
0.0536866 
0.0528957 
0.087423 
0.0925184 
0.0810235 
0.0702617 
0.0890777 
0.096537 
