0
0.125025 
0.102792 
0.114006 
0.117442 
0.142053 
0.0857983 
0.0656907 
0.0713849 
0.0837635 
0.145541 
0.135894 
0.11506 
0.0871442 
0.0646484 
0.0610708 
0.0742152 
0.0534247 
0.127794 
0.101117 
0.0899903 
0.0777734 
0.0825868 
0.09101 
0.0591576 
0.0909136 
0.12775 
0.0236951 
0.101716 
0.0395167 
0.0657803 
0.0352044 
0.0501771 
0.110751 
0.0464208 
0.0454582 
0.0470196 
0.0974289 
0.329075 
0.142968 
0.128252 
0.154516 
0.168512 
0.104034 
0.0863927 
0.0546281 
0.0971479 
0.0878789 
0.109394 
0.0954785 
0.111312 
0.0496419 
0.0687089 
0.0710253 
0.147693 
0.0812154 
0.105647 
0.104027 
0.0727571 
0.127901 
0.146125 
0.0550334 
0.0931843 
0.113841 
0.0394965 
0.0933928 
0.085892 
0.0672362 
0.109307 
0.141956 
0.212122 
0.115769 
0.0490768 
0.193739 
0.164805 
0.125391 
0.107581 
0.0897437 
0.0712347 
0.0988073 
0.0637553 
0.0524299 
