0
0.0956309 
0.102833 
0.0828562 
0.155463 
0.131052 
0.131536 
0.16548 
0.0992166 
0.0851411 
0.0935054 
0.215596 
0.162513 
0.346238 
0.375903 
0.0715906 
0.1123 
0.137409 
0.191805 
0.395697 
0.446251 
0.877015 
0.666952 
0.308663 
0.298656 
0.191272 
0.105443 
0.419367 
1.05082 
0.274998 
0.484222 
0.260176 
0.0941137 
0.0719272 
0.106892 
0.353828 
0.385602 
0.147784 
0.0313208 
0.11744 
0.215546 
0.175028 
0.0683388 
0.175238 
0.178369 
0.395142 
0.13228 
0.163813 
0.210206 
0.181438 
0.246306 
0.191704 
0.314478 
0.0493158 
0.0452982 
0.0964469 
0.206652 
0.180753 
0.15457 
0.0643987 
0.272874 
0.347777 
0.0933345 
0.0759391 
0.171581 
0.150721 
0.086766 
0.276706 
0.212412 
0.145641 
0.440724 
0.0854937 
0.180117 
0.131155 
0.421552 
0.215309 
0.297449 
0.182871 
0.0934374 
0.0640372 
0.169664 
0.216025 
