0
0.0876829 
0.146445 
0.117281 
0.0849122 
0.177006 
0.103275 
0.174802 
0.0927287 
0.476326 
0.384945 
0.349849 
0.178804 
0.165214 
0.0584433 
0.133821 
0.0987841 
0.11638 
0.0760972 
0.0739513 
0.107482 
0.0730683 
0.101137 
0.136664 
0.0821435 
0.0856395 
0.166906 
0.162063 
0.115177 
0.0882673 
0.025427 
0.0951108 
0.105838 
0.0867677 
0.0794927 
0.121411 
0.127621 
0.0732258 
0.0780441 
0.0221586 
0.0773949 
0.100568 
0.0682382 
0.043624 
0.0288149 
0.472231 
0.981369 
1.28788 
0.889215 
0.392689 
0.123278 
0.196331 
0.0809996 
0.0950295 
0.122885 
0.0920706 
0.0704729 
0.122503 
0.0881493 
0.0759143 
0.0846292 
0.063646 
0.0887472 
0.0487497 
0.0656711 
0.111086 
0.107342 
0.0514019 
0.0854648 
0.182823 
0.324159 
2.86403 
0.669919 
0.424359 
0.287995 
0.163868 
0.296636 
0.163024 
0.091937 
0.234756 
0.1021 
0.646124 
