0
0.0329267 
0.131531 
0.091799 
0.0334533 
0.122216 
0.121638 
0.118853 
0.032194 
0.0767969 
0.0382398 
0.0686689 
0.117216 
0.0697962 
0.0563551 
0.0628618 
0.0633444 
0.057639 
0.075683 
0.0797906 
0.0913572 
0.0713256 
0.0644092 
0.100606 
0.0614196 
0.0419143 
0.0523437 
0.0613532 
0.133243 
0.186357 
0.216934 
0.154054 
0.0238398 
0.075703 
0.0579181 
0.0855191 
0.0849613 
0.217386 
0.304256 
0.1077 
0.0722362 
0.0805764 
0.0399561 
0.07802 
0.115726 
0.0438468 
0.0670814 
0.0471082 
0.0144963 
0.0794942 
0.0723485 
0.043405 
0.0388937 
0.125085 
0.105891 
0.0733448 
0.0375291 
0.00855136 
0.0780689 
0.12005 
0.248184 
0.0853554 
0.033421 
0.0370424 
0.0982779 
0.0405109 
0.0725639 
0.0966831 
0.0803477 
0.0282924 
0.0546837 
0.0947438 
0.0700977 
0.0344505 
0.0994752 
0.0336919 
0.0521003 
0.107075 
0.0716533 
0.0494178 
0.0620797 
0.0883441 
