0
0.0354358 
0.0249288 
0.0858896 
0.0891727 
0.0877673 
0.130566 
0.0762874 
0.041793 
0.0191652 
0.0445107 
0.0435922 
0.116313 
0.0747933 
0.0750586 
0.0999775 
0.0826218 
0.0874855 
0.114382 
0.105129 
0.12407 
0.10857 
0.0606252 
0.0575259 
0.0723353 
0.0608667 
0.0541725 
0.0549156 
0.0483195 
0.0553409 
0.0650686 
0.0333826 
0.057418 
0.0452852 
0.0649729 
0.0404188 
0.0467283 
0.0549222 
0.0264255 
0.0632213 
0.039991 
0.0358488 
0.0278811 
0.0732159 
0.07162 
0.081569 
0.091071 
0.0845909 
0.0815141 
0.0706119 
0.079353 
0.1126 
0.208007 
0.0970668 
0.0569936 
0.0774574 
0.0409929 
0.0803925 
0.0997634 
0.0778887 
0.073164 
0.0593612 
0.0649083 
0.0617047 
0.026957 
0.0299011 
0.0621149 
0.038017 
0.0666582 
0.0272485 
0.0430241 
0.0510548 
0.0520649 
0.0669089 
0.0569861 
0.0308091 
0.0229108 
0.0383555 
0.0580506 
0.070167 
0.0698228 
0.069373 
