0
0.191513 
0.197537 
0.217225 
0.339855 
0.200231 
0.117187 
0.368176 
0.472721 
0.163015 
0.114113 
0.148521 
0.275192 
0.261077 
0.213252 
0.159371 
0.166904 
0.180778 
0.169759 
0.129578 
0.0728828 
0.131071 
0.101482 
0.139657 
0.267591 
0.392834 
0.406894 
0.27971 
0.182129 
0.119802 
0.165766 
0.103311 
0.157779 
0.142674 
0.236576 
0.279429 
0.238206 
0.226232 
0.232957 
0.19936 
0.244286 
0.102607 
0.0778704 
0.160517 
0.288894 
0.270892 
0.23886 
0.303377 
0.24669 
0.219256 
0.245073 
0.231081 
0.173313 
0.194573 
0.0511252 
0.106253 
0.0842269 
0.0620239 
0.100658 
0.144882 
0.1247 
0.128892 
0.157233 
0.237165 
0.143135 
0.150292 
0.201043 
0.13773 
0.136464 
0.143598 
0.116596 
0.162448 
0.28873 
0.24027 
0.248716 
0.193641 
0.221936 
0.196126 
0.186444 
0.133954 
0.114023 
0.470742 
0.279305 
0.325202 
0.350318 
0.309406 
0.312367 
0.346985 
0.348747 
0.307342 
0.329753 
0.322401 
0.231956 
0.0740305 
0.100778 
0.106818 
0.113987 
0.135091 
0.14453 
0.155091 
0.17332 
0.157192 
0.165442 
0.186795 
0.184654 
0.195323 
0.220792 
0.213074 
0.221547 
0.246065 
0.209211 
0.159616 
0.127473 
0.0924106 
0.05702 
0.0610008 
0.108042 
0.184968 
0.225257 
0.154562 
0.116708 
0.0859172 
0.0520695 
0.0948321 
0.161076 
0.123659 
0.291419 
0.220279 
0.215322 
0.217189 
0.186565 
0.23301 
0.149451 
0.218462 
0.711426 
0.218455 
0.486371 
0.310109 
1.09968 
0.638307 
0.207512 
0.0341721 
0.223576 
0.123927 
0.112137 
0.130844 
0.196953 
0.220046 
0.239523 
0.21544 
0.226032 
0.175193 
0.220496 
0.216561 
0.253265 
0.18602 
0.258199 
0.254088 
0.250138 
0.254782 
0.270274 
0.250915 
0.232452 
0.130849 
0.178249 
0.16506 
0.303553 
0.270995 
0.260773 
0.206373 
0.221624 
0.148473 
0.117982 
0.437625 
0.326315 
0.218537 
0.214584 
0.330487 
0.318187 
0.233893 
0.198046 
0.166946 
0.0488811 
0.0901702 
0.160068 
0.147487 
0.100608 
0.117468 
0.270696 
0.0546608 
0.128617 
0.444978 
0.300404 
0.0907308 
0.0387392 
0.0926376 
0.111214 
0.12526 
0.110045 
0.19056 
0.206738 
0.216364 
0.278628 
0.226881 
0.223647 
0.229929 
0.235967 
0.292376 
0.238163 
0.285196 
