0
0.513476 
0.295449 
0.239168 
0.421016 
0.329798 
0.141966 
0.223525 
0.201509 
0.311368 
0.144977 
0.207763 
0.149797 
0.172009 
0.128287 
0.117396 
0.176578 
0.199856 
0.213852 
0.211213 
0.127514 
0.239976 
0.0899307 
0.162999 
0.182186 
0.134607 
0.0918421 
0.100262 
0.23406 
0.249726 
0.204494 
0.190181 
0.180734 
0.178142 
0.127997 
0.164636 
0.199969 
0.100395 
0.112923 
0.0888455 
0.131065 
0.137828 
0.160976 
0.148266 
0.184359 
0.219281 
0.161993 
0.198784 
0.152217 
0.08626 
0.165006 
0.211403 
0.341764 
0.222539 
0.158515 
0.0706084 
0.180497 
0.173503 
0.068274 
0.106318 
0.157385 
0.105934 
0.296149 
0.159804 
0.19034 
0.360915 
0.294757 
0.172953 
0.205925 
0.0906912 
0.269551 
0.143373 
0.123104 
0.177941 
0.206379 
0.166449 
0.159233 
0.163781 
0.185505 
0.111576 
0.134249 
0.747324 
0.756425 
0.169691 
0.162189 
0.230692 
0.15133 
0.223612 
0.196172 
0.159742 
0.130005 
0.201595 
0.254736 
0.136147 
0.191522 
0.0939765 
0.534172 
0.472118 
0.408557 
0.357866 
0.170364 
0.14569 
0.204554 
0.185348 
0.0792882 
0.102369 
0.104576 
0.137734 
0.122459 
0.174319 
0.197069 
0.144016 
0.153032 
0.144646 
0.0799691 
0.0863131 
0.137798 
0.0980723 
0.167937 
0.145936 
0.150937 
0.127522 
0.0527802 
0.213617 
0.198928 
0.30252 
0.192674 
0.40137 
0.157382 
0.533297 
0.326282 
0.195921 
0.190949 
0.166135 
0.175823 
0.15042 
0.127495 
0.154783 
0.165684 
0.137302 
0.195058 
0.13086 
0.11036 
0.0776105 
0.167832 
0.14073 
0.100669 
0.12936 
0.133191 
0.145701 
0.0886068 
0.118722 
0.14013 
0.202536 
0.177287 
0.214811 
0.313004 
0.381717 
0.132657 
0.0467838 
0.0519075 
0.0576654 
0.189352 
0.213633 
0.128859 
0.110832 
0.207889 
0.228263 
0.103017 
0.0869605 
0.154563 
0.151458 
0.153331 
0.115414 
0.162885 
0.182475 
0.109983 
0.062062 
0.113249 
0.122695 
0.25813 
0.189495 
0.11453 
0.114389 
0.127841 
0.193973 
0.24794 
0.229988 
0.0775788 
0.101397 
0.254996 
0.157986 
0.152149 
0.0735762 
0.104877 
0.118853 
0.140558 
0.12849 
0.123568 
0.0812205 
0.0970439 
0.11237 
0.142543 
0.135127 
0.0868185 
0.0795934 
0.110431 
0.112088 
0.136045 
0.0589042 
