0
0.123297 
0.368625 
0.122689 
0.111786 
0.242683 
0.170697 
0.0691048 
0.200414 
0.175451 
0.10292 
0.038266 
0.184371 
0.270761 
0.0944843 
0.126088 
0.222648 
0.169447 
0.0626025 
0.209724 
0.254665 
0.204636 
0.0992679 
0.0877265 
0.21101 
0.204247 
0.127821 
0.0475941 
0.0634483 
0.0885108 
0.122101 
0.135852 
0.0646237 
0.0989976 
0.174935 
0.219225 
0.140252 
0.101763 
0.0784646 
0.1876 
0.272374 
0.164299 
0.0720503 
0.105471 
0.226953 
0.210888 
0.118124 
0.0522503 
0.0802498 
0.0769931 
0.104733 
0.122645 
0.168732 
0.206242 
0.174552 
0.118139 
0.185197 
0.184838 
0.199257 
0.180526 
0.116657 
0.0841714 
0.0510295 
0.127771 
0.170011 
0.188362 
0.158599 
0.144366 
0.157014 
0.147998 
0.156505 
0.0918003 
0.149299 
0.210962 
0.224744 
0.131875 
0.0455257 
0.579198 
0.724228 
1.39651 
0.63024 
0.697694 
0.300566 
0.108643 
0.122897 
0.096225 
0.068082 
0.111009 
0.10971 
0.0368335 
0.252757 
0.173097 
0.115389 
0.24496 
0.240133 
0.158736 
0.108841 
0.0336513 
0.103174 
0.146967 
0.181303 
0.205841 
0.0642001 
0.185036 
0.152192 
0.150834 
0.158661 
0.165314 
0.0920444 
0.12596 
0.19361 
0.201574 
0.159907 
0.203329 
0.12358 
0.0393388 
0.107309 
0.165361 
0.159219 
0.147673 
0.153937 
0.117015 
0.0734908 
0.0851528 
0.164261 
0.130111 
0.191924 
0.201629 
0.120789 
0.106169 
0.0539498 
0.106581 
0.102908 
0.0841995 
0.124011 
0.218175 
0.261121 
0.223108 
0.187527 
0.189893 
1.32034 
1.06907 
0.833989 
0.315732 
0.145192 
0.0853119 
0.146264 
0.135194 
0.045166 
0.0691978 
0.13916 
0.0214282 
0.198728 
0.169514 
0.0365538 
0.310575 
0.316698 
0.208791 
0.110857 
0.0978286 
0.167469 
0.110385 
0.0972699 
0.153163 
0.211891 
0.229363 
0.21591 
0.190265 
0.156896 
0.09933 
0.0676475 
0.138866 
0.146028 
0.174163 
0.193316 
0.150934 
0.0796021 
0.157292 
0.222208 
0.221264 
0.163225 
0.0850519 
0.0500179 
0.0963708 
0.180723 
0.24422 
0.165766 
0.175878 
0.174418 
0.0914728 
0.0805081 
0.112085 
0.182649 
0.232091 
0.11865 
0.0613325 
0.144713 
0.179308 
0.138105 
0.0478707 
0.135952 
0.1938 
0.126167 
0.0933203 
0.0832128 
0.0833282 
0.103972 
0.147383 
0.151279 
0.150249 
