0
0.341895 
0.301217 
0.113004 
0.231697 
0.166237 
0.119511 
0.241843 
0.349557 
0.407716 
0.147989 
0.0748375 
0.0666312 
0.158452 
0.11953 
0.150708 
0.183288 
0.221864 
0.103139 
0.228788 
0.307601 
0.254894 
0.347155 
1.05407 
0.435381 
0.410876 
0.139628 
0.107461 
0.2178 
0.141911 
0.230563 
0.424895 
0.514799 
0.348806 
0.220789 
0.237038 
0.299804 
0.164613 
0.153642 
0.262396 
0.253892 
0.0874944 
0.153195 
0.174822 
0.225134 
0.171144 
0.173302 
0.106375 
0.0899139 
0.132301 
0.116546 
0.173925 
0.18392 
0.178095 
0.218818 
0.259922 
0.140979 
0.1365 
0.10573 
0.288063 
0.282891 
0.167151 
0.125397 
0.129047 
0.193237 
0.299169 
0.337554 
0.193349 
0.134993 
0.0875957 
0.105783 
0.214596 
0.28807 
0.266403 
0.135054 
0.194939 
0.305754 
0.237516 
0.222149 
0.121286 
0.0871468 
0.223423 
0.188889 
0.132144 
0.0712159 
0.138313 
0.127586 
0.245316 
0.303854 
0.260175 
0.222625 
0.204069 
0.164479 
0.093721 
0.0480269 
0.120477 
0.244289 
0.222536 
0.152976 
0.0363991 
0.260263 
0.314376 
0.251604 
0.192237 
0.121797 
0.124447 
0.192334 
0.27819 
0.335427 
0.297796 
0.19767 
0.172098 
0.078247 
0.093034 
0.18318 
0.311418 
0.353579 
0.251642 
0.187628 
0.132081 
0.13466 
0.0932753 
0.273692 
0.23407 
0.215806 
0.240748 
0.13167 
0.0500305 
0.199235 
0.290742 
0.345659 
0.418949 
0.127616 
0.411778 
0.145839 
0.405461 
0.29063 
0.2304 
0.106988 
0.142398 
0.0773294 
0.203276 
0.301031 
0.239437 
0.0438005 
0.182287 
0.256012 
0.288376 
0.260937 
0.119033 
0.148521 
0.239013 
0.291599 
0.322832 
0.23148 
0.110146 
0.189679 
0.228912 
0.312601 
0.41269 
0.327104 
0.119651 
0.125636 
0.122064 
0.236508 
0.29951 
0.256771 
0.240029 
0.280554 
0.255006 
0.123001 
0.12674 
0.166741 
0.399161 
0.410058 
0.166834 
0.21934 
0.400748 
0.355478 
0.277685 
0.173707 
0.103525 
0.125468 
0.199223 
0.251481 
0.217699 
0.206485 
0.154536 
0.222133 
0.168769 
0.266546 
0.320918 
0.318621 
0.297564 
0.226464 
0.131432 
0.215493 
0.232141 
0.221602 
0.193919 
0.132959 
0.145212 
0.168939 
0.0859595 
0.187731 
0.185714 
0.20814 
0.222699 
0.153552 
0.162566 
