0
0.348666 
0.318522 
0.141119 
0.194755 
0.156044 
0.191484 
0.209018 
0.112234 
0.0800697 
0.124848 
0.141069 
0.16461 
0.136415 
0.121458 
0.180444 
0.187446 
0.155581 
0.106971 
0.15499 
0.151253 
0.119685 
0.146412 
0.1368 
0.136068 
0.0831065 
0.087888 
0.0639245 
0.116986 
0.189786 
0.169463 
0.0872777 
0.101295 
0.187094 
0.141554 
0.118426 
0.140352 
0.200951 
0.258217 
0.163706 
0.0858824 
0.16797 
0.177973 
0.188811 
0.211218 
0.119796 
0.129002 
0.0915696 
0.0914902 
0.0670661 
0.177514 
0.166985 
0.191774 
0.200434 
0.0817352 
0.0760651 
0.107776 
0.115867 
0.129354 
0.0842732 
0.0978813 
0.114117 
0.186094 
0.151253 
0.116503 
0.130411 
0.109983 
0.164271 
0.176083 
0.135308 
0.120699 
0.146459 
0.108065 
0.0689114 
0.122828 
0.11206 
0.105264 
0.162553 
0.191254 
0.168598 
0.145491 
0.170642 
0.166063 
0.155049 
0.155116 
0.134101 
0.123822 
0.0981102 
0.156097 
0.147761 
0.129188 
0.109632 
0.0876496 
0.113098 
0.182066 
0.272998 
0.227666 
0.112414 
0.171429 
0.0652179 
0.193332 
0.0772024 
0.144516 
0.107691 
0.0844669 
0.150874 
0.147942 
0.0895042 
0.0772006 
0.0878077 
0.0997702 
0.0694885 
0.13738 
0.0833704 
0.0808992 
0.112376 
0.0676796 
0.128829 
0.18109 
0.168116 
0.152816 
0.183845 
0.18289 
0.14764 
0.196489 
0.192152 
0.158561 
0.157863 
0.200971 
0.1836 
0.128804 
0.134814 
0.121713 
0.1349 
0.220507 
0.143422 
0.0945871 
0.138535 
0.102048 
0.0738051 
0.138828 
0.148304 
0.16353 
0.157594 
0.0902919 
0.100089 
0.0942569 
0.0581141 
0.10454 
0.123365 
0.145064 
0.130408 
0.122798 
0.186037 
0.191117 
0.190131 
0.174329 
0.167209 
0.132572 
0.120873 
0.14109 
0.166106 
0.129059 
0.197768 
0.143642 
0.158832 
0.123815 
0.192609 
0.180452 
0.127081 
0.0855211 
0.111724 
0.0945984 
0.0667065 
0.0919272 
0.121162 
0.0983563 
0.107699 
0.108048 
0.129683 
0.0972329 
0.122054 
0.158916 
0.18358 
0.216198 
0.172488 
0.154355 
0.160735 
0.201032 
0.17255 
0.169547 
0.183981 
0.141244 
0.180164 
0.139367 
0.177984 
0.173058 
0.132086 
0.181548 
0.256103 
0.183659 
0.18802 
0.120822 
0.0791044 
0.0986096 
0.0954199 
0.194292 
0.138693 
0.145314 
0.122514 
