0
0.430833 
0.361616 
0.21029 
0.0967375 
0.333684 
0.363452 
0.568752 
0.404328 
0.283749 
0.360903 
0.379684 
0.331997 
0.396009 
0.240408 
0.283469 
0.243979 
0.180503 
0.178689 
0.213599 
0.15379 
0.128349 
0.128017 
0.0855649 
0.153902 
0.398497 
0.318446 
0.209058 
0.243061 
0.170101 
0.245967 
0.203368 
0.210739 
0.215885 
0.115203 
0.137728 
0.184261 
0.312929 
0.193269 
0.201465 
0.221492 
0.239534 
0.296615 
0.354389 
0.212457 
0.233942 
0.251824 
0.244433 
0.25665 
0.344768 
0.293284 
0.236486 
0.206673 
0.26843 
0.207491 
0.122162 
0.161859 
0.219556 
0.320937 
0.169829 
0.235334 
0.29637 
0.226189 
0.210381 
0.237894 
0.178805 
0.268938 
0.311173 
0.201909 
0.240409 
0.269966 
0.226299 
0.300943 
0.345257 
0.220618 
0.2539 
0.308623 
0.24693 
0.162714 
0.165984 
0.121076 
0.225599 
0.215832 
0.228436 
0.233313 
0.118003 
0.0958273 
0.128679 
0.257662 
0.2526 
0.523694 
0.164052 
0.146541 
0.11746 
0.0597773 
0.109518 
0.115198 
0.085306 
0.261355 
0.192918 
0.55316 
0.221297 
0.381239 
0.080499 
0.193851 
0.131284 
0.154032 
0.207415 
0.222691 
0.407553 
0.313675 
0.206385 
0.139929 
0.209492 
0.213368 
0.211119 
0.254967 
0.288605 
0.187886 
3.12648 
0.903659 
1.88809 
1.1422 
0.24647 
0.317961 
0.307439 
0.23842 
0.329487 
0.176831 
0.116355 
0.267302 
0.312214 
0.196794 
0.212842 
0.263972 
0.138411 
0.267179 
0.394372 
0.177756 
0.0883849 
0.116591 
0.18735 
0.139944 
0.145329 
0.23163 
0.206446 
0.114285 
0.101295 
0.110561 
0.154708 
0.181282 
0.525554 
1.10409 
0.295492 
0.186004 
0.112711 
0.214759 
0.233268 
0.17814 
0.157365 
0.150986 
0.187593 
0.197508 
0.177827 
0.127741 
0.0922436 
0.163423 
0.235837 
0.27003 
0.185082 
0.12415 
0.359882 
0.275279 
0.167869 
0.242185 
0.21713 
0.216922 
0.167838 
0.240071 
0.200519 
0.151888 
0.405548 
2.76204 
1.74616 
2.14572 
0.402551 
0.174311 
0.176098 
0.19481 
0.115453 
0.208007 
0.18698 
0.197389 
0.175286 
0.104278 
0.304448 
0.213516 
1.11633 
1.04008 
2.13837 
1.81657 
0.779371 
0.0657877 
0.18127 
0.334971 
0.302793 
0.305729 
0.324339 
0.21355 
0.106956 
