0
0.230602 
0.423349 
0.188283 
0.184664 
0.153137 
0.160847 
0.191285 
0.144717 
0.114602 
0.163956 
0.191581 
0.0835172 
0.119261 
0.173911 
0.0991625 
0.0746933 
0.136205 
0.0989623 
0.086639 
0.124114 
0.109652 
0.055165 
0.0768141 
0.136999 
0.0917875 
0.0484326 
0.0473466 
0.0752493 
0.0898524 
0.0549953 
0.195996 
0.210681 
0.0883347 
0.223888 
0.129636 
0.110696 
0.14993 
0.157098 
0.0923948 
0.160823 
0.169118 
0.057143 
0.124636 
0.117696 
0.105872 
0.0440444 
0.0797105 
0.0308319 
0.102286 
0.0517727 
0.112362 
0.101476 
0.0665399 
0.052946 
0.0974082 
0.157066 
0.11267 
0.113191 
0.100435 
0.10254 
0.108783 
0.116077 
0.0891127 
0.109496 
0.101455 
0.0781435 
0.0640859 
0.128541 
0.137296 
0.0364522 
0.0640798 
0.107296 
0.154505 
0.145572 
0.047212 
0.10965 
0.130472 
0.404715 
0.192694 
0.0328318 
0.0561894 
0.0847126 
0.0865259 
0.0495038 
0.11082 
0.0630708 
0.0820376 
0.100395 
0.0783015 
0.0850945 
0.072624 
0.0792665 
0.112358 
0.0893326 
0.109584 
0.121046 
0.121516 
0.0563092 
0.0993106 
0.14147 
0.0946177 
0.0823969 
0.357937 
0.213396 
0.0957761 
0.0375151 
0.0496512 
0.071071 
0.115732 
0.102495 
0.0981113 
0.076738 
0.0864319 
0.165609 
0.118152 
0.0717881 
0.079228 
0.0913808 
0.1019 
0.0520466 
0.069374 
0.0678005 
0.0947179 
0.0686482 
0.102482 
0.140378 
0.140277 
0.062033 
0.0552863 
0.149659 
0.0834153 
0.0197933 
0.128145 
0.0940272 
0.094191 
0.0970728 
0.10717 
0.080554 
0.0665262 
0.137986 
0.0537368 
0.129983 
0.0981593 
0.10003 
0.0590915 
0.131142 
0.0936929 
0.0309024 
0.05436 
0.101552 
0.0700745 
0.0648493 
0.132973 
0.0943368 
0.0946126 
0.0607998 
0.082505 
0.0703593 
0.208321 
0.0675888 
0.116292 
0.122606 
0.103571 
0.0459059 
0.100837 
0.143983 
0.07516 
0.0465634 
0.135586 
0.0639258 
0.0627524 
0.107973 
0.100277 
0.0705251 
0.0893413 
0.0824114 
0.124813 
0.126941 
0.109851 
0.0847388 
0.0651392 
0.137653 
0.155166 
0.114773 
0.0681237 
0.112324 
0.11979 
0.0922877 
0.133163 
0.161429 
0.10744 
0.0533894 
0.126352 
0.130119 
0.147045 
0.0806984 
0.0845267 
0.111382 
0.0564298 
0.104477 
0.233762 
0.206761 
0.235627 
0.0925898 
0.115372 
0.160999 
0.101451 
0.0825 
0.0976144 
