0
0.475557 
0.467505 
0.195818 
0.158592 
0.175267 
0.112515 
0.139636 
0.119479 
0.104742 
0.0968795 
0.09376 
0.09877 
0.13199 
0.135951 
0.104099 
0.0783552 
0.126825 
0.120634 
0.213012 
0.275939 
0.0740381 
0.0846328 
0.112558 
0.127162 
0.104865 
0.0885883 
0.0917359 
0.0863517 
0.092359 
0.121561 
0.103007 
0.111252 
0.0888901 
0.14165 
0.109017 
0.077513 
0.190818 
0.728264 
1.41182 
0.558801 
0.49281 
0.16688 
0.141962 
0.134983 
0.18575 
0.198103 
0.115089 
0.152349 
0.185465 
0.137391 
0.129497 
0.101016 
0.14022 
0.104304 
0.106356 
0.13133 
0.137064 
0.080945 
0.0670656 
0.128429 
0.0862444 
0.0329851 
0.116882 
0.135217 
0.126818 
0.241448 
0.198729 
0.1193 
0.108482 
0.110151 
0.0496008 
0.0975396 
0.113984 
0.0777738 
0.0830426 
0.0887273 
0.0790143 
0.101551 
0.0923619 
0.357701 
0.279618 
0.132626 
0.443592 
0.232548 
0.0652275 
0.177156 
0.214378 
0.218768 
0.127181 
0.276861 
0.224233 
0.202341 
0.190983 
0.175029 
0.170198 
0.142268 
0.204702 
0.165315 
0.124202 
0.119542 
0.526586 
1.02811 
0.648497 
0.230245 
0.128602 
0.0786047 
0.0784667 
0.0747009 
0.12839 
0.155405 
0.0492404 
0.19163 
0.151076 
0.833864 
2.38973 
2.34742 
4.85647 
0.630476 
0.299306 
0.647314 
0.710109 
0.487273 
0.388979 
0.279067 
0.170633 
0.849516 
0.154809 
0.131927 
0.0490521 
0.0923883 
0.124077 
0.214515 
0.162097 
0.0621862 
0.216506 
0.199883 
0.181825 
0.0580385 
0.17951 
0.167326 
0.0804439 
0.0567669 
0.0997523 
0.096871 
0.0958655 
0.117544 
0.086273 
0.185948 
0.215358 
0.126261 
0.067168 
0.0650106 
0.114944 
0.129418 
0.13199 
0.115103 
0.0688733 
0.181323 
1.2172 
4.20505 
1.73953 
2.42531 
0.530428 
0.181704 
0.36265 
0.289812 
3.11238 
3.30137 
0.428579 
1.56785 
0.240326 
0.0655015 
0.099449 
0.109727 
0.500807 
0.862821 
2.72966 
0.67474 
0.401935 
0.241728 
0.322467 
0.101849 
0.181408 
0.282674 
0.177971 
0.123398 
0.286823 
0.197115 
0.0833581 
0.139687 
0.134431 
0.172241 
0.114131 
0.041866 
0.159744 
0.201412 
0.179536 
0.140997 
0.122911 
0.220968 
0.102822 
0.0930405 
0.140263 
0.15597 
0.180812 
0.180748 
0.184351 
0.117656 
0.0860678 
