0
0.219956 
0.199266 
0.0518339 
0.139477 
0.0867597 
0.127929 
0.121234 
0.141967 
0.104754 
0.182928 
0.150432 
0.0909176 
0.0876137 
0.0789296 
0.109527 
0.0418216 
0.0739669 
0.0725448 
0.0569317 
0.06961 
0.112846 
0.0689446 
0.0858597 
0.136497 
0.139116 
0.129315 
0.162561 
0.187603 
0.0896695 
0.0697947 
0.0779071 
0.143208 
0.121707 
0.0997176 
0.0777424 
0.0715904 
0.0408224 
0.120224 
0.132483 
0.0856886 
0.125262 
0.147347 
0.100807 
0.0954838 
0.0803179 
0.0707245 
0.0861322 
0.0841268 
0.0978348 
0.116756 
0.0699735 
0.828063 
0.713812 
0.638257 
0.842511 
0.672931 
0.282883 
0.558393 
0.119259 
0.135067 
0.088257 
0.113535 
0.107844 
0.0705643 
0.096098 
0.0871617 
0.109933 
0.119346 
0.0407309 
0.0666679 
0.110112 
0.104397 
0.0969928 
0.133097 
0.105827 
0.0880496 
0.122996 
0.0688636 
0.120656 
0.144912 
0.0670657 
0.0994468 
0.0897509 
0.0879688 
0.130226 
0.0754626 
0.072771 
0.141759 
0.17644 
0.163934 
0.071416 
0.0812071 
0.121759 
0.216173 
0.183453 
0.0984928 
0.123824 
0.145767 
0.120392 
0.0950168 
0.131131 
0.0694011 
0.0455987 
0.182743 
0.143692 
0.0749007 
0.0404118 
0.11992 
0.135477 
0.0918954 
0.0978881 
0.0540983 
0.0703265 
0.0618975 
0.0883167 
0.100442 
0.104701 
0.138461 
0.0747369 
0.136609 
0.0918426 
0.117088 
0.0781684 
0.120999 
0.0579774 
0.0567105 
0.0860317 
0.0371546 
0.0448989 
0.22086 
0.0863226 
0.147142 
0.0778594 
0.0407552 
0.122243 
0.141156 
0.127016 
0.0427521 
0.1183 
0.174793 
0.1409 
0.138313 
0.202655 
0.218707 
0.248248 
0.145387 
0.165047 
0.116491 
0.157638 
0.140033 
0.177522 
0.224911 
0.244768 
0.215223 
0.185054 
0.141224 
0.0721664 
0.04988 
0.106476 
0.12568 
0.152833 
0.185215 
0.162035 
0.0899249 
0.163105 
0.104974 
0.153542 
0.15307 
0.122491 
0.0327204 
0.0465069 
0.0977395 
0.082958 
0.0553009 
0.159159 
0.226442 
0.143384 
0.0845348 
0.230198 
0.122127 
0.117009 
0.164913 
0.157489 
0.158272 
0.191759 
0.159116 
0.184286 
0.184694 
0.098527 
0.137143 
0.202545 
0.229789 
0.155618 
0.146831 
0.114165 
0.101509 
0.103704 
0.0907079 
0.13306 
0.154598 
0.0454673 
0.102491 
0.0816229 
0.0766057 
0.128195 
0.0704186 
0.0811119 
0.0759053 
0.0792648 
