0
0.176366 
0.225034 
0.278659 
0.30527 
0.374124 
0.234177 
0.258913 
0.437195 
0.138752 
0.155107 
0.242948 
0.241716 
0.162196 
0.111624 
0.168756 
0.117433 
0.139007 
0.11711 
0.0998631 
0.0914465 
0.158704 
0.244159 
0.22478 
0.501613 
0.463364 
0.289846 
0.0906542 
0.14852 
0.123711 
0.21383 
0.269525 
0.170894 
0.173075 
0.175188 
0.209827 
0.228769 
0.17417 
0.156568 
0.174813 
0.229201 
0.201132 
0.189919 
0.192011 
0.236876 
0.23671 
0.227324 
0.203807 
0.195143 
0.182188 
0.160621 
0.137978 
0.0505912 
0.168823 
0.0933407 
0.0635098 
0.092325 
0.0706892 
0.0497037 
0.169803 
0.197931 
0.203515 
0.197417 
0.178621 
0.206509 
0.222348 
0.165102 
0.135867 
0.0615495 
0.143721 
0.210223 
0.22494 
0.166959 
0.0980643 
0.0887413 
0.100202 
0.185169 
0.161638 
0.146959 
0.168673 
0.170864 
0.157293 
0.146104 
0.177623 
0.149157 
0.224228 
0.185058 
0.152302 
0.126329 
0.118671 
0.131842 
0.119964 
0.114492 
0.212355 
0.18728 
0.168128 
0.209878 
0.146922 
0.121894 
0.143634 
0.334687 
0.31642 
0.201915 
0.16967 
0.108635 
0.0814763 
0.178582 
0.176678 
0.181763 
0.154601 
0.0924895 
0.0776958 
0.122068 
0.251978 
0.332033 
0.181912 
0.131022 
0.108673 
0.188813 
0.248503 
0.224666 
0.184182 
0.132822 
0.138283 
0.109643 
0.105924 
0.171641 
0.139645 
0.24676 
0.275005 
0.250836 
0.24713 
0.41805 
0.602115 
0.520178 
0.655611 
0.342558 
0.113946 
0.158353 
0.120041 
0.177889 
0.137486 
0.0740233 
0.0695069 
0.0772041 
0.0935345 
0.135011 
0.126639 
0.0975791 
0.120712 
0.212711 
0.225711 
0.139069 
0.145933 
0.156809 
0.209986 
0.209441 
0.193684 
0.148264 
0.142745 
0.155715 
0.14678 
0.098836 
0.14973 
0.0560342 
0.109591 
0.107101 
0.127136 
0.130728 
0.196964 
0.262097 
0.212981 
0.193066 
0.268296 
0.269481 
0.245396 
0.282021 
0.336041 
0.106834 
0.118061 
0.134976 
0.0878902 
0.0997495 
0.164723 
0.221652 
0.122141 
0.0655526 
0.24082 
0.23199 
0.246245 
0.190689 
0.121267 
0.0766304 
0.154049 
0.182382 
0.154904 
0.248489 
0.294359 
0.226341 
0.220237 
0.21261 
0.223514 
0.252932 
0.235092 
0.205486 
0.286153 
0.654484 
0.31196 
0.974465 
0.355159 
