0
0.360316 
0.316228 
0.11382 
0.468612 
0.690241 
0.435299 
0.344477 
0.670076 
0.696062 
0.303429 
0.191947 
0.16328 
0.27732 
0.239005 
0.161021 
0.208613 
0.287741 
0.118247 
0.243103 
0.157645 
0.199314 
0.217776 
0.0472575 
0.295563 
0.228815 
0.0839922 
0.277703 
0.271704 
0.101184 
0.23394 
0.237361 
0.0982475 
0.208074 
0.266301 
0.13796 
0.1863 
0.201203 
0.123257 
0.140752 
0.21435 
0.208606 
0.0859711 
0.201367 
0.187469 
0.0803631 
0.171652 
0.256033 
0.217733 
0.104359 
0.244183 
0.219817 
0.117341 
0.176412 
0.248415 
0.199705 
0.0734921 
0.173755 
0.225584 
0.238443 
0.0951952 
0.193412 
0.246256 
0.279345 
0.109642 
0.16807 
0.240201 
0.207681 
0.02667 
0.187866 
0.201983 
0.134145 
0.0935364 
0.162937 
0.213304 
0.179822 
0.111206 
0.204238 
0.262592 
0.204531 
0.0552973 
0.140293 
0.219018 
0.222116 
0.129134 
0.225186 
0.203821 
0.190571 
0.16389 
0.216827 
0.284809 
0.219631 
0.0915781 
0.256742 
0.197079 
0.0696189 
0.214992 
0.177526 
0.0960028 
0.171662 
0.218766 
0.147018 
0.136174 
0.240575 
0.204502 
0.122746 
0.300976 
0.315019 
0.218087 
0.161263 
0.227407 
0.160862 
0.144313 
0.196398 
0.213754 
0.235688 
0.0726872 
0.158033 
0.193532 
0.210123 
0.166777 
0.313638 
0.157661 
0.094517 
0.161498 
0.247297 
0.218309 
0.0979147 
0.237061 
0.274587 
0.142848 
0.162167 
0.175053 
0.207398 
0.187476 
0.111401 
0.219737 
0.276371 
0.225662 
0.12274 
0.138935 
0.212651 
0.221742 
0.0984572 
0.241585 
0.284617 
0.18904 
0.0810077 
0.19472 
0.279511 
0.182045 
0.161988 
0.208894 
0.281356 
0.246003 
0.18054 
0.178653 
0.337564 
0.312513 
0.150187 
0.276207 
0.415141 
0.32218 
0.121946 
0.367194 
0.294154 
0.128777 
0.413527 
0.294818 
0.226073 
0.149631 
0.363726 
0.401577 
0.119418 
0.290851 
0.370512 
0.148016 
0.113153 
0.353811 
0.163713 
0.133589 
0.281524 
0.271869 
0.165833 
0.244067 
0.247749 
0.0742244 
0.153753 
0.261442 
0.204846 
0.102215 
0.452571 
0.262414 
0.282125 
0.339006 
0.290807 
0.321096 
0.401655 
0.300619 
0.152207 
0.329918 
0.351309 
0.138583 
0.0694585 
0.148319 
0.245855 
0.166853 
0.108893 
0.217609 
0.243553 
