0
0.242772 
0.296617 
0.248704 
0.191717 
0.124387 
0.0977042 
0.0882189 
0.111288 
0.17429 
0.211783 
0.224313 
0.19868 
0.215456 
0.212955 
0.214925 
0.233005 
0.256878 
0.283468 
0.0937597 
0.330236 
0.0788024 
0.309124 
0.146079 
0.244142 
0.178053 
0.0941708 
0.192202 
0.261786 
0.093275 
0.222652 
0.329733 
0.179669 
0.130152 
0.0387028 
0.137759 
0.214216 
0.101979 
0.0659279 
0.0442555 
0.165986 
0.151177 
0.142026 
0.097531 
0.038432 
0.139558 
0.227802 
0.223339 
0.279154 
0.237279 
0.229489 
0.19143 
0.212417 
0.255099 
0.197503 
0.174907 
0.26768 
0.270811 
0.265763 
0.323715 
0.264961 
0.271387 
0.198689 
0.20817 
0.23054 
0.17477 
0.151184 
0.170338 
0.24117 
0.358754 
0.236364 
0.0899118 
0.133873 
0.0718569 
0.0994823 
0.0691156 
0.0732594 
0.046689 
0.0821205 
0.260471 
0.260289 
0.179911 
0.216959 
0.167093 
0.241742 
0.263074 
0.224176 
0.188984 
0.201852 
0.199118 
0.177863 
0.234015 
0.262648 
0.281438 
0.223695 
0.218953 
0.191058 
0.180086 
0.156241 
0.0731599 
0.117227 
0.124657 
0.15903 
0.276023 
0.267768 
0.255256 
0.23091 
0.193705 
0.198411 
0.0838972 
0.0787408 
0.11013 
0.109491 
0.143019 
0.189935 
0.151645 
0.124034 
0.189957 
0.295098 
0.245285 
0.222072 
0.26209 
0.215494 
1.11898 
0.100983 
1.03893 
0.230844 
0.292622 
0.106033 
0.373661 
0.0945878 
0.208188 
0.367539 
0.231053 
0.180636 
0.121865 
0.247638 
0.265041 
0.107097 
0.061178 
0.236781 
0.139044 
0.101515 
0.0971333 
0.0994778 
0.111689 
0.11678 
0.195391 
0.262665 
0.183797 
0.264292 
0.15297 
0.20805 
0.192042 
0.216084 
0.151155 
0.206301 
0.245232 
0.205872 
0.229308 
0.21422 
0.100088 
0.0601854 
0.189458 
0.195401 
0.194287 
0.158809 
0.136465 
0.249923 
0.328401 
0.501042 
0.429424 
0.293625 
0.244729 
0.321607 
0.136195 
0.140352 
0.35483 
0.303203 
0.107458 
0.192531 
0.12498 
0.258067 
0.302662 
0.213231 
0.104225 
0.0595043 
0.100647 
0.224897 
0.111992 
0.175904 
0.10943 
0.0680424 
0.238846 
0.278742 
0.385308 
0.262055 
0.26846 
0.29303 
0.621699 
