0
0.120582 
0.241076 
0.0850853 
0.126499 
0.0459076 
0.124184 
0.308169 
0.0499727 
0.176901 
0.127375 
0.0958111 
0.201838 
0.102661 
0.0940627 
0.104294 
0.136123 
0.155961 
0.168661 
0.148859 
0.152806 
0.133831 
0.0865102 
0.119614 
0.0463542 
0.131304 
0.156051 
0.128402 
0.194207 
0.116157 
0.167353 
0.0970396 
0.141347 
0.0940523 
0.104493 
0.178267 
0.11266 
0.0808196 
0.165454 
0.108621 
0.256919 
0.14941 
0.0483772 
0.11847 
0.167886 
0.113559 
0.101749 
0.0594832 
0.216594 
0.119825 
0.285716 
0.149155 
0.121346 
0.0961214 
0.278744 
0.23294 
0.190135 
0.0494946 
0.191361 
0.208136 
0.125125 
0.144354 
0.0742897 
0.135758 
0.407742 
0.333283 
0.107738 
0.131388 
0.114869 
0.16281 
0.160996 
0.0961085 
0.131305 
0.137856 
0.101921 
0.127328 
0.10483 
0.135821 
0.13008 
0.0580221 
0.0936011 
0.0930346 
0.21585 
0.208271 
0.0563164 
0.100649 
0.120257 
0.164026 
0.161179 
0.0698066 
0.172074 
0.261151 
0.160318 
0.270078 
0.262635 
0.180347 
0.175502 
0.0591709 
0.21222 
0.0599225 
0.107171 
0.085183 
0.110858 
0.12146 
0.0769703 
0.126376 
0.116142 
0.0592837 
0.145295 
0.104627 
0.0522819 
0.118563 
0.0767457 
0.136737 
0.115403 
0.13301 
0.0790562 
0.0988509 
0.0722284 
0.184543 
0.12077 
0.156158 
0.265378 
0.189735 
0.107583 
0.112163 
0.220043 
0.130761 
0.188461 
0.122745 
0.145468 
0.0424385 
0.204348 
0.138262 
0.16016 
0.223742 
0.169266 
0.128646 
0.0921374 
0.136123 
0.222042 
0.194766 
0.148985 
0.2104 
0.142319 
0.0777796 
0.132465 
0.115312 
0.0589984 
0.131879 
0.150382 
0.173408 
0.0811948 
0.172242 
0.212348 
0.101791 
0.0283288 
0.227646 
0.21911 
0.164783 
0.188815 
0.221245 
0.0806893 
0.194753 
0.220328 
0.173257 
0.159614 
0.222628 
0.101593 
0.223582 
0.131252 
0.112619 
0.15494 
0.136815 
0.175321 
0.169825 
0.119361 
0.182822 
0.170407 
0.111042 
0.176826 
0.0914876 
0.106099 
0.130696 
0.160655 
0.0743176 
0.157132 
0.179326 
0.0756402 
0.109993 
0.160756 
0.17365 
0.101084 
0.209394 
0.238318 
0.311995 
0.163683 
0.265829 
0.308453 
0.217603 
