0
0.184866 
0.170714 
0.176266 
0.222983 
0.102795 
0.123726 
0.297938 
0.247984 
0.265916 
0.261651 
0.0975915 
0.169812 
0.123999 
0.145851 
0.157745 
0.194082 
0.124716 
0.269571 
0.185774 
0.19018 
0.142399 
0.143412 
0.18062 
0.155711 
0.187058 
0.169724 
0.154304 
0.119662 
0.150777 
0.177656 
0.157649 
0.159004 
0.234146 
0.210884 
0.203399 
0.237595 
0.129935 
0.384511 
0.170494 
0.16051 
0.61512 
0.350869 
0.171696 
0.16159 
0.180989 
0.223188 
0.394451 
0.288712 
0.211343 
0.120415 
0.217963 
0.159226 
0.164872 
0.106442 
0.193723 
0.172693 
0.203326 
0.157239 
0.154199 
0.150024 
0.150898 
0.158177 
0.187845 
0.0567266 
0.118655 
0.157875 
0.207418 
0.145269 
0.189453 
0.0746153 
0.166443 
0.404169 
0.187423 
0.2977 
0.69048 
0.260844 
0.309118 
0.2061 
0.179465 
0.086419 
0.141462 
0.178346 
0.257007 
0.126605 
0.220232 
0.21025 
0.164377 
0.0947885 
0.0829132 
0.0609814 
0.114315 
0.0671309 
0.0511983 
0.0802739 
0.159261 
0.167151 
0.10529 
0.131384 
0.18091 
0.130145 
0.178652 
0.111861 
0.0926798 
0.0573411 
0.118763 
0.134277 
0.12973 
0.142061 
0.154539 
0.124491 
0.156775 
0.129076 
0.237442 
0.124797 
0.172731 
0.305496 
0.126854 
0.183951 
0.109096 
0.102011 
0.0960076 
0.173286 
0.940114 
0.693242 
0.986938 
0.26527 
0.236583 
0.207756 
0.131117 
0.0922522 
0.0702885 
0.116456 
0.155191 
0.113943 
0.178681 
0.306252 
0.420568 
0.0650419 
0.146716 
0.1126 
0.121352 
0.107545 
0.121044 
0.147553 
0.102307 
0.0568443 
0.0905139 
0.13499 
0.273911 
0.316985 
0.0820356 
0.113272 
0.106718 
0.13979 
0.106348 
0.253291 
0.103095 
0.156498 
0.229138 
0.0741742 
0.157427 
0.119818 
0.14971 
0.0648207 
0.109377 
0.130311 
0.112717 
0.0897954 
0.113728 
0.126878 
0.146209 
0.160372 
0.167768 
0.182814 
0.201914 
0.152838 
0.143758 
0.0997053 
0.073454 
0.114141 
0.106296 
0.447458 
0.531796 
0.42935 
0.338187 
0.143936 
0.169888 
0.0466677 
0.172098 
0.156404 
0.10594 
0.117412 
0.144604 
0.109633 
0.100794 
0.108225 
0.0900668 
0.127996 
0.195108 
