0
0.125946 
0.114441 
0.174829 
0.204097 
0.176625 
0.142421 
0.11123 
0.125597 
0.194611 
0.197175 
0.0792545 
0.120711 
0.191191 
0.106019 
0.106237 
0.115712 
0.146849 
0.122264 
0.0617736 
0.12525 
0.163944 
0.0907121 
0.20561 
0.22393 
0.069519 
0.138422 
0.181088 
0.0941367 
0.0690262 
0.0911593 
0.159972 
0.211521 
0.117524 
0.214414 
0.136189 
0.083279 
0.116532 
0.104979 
0.181431 
0.212599 
0.173896 
0.0937971 
0.078397 
0.0735965 
0.15303 
0.237501 
0.213926 
0.115602 
0.123341 
0.0938125 
0.218519 
0.2253 
0.117405 
0.0862035 
0.114503 
0.0847165 
0.100773 
0.231298 
0.12225 
0.151943 
0.234865 
0.0981225 
0.064071 
0.105013 
0.168953 
0.155847 
0.0662128 
0.165338 
0.252678 
0.195038 
0.202314 
0.157887 
0.138351 
0.0682495 
0.177354 
0.198437 
0.192721 
0.17019 
0.201246 
0.203437 
0.133692 
0.202265 
0.182162 
0.114721 
0.137915 
0.278363 
0.356308 
0.118184 
0.0791057 
0.123971 
0.205359 
0.212694 
0.0931944 
0.100434 
0.127383 
0.147801 
0.221629 
0.184225 
0.188036 
0.114323 
0.119701 
0.122406 
0.187073 
0.623993 
0.147561 
0.103154 
0.100376 
0.130559 
0.256909 
0.153383 
0.112493 
0.0865556 
0.0738621 
0.0809694 
0.229011 
0.241782 
0.120625 
0.0606748 
0.149445 
0.252146 
0.283161 
0.191048 
0.163335 
0.0474725 
0.16661 
0.181479 
0.157053 
0.142565 
0.0737219 
0.154935 
0.169026 
0.100396 
0.223273 
0.267304 
0.112864 
0.131271 
0.0807209 
0.159948 
0.189897 
0.132468 
0.159922 
0.110765 
0.15246 
0.204364 
0.161487 
0.149474 
0.178393 
0.168021 
0.120734 
0.104012 
0.0780575 
0.226099 
0.23623 
0.167387 
0.143832 
0.156508 
0.11396 
0.132543 
0.0822868 
0.0613055 
0.139783 
0.198774 
0.0278995 
0.110036 
0.187112 
0.181492 
0.190082 
0.112258 
0.0835176 
0.119468 
0.15648 
0.169213 
0.190158 
0.161897 
0.125632 
0.117198 
0.102951 
0.0873796 
0.0768035 
0.102386 
0.149179 
0.205336 
0.221486 
0.127017 
0.064818 
0.0776639 
0.186597 
0.200121 
0.154514 
0.139686 
0.116827 
0.0971282 
0.101087 
0.205407 
0.228235 
0.113188 
0.081093 
0.0974789 
0.193894 
