0
0.0853079 
0.110839 
0.178054 
0.215944 
0.211722 
0.159326 
0.12629 
0.0568174 
0.165656 
0.191955 
0.145582 
0.0818729 
0.0862844 
0.180279 
0.233338 
0.133439 
0.259548 
0.28841 
0.334671 
0.190002 
0.156624 
0.122669 
0.170163 
0.185038 
0.0771852 
0.143697 
0.136294 
0.101676 
0.152551 
0.194424 
0.0826233 
0.125615 
0.144104 
0.0998356 
0.0620176 
0.138323 
0.112242 
0.137942 
0.155275 
0.121078 
0.082109 
0.100332 
0.105914 
0.122548 
0.147802 
0.0704195 
0.108248 
0.161493 
0.0531651 
0.0600166 
0.136547 
0.0818831 
0.0735213 
0.128175 
0.184524 
0.0765828 
0.0807502 
0.130115 
0.0804676 
0.147778 
0.208416 
0.156552 
0.0801663 
0.0896842 
0.11143 
0.124072 
0.0465856 
0.0788633 
0.0930596 
0.0950979 
0.10015 
0.068735 
0.110912 
0.158016 
0.0953224 
0.128081 
0.123569 
0.137263 
0.175198 
0.124539 
0.0696773 
0.148495 
0.156167 
0.0690659 
0.0695136 
0.120052 
0.176328 
0.118625 
0.0827874 
0.135427 
0.0796157 
0.0833646 
0.105903 
0.143521 
0.111071 
0.112201 
0.111412 
0.119994 
0.0450236 
0.154775 
0.13585 
0.0736988 
0.117232 
0.169138 
0.0869427 
0.0894185 
0.0809407 
0.133968 
0.0987338 
0.0785458 
0.105382 
0.162559 
0.14728 
0.0829456 
0.061635 
0.210897 
0.180856 
0.0726045 
0.128359 
0.151251 
0.0670139 
0.126846 
0.134901 
0.0479873 
0.125236 
0.128555 
0.0394342 
0.094109 
0.160187 
0.166778 
0.0936188 
0.0702506 
0.138269 
0.132567 
0.0845018 
0.0972075 
0.173154 
0.141032 
0.0493639 
0.122804 
0.0878046 
0.0813607 
0.108398 
0.15306 
0.0999935 
0.0835565 
0.123115 
0.154997 
0.153637 
0.141595 
0.180781 
0.208705 
0.164913 
0.161118 
0.128416 
0.051362 
0.538331 
0.435607 
0.0994009 
0.109616 
0.179666 
0.0710334 
0.105162 
0.1249 
0.0823337 
0.161871 
0.195201 
0.088847 
0.100428 
0.170519 
0.129077 
0.0644986 
0.0865657 
0.125335 
0.0999063 
0.0750249 
0.107869 
0.106758 
0.0719806 
0.156066 
0.153186 
0.0728715 
0.131184 
0.180725 
0.112603 
0.0567559 
0.125802 
0.179824 
0.204502 
0.101955 
0.0597686 
0.0955363 
0.156861 
0.11979 
0.075518 
0.082032 
0.126412 
0.192235 
0.114737 
