0
0.18235 
0.172124 
0.269498 
0.235786 
0.102553 
0.0969714 
0.169093 
0.0887827 
0.145062 
0.123863 
0.144367 
0.0631943 
0.20541 
0.165377 
0.0857442 
0.0850411 
0.131968 
0.148857 
0.117181 
0.103905 
0.12202 
0.170871 
0.158508 
0.0604161 
0.0924609 
0.120496 
0.151823 
0.161669 
0.195441 
0.184323 
0.114862 
0.0956784 
0.0941821 
0.0950668 
0.08142 
0.202006 
0.145069 
0.146784 
0.161048 
0.125203 
0.124549 
0.082592 
0.126222 
0.105441 
0.12058 
0.149484 
0.18899 
0.159595 
0.101335 
0.119728 
0.0972566 
0.180922 
0.190496 
0.165943 
0.158096 
0.200509 
0.122323 
0.155407 
0.138634 
0.166341 
0.189782 
0.136312 
0.128631 
0.211535 
0.233377 
0.219225 
0.0904846 
0.0642099 
0.1583 
0.167494 
0.111624 
0.177347 
0.201833 
0.199091 
0.285409 
0.216113 
0.166024 
0.145557 
0.0623836 
0.14571 
0.206361 
0.257819 
0.239741 
0.151439 
0.0942473 
0.0990548 
0.114627 
0.205958 
0.210373 
0.193565 
0.160283 
0.09592 
0.0944141 
0.107503 
0.18224 
0.204987 
0.214334 
0.141573 
0.107506 
0.0934748 
0.0894244 
0.153522 
0.227658 
0.233302 
0.21922 
0.143526 
0.122512 
0.127533 
0.10626 
0.0982017 
0.172781 
0.231737 
0.225588 
0.194492 
0.172414 
0.139307 
0.0846797 
0.0645914 
0.0498459 
0.09978 
0.154108 
0.238506 
0.257389 
0.276806 
0.216896 
0.145527 
0.173056 
0.0849155 
0.0309754 
0.104778 
0.156416 
0.223464 
0.237905 
0.241441 
0.193848 
0.108275 
0.103021 
0.132935 
0.248807 
0.215815 
0.164742 
0.224648 
0.240355 
0.261259 
0.275512 
0.211842 
0.133858 
0.0793294 
0.0696651 
0.112875 
0.231946 
0.250097 
0.225695 
0.161253 
0.171328 
0.136618 
0.0822459 
0.0716269 
0.161349 
0.214396 
0.218678 
0.219701 
0.176404 
0.101025 
0.194017 
0.223435 
0.171429 
0.101805 
0.0466003 
0.150854 
0.191804 
0.183981 
0.183463 
0.148008 
0.130925 
0.146879 
0.161608 
0.124268 
0.0767125 
0.0602895 
0.154266 
0.251522 
0.218175 
0.223963 
0.261228 
0.259971 
0.239905 
0.0999477 
0.129879 
0.097276 
0.125579 
0.126675 
0.197109 
0.206424 
0.251709 
0.268644 
0.110999 
0.0611526 
0.08452 
