0
0.177982 
0.0902674 
0.0326074 
0.146247 
0.0969957 
0.0504711 
0.0935916 
0.0996035 
0.0821343 
0.0664697 
0.135742 
0.187138 
0.186282 
0.0905989 
0.11906 
0.156857 
0.227411 
0.174426 
0.18641 
0.0904489 
0.0846951 
0.189099 
0.10434 
0.126935 
0.174712 
0.246915 
0.186833 
0.107575 
0.149315 
0.220505 
0.239408 
0.174364 
0.122592 
0.156601 
0.246621 
0.228228 
0.160786 
0.119937 
0.115566 
0.132374 
0.245636 
0.21014 
0.17646 
0.143058 
0.12295 
0.147873 
0.1989 
0.173711 
0.112736 
0.109584 
0.207022 
0.182556 
0.0680175 
0.127289 
0.198205 
0.189122 
0.136024 
0.0715946 
0.145911 
0.190727 
0.208197 
0.184815 
0.182535 
0.197199 
0.116151 
0.0810323 
0.116321 
0.225398 
0.239624 
0.12049 
0.104589 
0.127844 
0.139596 
0.115118 
0.136324 
0.0514937 
0.0751994 
0.0835181 
0.149484 
0.185957 
0.2095 
0.200342 
0.130211 
0.118902 
0.106258 
0.169496 
0.145556 
0.152962 
0.138115 
0.114611 
0.121615 
0.0480457 
0.187074 
0.198234 
0.0889941 
0.1147 
0.160172 
0.188346 
0.183052 
0.161186 
0.121344 
0.0996106 
0.121401 
0.135514 
0.133219 
0.145846 
0.18406 
0.189421 
0.142396 
0.135423 
0.190987 
0.213665 
0.151388 
0.128562 
0.0632342 
0.0672662 
0.207778 
0.18354 
0.126513 
0.0664609 
0.157863 
0.14818 
0.152169 
0.142054 
0.0943343 
0.180089 
0.20502 
0.135128 
0.0393745 
0.133074 
0.179882 
0.203502 
0.235824 
0.0528554 
0.149398 
0.099252 
0.0247541 
0.248999 
0.143231 
0.0320842 
0.134243 
0.128049 
0.0540668 
0.184025 
0.109371 
0.170157 
0.261968 
0.171428 
0.0978856 
0.105578 
0.0966 
0.077924 
0.117932 
0.0871936 
0.0976705 
0.155759 
0.144041 
0.146334 
0.129442 
0.0713701 
0.0766034 
0.143354 
0.114315 
0.10917 
0.132096 
0.140652 
0.188007 
0.12674 
0.0729591 
0.0371198 
0.0755877 
0.0843887 
0.255269 
0.161038 
0.0938881 
0.0796551 
0.160685 
0.139544 
0.111219 
0.108335 
0.175235 
0.151472 
0.0890988 
0.0806456 
0.0731443 
0.171244 
0.153264 
0.140093 
0.101934 
0.0656715 
0.145736 
0.17316 
0.165307 
0.0631338 
0.192445 
0.213947 
0.147933 
0.137388 
0.143234 
