0
0.0928744 
0.264081 
0.148558 
0.206157 
0.128323 
0.218131 
0.178273 
0.236302 
0.237064 
0.202634 
0.155239 
0.159995 
0.131274 
0.104308 
0.211855 
0.193982 
0.204159 
0.097926 
0.0776383 
0.146641 
0.188563 
0.234632 
0.203965 
0.131159 
0.146324 
0.111611 
0.0498141 
0.102439 
0.145871 
0.108293 
0.0787124 
0.139762 
0.127747 
0.243346 
0.154015 
0.077095 
0.0797909 
0.104402 
0.158523 
0.140575 
0.11408 
0.108324 
0.122631 
0.204467 
0.193967 
0.134112 
0.134558 
0.167858 
0.116219 
0.128645 
0.274785 
0.259797 
0.132944 
0.153948 
0.145464 
0.247414 
0.218343 
0.173158 
0.202751 
0.144655 
0.0955303 
0.108397 
0.0934364 
0.0701152 
0.12871 
0.153976 
0.202231 
0.121918 
0.12066 
0.0705173 
0.112326 
0.125451 
0.157682 
0.149383 
0.196132 
0.259765 
0.0454097 
0.0991729 
0.183106 
0.181031 
0.173302 
0.126776 
0.131664 
0.115156 
0.155183 
0.120379 
0.102972 
0.182125 
0.126154 
0.102944 
0.136555 
0.166769 
0.167842 
0.0790977 
0.147882 
0.236922 
0.110276 
0.168027 
0.121117 
0.149353 
0.122841 
0.132667 
0.052626 
0.0866319 
0.100023 
0.129435 
0.157475 
0.139304 
0.141583 
0.0635151 
0.0570757 
0.0690148 
0.112667 
0.109772 
0.130417 
0.167005 
0.129893 
0.10268 
0.0979707 
0.0151505 
0.134084 
0.134859 
0.113055 
0.0826556 
0.163124 
0.141869 
0.297491 
0.382296 
0.184992 
0.136388 
0.164762 
0.250698 
0.122134 
0.263245 
0.243354 
0.245133 
0.247985 
0.237392 
0.544711 
0.186658 
0.204961 
0.267852 
0.282556 
0.206062 
0.278528 
0.305831 
0.357861 
0.20159 
0.318261 
0.183537 
0.158915 
0.159676 
0.226852 
0.366889 
0.2295 
0.260411 
0.151295 
0.567977 
0.445012 
0.457703 
0.103434 
0.209609 
0.215146 
0.303622 
0.021051 
0.347476 
0.261327 
0.154739 
0.125657 
0.082943 
0.230199 
0.161254 
0.259556 
0.242162 
0.182059 
0.148375 
0.106203 
0.265589 
0.151339 
0.11865 
0.153249 
0.24174 
0.236548 
0.119127 
1.02485 
1.62329 
0.514714 
0.157245 
0.175086 
0.169697 
0.194666 
0.169986 
0.247532 
0.138445 
0.148193 
0.202363 
0.170744 
0.250602 
0.12171 
