0
0.102282 
0.131384 
0.24056 
0.0678567 
0.172842 
0.181237 
0.097369 
0.140716 
0.216976 
0.295007 
0.24514 
0.20759 
0.0919705 
0.169915 
0.16761 
0.216589 
0.188601 
0.102194 
0.0736392 
0.158626 
0.159124 
0.160079 
0.103895 
0.104062 
0.233996 
0.213682 
0.213874 
0.161292 
0.141877 
0.0712302 
0.103235 
0.130788 
0.200387 
0.16712 
0.119654 
0.082354 
0.0588082 
0.170872 
0.219507 
0.231629 
0.177376 
0.0600459 
0.0995014 
0.180709 
0.231362 
0.193331 
0.0592849 
0.0756261 
0.174735 
0.134202 
0.196361 
0.229644 
0.261938 
0.182207 
0.151952 
0.09462 
0.13988 
0.181778 
0.24067 
0.193771 
0.142939 
0.100774 
0.0604824 
0.201996 
0.20765 
0.101797 
0.140762 
0.165852 
0.169463 
0.159465 
0.178452 
0.137487 
0.0965486 
0.137637 
0.210874 
0.102121 
0.128033 
0.188455 
0.222288 
0.168327 
0.0968449 
0.250723 
0.160798 
0.209285 
0.176981 
0.168348 
0.194937 
0.194217 
0.0755361 
0.171767 
0.198744 
0.0946368 
0.100802 
0.055025 
0.149485 
0.16248 
0.164116 
0.0934082 
0.181778 
0.057692 
0.158532 
0.19996 
0.0849436 
0.184141 
0.125046 
0.153358 
0.17826 
0.0583075 
0.161141 
0.205168 
0.0834693 
0.201917 
0.198576 
0.0264696 
0.0876502 
0.181009 
0.208127 
0.155412 
0.0761805 
0.182175 
0.184992 
0.16313 
0.109488 
0.366369 
0.219426 
0.0836749 
0.114547 
0.0561798 
0.0711382 
0.174578 
0.230989 
0.198771 
0.211093 
0.109377 
0.11939 
0.11171 
0.0989956 
0.14736 
0.168383 
0.159892 
0.20573 
0.184843 
0.189309 
0.172586 
0.153754 
0.0634357 
0.129887 
0.182093 
0.160573 
0.162603 
0.173229 
0.146729 
0.137926 
0.196921 
0.189609 
0.207102 
0.189241 
0.145839 
0.133402 
0.0814769 
0.0559094 
0.146235 
0.243748 
0.211588 
0.101507 
0.103224 
0.0437299 
0.0695332 
0.174883 
0.222557 
0.222469 
0.191809 
0.140192 
0.146448 
0.197888 
0.106448 
0.0889156 
0.0643166 
0.075137 
0.0886902 
0.110939 
0.169463 
0.258203 
0.159515 
0.123617 
0.0215637 
0.045653 
0.0724365 
0.130759 
0.2327 
0.175354 
0.241782 
0.0964379 
0.116761 
0.0946208 
0.0767046 
0.129423 
0.143366 
0.176765 
