0
0.248789 
0.102824 
0.186196 
0.124525 
0.0962062 
0.0742604 
0.120999 
0.112539 
0.0930629 
0.128063 
0.0865448 
0.123779 
0.289731 
0.311935 
0.319054 
0.178427 
0.132161 
0.117867 
0.0637519 
0.0792801 
0.0992273 
0.0577945 
0.0860791 
0.143984 
0.0892117 
0.0841275 
0.123356 
0.163537 
0.0349235 
0.23844 
0.115194 
0.0464516 
0.0436864 
0.049362 
0.0652526 
0.019989 
0.0807269 
0.111488 
0.0499107 
0.126143 
0.158613 
0.105931 
0.114896 
0.0736854 
0.0461856 
0.124771 
0.133821 
0.0903642 
0.0919887 
0.113699 
0.0723188 
0.101998 
0.0643217 
0.114156 
0.121152 
0.0753782 
0.0777131 
0.0445164 
0.0828521 
0.0293429 
0.114958 
0.0295974 
0.0698161 
0.0504343 
0.086341 
0.0689917 
0.127427 
0.0986944 
0.0745067 
0.158227 
0.0844378 
0.101825 
0.258773 
0.157801 
0.0882265 
0.0379627 
0.0424957 
0.0520637 
0.040699 
0.0973861 
0.0591615 
0.0753751 
0.0879241 
0.060872 
0.0701277 
0.0993476 
0.0991362 
0.0425491 
0.0562248 
0.0576423 
0.0791805 
0.0899817 
0.0346989 
0.141316 
0.0797021 
0.0516347 
0.066062 
0.054764 
0.0738144 
0.117471 
0.0734646 
0.0599315 
0.0504769 
0.157019 
0.182748 
0.148633 
0.0337955 
0.110384 
0.13522 
0.207073 
0.0787668 
0.0434813 
0.0865871 
0.160739 
0.0773358 
0.0418051 
0.0828579 
0.180735 
0.161494 
0.0549665 
0.122832 
0.151633 
0.169185 
0.139445 
0.0547346 
0.0560725 
0.0727653 
0.164113 
0.177379 
0.151475 
0.0597277 
0.122468 
0.167612 
0.156905 
0.145189 
0.08233 
0.0748189 
0.105312 
0.117089 
0.153425 
0.194955 
0.131696 
0.0819936 
0.0824245 
0.144781 
0.0722942 
0.0464649 
0.0834537 
0.106508 
0.0828069 
0.125118 
0.0864728 
0.0782752 
0.064274 
0.0630657 
0.0921783 
0.041841 
0.107897 
0.0746635 
0.0379919 
0.0564168 
0.0508698 
0.0717066 
0.113528 
0.065382 
0.0451999 
0.0532721 
0.0829398 
0.0490875 
0.128924 
0.050167 
0.0925907 
0.0595096 
0.114301 
0.122852 
0.0510991 
0.105653 
0.0882326 
0.0641784 
0.134209 
0.132449 
0.0417147 
0.075325 
0.0840996 
0.0787153 
0.0291194 
0.0511389 
0.0929721 
0.120497 
0.0524063 
0.463327 
0.257254 
0.261796 
0.198175 
0.102734 
0.0656808 
0.0695966 
0.0600675 
0.0684232 
