0
0.327568 
0.121584 
0.178579 
0.248845 
0.091004 
0.100975 
0.117751 
0.115865 
0.183219 
0.227462 
0.347254 
0.150121 
0.182501 
0.223772 
0.127452 
0.141998 
0.132252 
0.241364 
0.100224 
0.0996356 
0.187893 
0.197823 
0.27354 
0.216427 
0.174083 
0.156205 
0.0811839 
0.187046 
0.190021 
0.119893 
0.0741393 
0.124936 
0.136134 
0.20358 
0.113491 
0.0922155 
0.121083 
0.203127 
0.188851 
0.14867 
0.0317569 
0.164979 
0.154344 
0.198529 
0.19588 
0.140442 
0.158423 
0.1351 
0.16167 
0.150416 
0.103912 
0.184112 
0.150511 
0.172313 
0.205811 
0.157704 
0.0702189 
0.125724 
0.0955539 
0.138853 
0.15105 
0.281018 
0.15898 
0.149898 
0.189286 
0.204434 
0.207209 
0.149063 
0.184198 
0.23807 
0.230566 
0.274063 
0.227906 
0.316306 
0.263131 
0.205951 
0.139649 
0.173239 
0.115043 
0.104922 
0.149538 
0.279207 
0.185372 
0.191009 
0.116107 
0.107979 
0.111168 
0.0839989 
0.190271 
0.16389 
0.0847324 
0.162209 
0.152096 
0.208221 
0.148739 
0.197695 
0.182058 
0.104144 
0.196263 
0.234713 
0.234099 
0.0931889 
0.159259 
0.314934 
0.246833 
0.192512 
0.230913 
0.063452 
0.1522 
0.143215 
0.207919 
0.139745 
0.21827 
0.189186 
0.0575448 
0.166002 
0.177486 
0.210456 
0.205652 
0.147321 
0.0706745 
0.0861775 
0.177991 
0.181411 
0.0913696 
0.0737438 
0.104146 
0.152812 
0.133772 
0.104058 
0.152123 
0.360425 
0.227062 
0.201926 
0.290482 
0.140129 
0.186187 
0.198983 
0.17587 
0.267155 
0.239088 
0.178812 
0.206939 
0.316208 
0.434012 
0.289855 
0.16135 
0.0952866 
0.163231 
0.154972 
0.154694 
0.128015 
0.274498 
0.351715 
0.303673 
0.265329 
0.161198 
0.158513 
0.218819 
0.242298 
0.192162 
0.130913 
0.13563 
0.0823748 
0.151187 
0.15171 
0.222612 
0.195359 
0.170472 
0.180208 
0.160636 
0.146439 
0.224761 
0.200211 
0.159015 
0.238731 
0.124653 
0.279354 
0.215558 
0.200776 
0.233165 
0.298539 
0.378859 
0.0674461 
0.160937 
0.237329 
0.185473 
0.319355 
0.378623 
0.239788 
0.178924 
0.118262 
0.168533 
0.107606 
0.168609 
0.283664 
0.269835 
0.139158 
0.145922 
