0
0.218511 
0.0883449 
0.360227 
0.634771 
0.333001 
0.2714 
0.20914 
0.0301412 
0.0596847 
0.0813458 
0.0808645 
0.13608 
0.0951881 
0.0506801 
0.109501 
0.122669 
0.10478 
0.199935 
0.0685197 
0.0692105 
0.0821449 
0.115836 
0.175754 
0.127241 
0.180851 
0.0849459 
0.0803786 
0.119661 
0.0984396 
0.0710544 
0.0421527 
0.0535422 
0.155759 
0.101149 
0.0640142 
0.119486 
0.093312 
0.171299 
0.238261 
0.0878497 
0.160741 
0.266766 
0.134882 
0.0900807 
0.124183 
0.139164 
0.167924 
0.157267 
0.0941233 
0.116516 
0.319255 
0.195251 
0.0771841 
0.155202 
0.205654 
0.117006 
0.128818 
0.161314 
0.0804836 
0.11226 
0.081083 
0.201958 
0.111793 
0.120009 
0.224318 
0.503174 
0.428106 
0.0500887 
0.295801 
0.314378 
0.431486 
0.13594 
0.137617 
0.0782958 
0.0797808 
0.0661532 
0.0446574 
0.11421 
0.0861927 
0.122682 
0.549214 
0.406761 
0.446606 
0.475514 
0.12375 
0.0538155 
0.149591 
0.144168 
0.033041 
0.418805 
0.0838661 
0.157663 
0.148847 
0.258614 
0.254204 
0.124286 
0.074406 
0.106079 
0.169309 
0.0679664 
0.0731528 
0.0452642 
0.15109 
0.0744662 
0.129932 
0.0998788 
0.289827 
0.0948429 
0.214038 
0.121657 
0.0794256 
0.0498238 
0.177219 
0.111552 
0.195153 
0.0910913 
0.0692393 
0.0531235 
0.153969 
0.232381 
0.362036 
0.2783 
0.10557 
0.214289 
0.127763 
0.110512 
0.123199 
0.107282 
0.1865 
0.170401 
0.411842 
0.196916 
0.271846 
0.083761 
0.0889779 
0.161256 
0.45471 
0.371599 
0.266492 
0.151371 
0.113434 
0.0996701 
0.118097 
0.0846004 
0.0908032 
0.0758424 
0.0980766 
0.128123 
0.167951 
0.152589 
0.120439 
0.0882308 
0.214035 
0.151196 
0.167805 
0.133945 
0.112292 
0.0449718 
0.171272 
0.0979046 
0.113978 
0.0936128 
0.0573134 
0.435338 
0.16863 
0.0730946 
0.105734 
0.0769022 
0.0538163 
0.0858668 
0.0718113 
0.129409 
0.0938763 
0.0787778 
0.140777 
0.0867226 
0.097902 
0.060443 
0.0867857 
0.152516 
0.169031 
0.143348 
0.178146 
0.129214 
0.0486208 
0.189095 
0.243822 
0.160187 
0.109168 
0.0793707 
0.0720557 
0.149198 
0.130211 
0.119556 
0.212699 
0.173077 
0.246814 
0.16086 
0.178479 
