0
0.629261 
0.241548 
0.288351 
0.191015 
0.187286 
0.340174 
0.0955485 
0.190913 
0.0822462 
0.259986 
0.125451 
0.201613 
0.0879604 
0.0556961 
0.147074 
0.113977 
0.248369 
0.0319678 
0.215879 
0.0898753 
0.247408 
0.0811839 
0.148851 
0.113075 
0.194643 
0.121446 
0.0653207 
0.173975 
0.173122 
0.0725279 
0.0668412 
0.0642091 
0.145745 
0.090445 
0.138972 
0.166302 
0.0810184 
0.120028 
0.0617615 
0.042854 
0.122968 
0.187382 
0.110542 
0.124028 
0.0187467 
0.0524502 
0.0681297 
0.0427359 
0.0311585 
0.138341 
0.145073 
0.058527 
0.181787 
0.120744 
0.0656952 
0.0965253 
0.0916979 
0.0978355 
0.041805 
0.0461965 
0.0836794 
0.0538121 
0.0762418 
0.182701 
0.190881 
0.139516 
0.181776 
0.258328 
0.100058 
0.126006 
0.102224 
0.121523 
0.149348 
0.256087 
0.0959798 
0.180918 
0.0770018 
0.0636278 
0.0951119 
0.123503 
0.0881354 
0.107528 
0.187382 
0.361263 
0.372895 
0.259553 
0.217111 
0.146095 
0.28111 
0.137922 
0.125896 
0.113042 
0.147931 
0.129992 
0.162306 
0.101572 
0.0738124 
0.109998 
0.170197 
0.0900268 
0.12761 
0.188331 
0.15853 
0.0691848 
0.0999306 
0.0493337 
0.0355118 
0.00240495 
0.0611688 
0.0521311 
0.0539009 
0.0314989 
0.06019 
0.030027 
0.050993 
0.0586904 
0.221957 
0.2376 
0.091712 
0.112777 
0.130117 
0.121168 
0.0579834 
0.0806018 
0.0537831 
0.0184384 
0.0325233 
0.120391 
0.184723 
0.0833112 
0.104173 
0.181608 
0.160174 
0.172346 
0.243215 
0.0953036 
0.0532035 
0.0959709 
0.092528 
0.0856945 
0.13037 
0.265428 
0.257087 
0.172056 
0.378129 
0.122922 
0.252377 
0.11646 
0.246609 
0.177254 
0.24969 
0.160547 
0.159869 
0.105915 
0.0630048 
0.176229 
0.233695 
0.0620124 
0.0541336 
0.0240267 
0.0650457 
0.107438 
0.106258 
0.0409936 
0.0723046 
0.161919 
0.109798 
0.107296 
0.272844 
0.266695 
0.57547 
0.275671 
0.324971 
0.240825 
0.205766 
0.118606 
0.120884 
0.0896656 
0.0568493 
0.109333 
0.0665842 
0.1406 
0.147512 
0.0799493 
0.123889 
0.222962 
0.078333 
0.231834 
0.103837 
0.163777 
0.260046 
0.0895398 
0.13144 
0.0668294 
0.061979 
0.0909377 
0.120311 
0.0895575 
0.449593 
