0
0.150699 
0.1522 
0.137299 
0.131106 
0.217613 
0.204521 
0.166513 
0.179816 
0.070728 
0.0690563 
0.143183 
0.135429 
0.0889876 
0.0601822 
0.0275264 
0.0583461 
0.0607787 
0.178081 
0.15379 
0.10648 
0.0915461 
0.0904356 
0.0912926 
0.0826894 
0.0692206 
0.0637404 
0.0936662 
0.045854 
0.0658274 
0.104393 
0.202693 
0.0874955 
0.113983 
0.0576745 
0.093393 
0.0890334 
0.0607029 
0.0536361 
0.114121 
0.0894648 
0.116671 
0.128146 
0.101021 
0.0896282 
0.0599103 
0.0960502 
0.0964376 
0.151425 
0.323274 
0.322274 
0.0864836 
0.153544 
0.116844 
0.145046 
0.155151 
0.160451 
0.0594343 
0.141844 
0.115978 
0.0971347 
0.099174 
0.241861 
0.0814704 
0.233348 
0.329431 
0.133037 
0.0597429 
0.174322 
0.116261 
0.185764 
0.118676 
0.101345 
0.116891 
0.106276 
0.118356 
0.233989 
0.345911 
0.140585 
0.314821 
0.195216 
0.211813 
0.295861 
0.219533 
0.278542 
0.0925132 
0.28666 
0.252155 
0.140859 
0.334262 
0.254341 
0.136058 
0.120969 
0.169802 
0.477245 
0.136132 
0.239384 
0.210712 
0.4947 
0.195688 
0.180807 
0.483226 
0.289338 
0.295021 
0.449736 
0.21377 
0.176616 
0.391129 
0.258107 
0.547093 
0.223758 
0.217286 
0.288528 
0.191263 
0.111608 
0.141842 
0.189397 
0.123469 
0.243721 
0.102251 
0.122764 
0.167746 
0.0817936 
0.404247 
0.313189 
0.0954136 
0.264198 
0.19227 
0.124595 
0.380111 
0.278145 
0.113503 
0.163913 
0.13171 
0.157632 
0.386239 
0.4099 
0.43372 
0.106007 
0.269627 
0.0570171 
0.418414 
0.296113 
0.117345 
0.297881 
0.2661 
0.129177 
0.237118 
0.184795 
0.326589 
0.282915 
0.112235 
0.411433 
0.891279 
0.178988 
0.189203 
0.395427 
0.442786 
0.39052 
0.562766 
0.162461 
0.751967 
0.290897 
0.102252 
0.195604 
0.279842 
0.15233 
0.190065 
0.242153 
0.0545787 
0.235851 
0.0692947 
0.111759 
0.0763289 
0.0882581 
0.216985 
0.0703419 
0.3685 
0.167336 
0.243436 
0.388034 
0.357817 
0.137031 
0.441942 
0.370613 
0.26142 
0.0651218 
0.196774 
0.50837 
0.268416 
0.26643 
0.600867 
0.438136 
0.179255 
0.0661186 
0.352118 
0.375626 
0.181106 
0.134201 
0.468475 
