0
0.219098 
0.0568053 
0.0923736 
0.135063 
0.149559 
0.105159 
0.189193 
0.0993729 
0.137957 
0.171606 
0.0877905 
0.110103 
0.0805398 
0.0835186 
0.148215 
0.0551147 
0.173611 
0.143376 
0.137844 
0.157105 
0.0712805 
0.107115 
0.0990795 
0.1249 
0.0717042 
0.0715758 
0.072438 
0.119932 
0.187802 
0.238661 
0.336258 
0.506371 
0.223009 
0.154457 
0.116042 
0.0987076 
0.0787975 
0.103904 
0.169939 
0.123672 
0.0908348 
0.170586 
0.122058 
0.0898388 
0.0909338 
0.10922 
0.0865664 
0.0807834 
0.180655 
0.150803 
0.218696 
0.167801 
0.072784 
0.110122 
0.0544027 
0.0456313 
0.142765 
0.130431 
0.128114 
0.094643 
0.0527697 
0.0740376 
0.09538 
0.111465 
0.083197 
0.0816818 
0.159985 
0.289495 
0.29028 
0.168124 
0.360508 
1.52264 
0.445179 
0.691205 
0.364692 
0.402817 
0.192889 
0.163245 
0.517228 
1.28954 
0.764542 
1.54645 
1.99566 
1.09159 
1.73301 
1.51502 
0.993865 
2.35814 
1.05361 
1.31618 
0.580925 
1.62344 
0.488602 
0.496433 
0.283256 
0.169686 
0.095686 
0.119836 
0.0702977 
0.233285 
0.609688 
0.321874 
0.24175 
0.263654 
0.355662 
0.209871 
0.204074 
0.0681184 
0.185467 
0.180054 
0.124552 
0.211524 
0.1605 
0.219732 
0.153378 
0.122025 
0.273352 
0.110972 
0.147815 
0.138286 
0.0945783 
0.100324 
0.0915985 
0.0745032 
0.138001 
0.0718565 
0.145563 
0.208077 
0.12624 
0.109135 
0.184744 
0.0947441 
0.0934073 
0.278979 
0.235215 
0.176055 
0.229852 
0.15649 
0.148132 
0.0780966 
0.0689893 
0.0900611 
0.123644 
0.0610725 
0.051551 
0.107683 
0.123413 
0.0749162 
0.0869112 
0.114756 
0.10446 
0.0321383 
0.0721767 
0.0833417 
0.103525 
0.0498757 
0.077174 
0.165111 
0.110367 
0.0868578 
0.143957 
0.154402 
0.026849 
0.0412997 
0.119227 
0.10699 
0.0998906 
0.096701 
0.27474 
0.162471 
0.0764814 
0.115345 
0.0593715 
0.1503 
0.126674 
0.103941 
0.0486024 
0.0408795 
0.0944488 
0.106703 
0.351414 
0.626851 
0.246597 
0.167885 
0.351898 
0.176532 
0.138815 
0.0857157 
0.0427472 
0.0982777 
0.119611 
0.147455 
0.105256 
0.0598947 
0.167946 
0.128073 
0.0762468 
0.0790079 
0.119133 
