0
0.101621 
0.162817 
0.237368 
0.217167 
0.244651 
0.230937 
0.289496 
0.336369 
0.238924 
0.234696 
0.176251 
0.161047 
0.242153 
0.192845 
0.202743 
0.0567957 
0.117646 
0.0435554 
0.183857 
0.101132 
0.305199 
0.238011 
0.190291 
0.127953 
0.187032 
0.148156 
0.0897688 
0.15483 
0.270554 
0.243147 
0.140468 
0.118847 
0.200004 
0.349275 
0.280218 
0.151346 
0.106743 
0.128076 
0.339467 
0.377647 
0.192599 
0.151555 
0.310184 
0.287379 
0.233018 
0.218243 
0.172644 
0.139692 
0.217879 
0.184022 
0.0994466 
0.214655 
0.180902 
0.250375 
0.292546 
0.198089 
0.130634 
0.101638 
0.25462 
0.252725 
0.163924 
0.105513 
0.168452 
0.0892719 
0.217008 
0.173594 
0.16752 
0.199407 
0.287962 
0.223265 
0.133481 
0.216251 
0.14378 
0.113246 
0.137158 
0.103753 
0.167296 
0.242376 
0.173217 
0.0994136 
0.131366 
0.21902 
0.165432 
0.118613 
0.128871 
0.104509 
0.15668 
0.241034 
0.0790684 
0.21434 
0.154772 
0.179293 
0.161244 
0.210752 
0.144625 
0.169445 
0.243294 
0.174278 
0.0806844 
0.0771406 
0.216137 
0.207978 
0.105413 
0.194323 
0.125746 
0.187531 
0.122677 
0.127635 
0.328174 
0.0940828 
0.160538 
0.226638 
0.189288 
0.162017 
0.204562 
0.121355 
0.0612854 
0.0984062 
0.16758 
0.234737 
0.297388 
0.270873 
0.258252 
0.158624 
0.0590895 
0.115623 
0.146036 
0.148408 
0.117329 
0.0794405 
0.179459 
0.227924 
0.24943 
0.284375 
0.218837 
0.187352 
0.183621 
0.126211 
0.0817608 
0.111524 
0.109501 
0.225642 
0.257683 
0.233182 
0.22913 
0.208095 
0.209645 
0.415274 
0.0872462 
0.367153 
0.1853 
0.136963 
0.139288 
0.148028 
0.176051 
0.114932 
0.223206 
0.226386 
0.153938 
0.17215 
0.272595 
0.101109 
0.103535 
0.0854864 
0.152647 
0.105205 
0.0642069 
0.0982925 
0.0714207 
0.0589066 
0.0871649 
0.135578 
0.123795 
0.183128 
0.299325 
0.115139 
0.201546 
0.277065 
0.255743 
0.176541 
0.14711 
0.162428 
0.101743 
0.123196 
0.104179 
0.164855 
0.18318 
0.288319 
0.271426 
0.23877 
0.152449 
0.102597 
0.232345 
0.318266 
0.220769 
0.127241 
0.0656439 
0.067019 
0.122981 
