0
0.162154 
0.277169 
0.114449 
0.145876 
0.0567157 
0.189643 
0.132968 
0.0816186 
0.186474 
0.090652 
0.176954 
0.113716 
0.147916 
0.144622 
0.087188 
0.170635 
0.186339 
0.107777 
0.107091 
0.0945163 
0.218073 
0.12314 
0.1943 
0.219081 
0.183186 
0.148206 
0.0908927 
0.211 
0.251372 
0.0732035 
0.140472 
0.249695 
0.165454 
0.199022 
0.219649 
0.186283 
0.467333 
0.0889098 
0.31783 
0.274748 
0.147589 
0.483265 
0.254051 
0.290519 
0.274575 
0.250041 
0.307434 
0.0555245 
0.260951 
0.297825 
0.223736 
0.259162 
0.0895773 
0.46565 
0.101871 
0.417535 
0.27042 
0.164968 
0.280492 
0.140303 
0.279661 
0.0980744 
0.186626 
0.211708 
0.126969 
0.185303 
0.0482125 
0.0462648 
0.373383 
0.320042 
0.126993 
0.0632958 
0.155076 
0.201133 
0.0974199 
0.287553 
0.218087 
0.195252 
0.19752 
0.501628 
0.158802 
0.288219 
0.224468 
0.243244 
0.222327 
0.105475 
0.237146 
0.0665693 
0.112518 
0.0982305 
0.193193 
0.154655 
0.157679 
0.332509 
0.0666223 
0.17505 
0.0802647 
0.111552 
0.27369 
0.382051 
0.1621 
0.194074 
0.297634 
0.240729 
0.112642 
0.26858 
0.25953 
0.193681 
0.2575 
0.350199 
0.187601 
0.352323 
0.323552 
0.208867 
0.253682 
0.266516 
0.276967 
0.19275 
0.265367 
0.169563 
0.0732291 
0.205531 
0.27664 
0.0659849 
0.218211 
0.150538 
0.0618558 
0.175698 
0.152499 
0.271828 
0.106946 
0.359189 
0.27377 
0.152854 
0.132664 
0.323274 
0.121648 
0.348801 
0.347774 
0.20114 
0.420795 
0.200828 
0.411898 
0.344568 
0.472804 
0.43834 
0.355451 
0.335567 
0.131929 
0.22995 
0.511482 
0.131126 
0.298548 
0.315634 
0.209821 
0.0953291 
0.133869 
0.287325 
0.361637 
0.185054 
0.110324 
0.466406 
0.449237 
0.397464 
0.122227 
0.120937 
0.205753 
0.663288 
0.106051 
0.715294 
0.128043 
0.375767 
0.259152 
0.129477 
0.283585 
0.179968 
0.0885859 
0.328796 
0.245894 
0.267592 
0.202165 
0.525013 
0.0942609 
0.284753 
0.142546 
0.146397 
0.366776 
0.310376 
0.181548 
0.182161 
0.461017 
0.198755 
0.161028 
0.310426 
0.47754 
0.364989 
0.230613 
0.426284 
0.408266 
