0
0.251762 
0.0887774 
0.267421 
0.126839 
0.10174 
0.13598 
0.146475 
0.0839676 
0.104015 
0.133631 
0.184737 
0.206422 
0.162443 
0.131913 
0.126778 
0.138604 
0.124045 
0.141923 
0.133839 
0.134612 
0.0712248 
0.0779354 
0.14383 
0.0901827 
0.139007 
0.259059 
0.55385 
1.61386 
0.772299 
0.333933 
0.238365 
0.198295 
0.107827 
0.110553 
0.0721232 
0.0496264 
0.0841248 
0.0660506 
0.115108 
0.183925 
0.23303 
0.152207 
0.0510344 
0.0434121 
0.0757862 
0.131494 
0.165343 
0.138582 
0.105696 
0.183141 
0.0913622 
0.0930283 
0.113899 
0.108736 
0.132904 
0.226288 
0.147867 
0.281255 
0.20005 
0.237055 
0.188889 
0.218029 
0.186852 
0.0954224 
0.115648 
0.16635 
0.187363 
0.18609 
0.0823452 
0.070197 
0.088156 
0.140255 
0.217935 
0.215429 
0.16965 
0.179202 
0.0952917 
0.0822803 
0.0922708 
0.222682 
0.185053 
0.135134 
0.0763845 
0.0862511 
0.119446 
0.184363 
0.150133 
0.106248 
0.156314 
0.0831844 
0.137905 
0.198381 
0.200327 
0.177314 
0.0985118 
0.0693114 
0.0358835 
0.122397 
0.0841 
0.122959 
0.134711 
0.0770324 
0.113771 
0.0768775 
0.110654 
0.115543 
0.0970745 
0.214319 
0.195357 
0.144272 
0.151557 
0.164849 
0.187654 
0.0893977 
0.155461 
0.182342 
0.196846 
0.180212 
0.173301 
0.158482 
0.128954 
0.0899173 
0.206421 
0.17305 
0.108432 
0.108842 
0.182474 
0.236482 
0.179247 
0.202552 
0.166056 
0.16086 
0.108514 
0.129375 
0.193082 
0.104654 
0.110624 
0.210499 
0.317292 
0.121238 
0.099809 
0.131357 
0.286684 
0.0464566 
0.0996521 
0.0624549 
0.140417 
0.155297 
0.21713 
0.179524 
0.149265 
0.164326 
0.0882164 
0.140792 
0.118196 
0.199704 
0.10829 
0.0976132 
0.114535 
0.148087 
0.150972 
0.194772 
0.111667 
0.10196 
0.181858 
0.176397 
0.10881 
0.062688 
0.0646022 
0.0692093 
0.121929 
0.225188 
0.216624 
0.132074 
0.0973351 
0.15798 
0.156163 
0.084525 
0.175277 
0.124762 
0.176657 
0.127045 
0.143652 
0.208264 
0.178175 
0.233714 
0.160633 
0.151975 
0.253924 
0.17299 
0.068345 
0.167356 
0.0886485 
0.038748 
0.0764057 
0.0699079 
0.16357 
0.213041 
0.182557 
