0
0.110684 
0.229528 
0.139242 
0.198723 
0.252103 
0.154263 
0.228431 
0.175201 
0.1953 
0.140045 
0.101412 
0.141088 
0.132339 
0.130163 
0.162176 
0.137062 
0.153604 
0.177346 
0.0684798 
0.198151 
0.202442 
0.159006 
0.180866 
0.154942 
0.194877 
0.291285 
0.305098 
0.106159 
0.111524 
0.154119 
0.165172 
0.227153 
0.207282 
0.214926 
0.235304 
0.190684 
0.109001 
0.0575051 
0.0784474 
0.175102 
0.0638535 
0.155087 
0.086884 
0.0844245 
0.204752 
0.280782 
0.299483 
0.20586 
0.138081 
0.22362 
0.268731 
0.247971 
0.210017 
0.192503 
0.0863566 
0.166445 
0.233533 
0.199415 
0.148017 
0.156422 
0.231827 
0.122815 
0.0840272 
0.105456 
0.182382 
0.108473 
0.104819 
0.197332 
0.18929 
0.272869 
0.343532 
0.205032 
0.279035 
0.0903406 
0.173019 
0.143524 
0.202917 
0.148852 
0.0797614 
0.133188 
3.56898 
3.22186 
3.84333 
1.77123 
1.02286 
0.568805 
0.287104 
0.282475 
0.24352 
0.125877 
0.347181 
0.18635 
0.267478 
0.171126 
0.125213 
0.0922494 
0.213282 
0.0888781 
0.13583 
0.206044 
0.178974 
0.113281 
0.158971 
0.134479 
0.194087 
0.148198 
0.195365 
0.106262 
0.0756876 
0.10999 
0.103838 
0.121774 
0.197766 
0.217864 
0.178604 
0.239056 
0.117602 
0.0664636 
0.0970928 
0.12846 
0.277744 
0.184242 
0.176662 
0.131061 
0.11063 
0.12298 
0.157205 
0.175054 
0.103242 
0.134829 
0.211893 
0.254622 
0.209543 
0.258847 
0.131354 
0.125316 
0.0948436 
0.348528 
0.330757 
0.431552 
0.691644 
0.1764 
0.218897 
0.141637 
0.139599 
0.132003 
0.238733 
0.103583 
0.154854 
0.11141 
0.123066 
0.0587941 
0.150405 
0.123221 
0.154815 
0.144412 
0.314977 
0.2589 
0.324945 
0.662293 
0.85509 
0.374253 
0.496285 
0.219786 
0.201714 
0.199394 
0.120322 
0.127866 
0.168446 
0.163622 
0.0801873 
0.179565 
0.0571719 
0.172945 
0.151095 
0.220399 
0.196328 
0.105883 
0.171171 
0.195118 
0.146651 
0.201786 
0.195531 
0.13742 
0.156567 
0.217352 
0.194929 
0.321079 
0.165313 
0.249518 
0.173051 
0.12948 
0.130023 
0.0618735 
0.221823 
0.780359 
1.63972 
0.78925 
1.71691 
