0
0.223426 
0.13378 
0.129496 
0.312405 
0.112732 
0.250359 
0.0907426 
0.10271 
0.199198 
0.17873 
0.16082 
0.215129 
0.151238 
0.105876 
0.124024 
0.167925 
0.221058 
0.292812 
0.26827 
0.249584 
0.300951 
0.0703768 
0.12508 
0.0756607 
0.147486 
0.126398 
0.202638 
0.17286 
0.126479 
0.13729 
0.0970891 
0.113468 
0.220403 
0.230478 
0.2993 
0.159032 
0.134866 
0.173322 
0.260446 
0.216614 
0.2078 
0.176525 
0.1309 
0.156319 
0.214462 
0.126585 
0.136443 
0.146551 
0.177068 
0.0914986 
0.13661 
0.242219 
0.182714 
0.0569499 
0.160829 
0.145366 
0.152061 
0.188189 
0.18018 
0.214024 
0.208199 
0.157505 
0.199224 
0.23976 
0.185444 
0.116124 
0.215733 
0.244644 
0.20642 
0.133198 
0.048096 
0.23501 
0.221891 
0.157626 
0.0548334 
0.136578 
0.0577544 
0.172318 
0.114495 
0.192279 
0.163224 
0.101664 
0.12004 
0.148497 
0.177508 
0.109455 
0.156319 
0.183594 
0.153386 
0.125934 
0.073748 
0.120601 
0.128876 
0.136287 
0.13868 
0.1148 
0.14282 
0.156759 
0.14244 
0.102529 
0.132885 
0.159367 
0.262643 
0.206347 
0.297507 
0.115987 
0.0796556 
0.104334 
0.115756 
0.191706 
0.152789 
0.041584 
0.114913 
0.148292 
0.111968 
0.0368774 
0.0894345 
0.123685 
0.173482 
0.129297 
0.160974 
0.117432 
0.11518 
0.151921 
0.1335 
0.153299 
0.162523 
0.166089 
0.131099 
0.100479 
0.114221 
0.125523 
0.152581 
0.199526 
0.157104 
0.0826829 
0.124434 
0.190694 
0.127597 
0.111987 
0.112511 
0.171487 
0.186398 
0.163396 
0.173407 
0.110093 
0.120768 
0.1166 
0.086609 
0.133462 
0.155025 
0.160006 
0.16297 
0.164868 
0.165664 
0.195675 
0.113019 
0.114407 
0.0727318 
0.0929704 
0.119872 
0.156023 
0.192163 
0.175031 
0.1751 
0.136135 
0.119263 
0.0865137 
0.135095 
0.329194 
0.30599 
0.16807 
0.158446 
0.159955 
0.303685 
0.171738 
0.130927 
0.230856 
0.188165 
0.0824378 
0.0585628 
0.108011 
0.19683 
0.127875 
0.102447 
0.132671 
0.146046 
0.126364 
0.135829 
0.182891 
0.146651 
0.193429 
0.20966 
0.11843 
0.118396 
0.121609 
0.169879 
0.162449 
0.138297 
