0
0.0238013 
0.248091 
0.241223 
0.156953 
0.169754 
0.190851 
0.197569 
0.126636 
0.107742 
0.0878961 
0.0720728 
0.103583 
0.126951 
0.111317 
0.142874 
0.118575 
0.120968 
0.264148 
0.345502 
0.481251 
0.155546 
0.602252 
0.47686 
0.206214 
0.131227 
0.0755853 
0.134834 
0.165409 
0.193787 
0.243343 
0.21768 
0.13449 
0.0773389 
0.267142 
0.235856 
0.169357 
0.147738 
0.342169 
0.17341 
0.141646 
0.259092 
0.655434 
0.132459 
0.0721485 
0.140693 
0.190435 
0.320986 
0.214566 
0.241528 
0.138004 
0.699904 
0.587215 
0.615282 
0.455435 
0.305393 
0.710348 
0.290273 
0.237934 
0.219627 
0.937253 
0.149446 
0.181411 
0.108359 
0.142119 
2.13268 
1.31509 
2.11868 
0.880402 
0.28983 
0.215984 
0.151363 
0.190093 
0.207719 
0.173732 
0.0944687 
0.340168 
0.403656 
0.338477 
0.075906 
0.0993776 
0.130157 
0.128666 
0.134128 
0.225086 
0.131002 
0.366579 
0.147616 
0.148599 
0.157307 
0.372461 
0.168774 
0.200801 
0.241244 
0.0647833 
0.161549 
0.556893 
0.524832 
0.296942 
0.55338 
0.185933 
0.286138 
0.15974 
0.171743 
0.116976 
0.222811 
0.10521 
0.165236 
0.139114 
0.14488 
0.173128 
0.263468 
0.288916 
0.130784 
0.155781 
0.131619 
0.156112 
0.150019 
0.276689 
0.388346 
0.203482 
0.129837 
0.192716 
0.130805 
0.072959 
0.0949822 
0.140378 
0.159116 
0.224646 
0.129156 
0.573181 
0.324613 
0.392912 
0.244354 
0.200642 
0.139333 
0.194979 
0.528558 
0.652317 
0.157072 
0.905042 
0.705539 
0.214944 
0.232324 
0.233725 
0.444455 
0.129813 
0.326895 
0.364792 
0.139797 
0.199089 
0.0976637 
0.158381 
0.079886 
0.0566238 
0.54287 
5.88883 
3.00454 
0.901378 
0.644216 
0.315448 
0.975837 
0.401678 
0.20707 
0.0870235 
0.121434 
0.311468 
0.247809 
0.217808 
0.174765 
0.172127 
0.293841 
0.252654 
0.122055 
0.191906 
0.150843 
0.0646535 
0.455513 
0.197401 
0.753509 
0.489734 
0.47655 
0.159126 
0.144706 
0.320776 
0.153702 
0.121176 
0.128597 
0.253119 
0.186617 
0.11037 
0.114073 
0.272174 
0.931282 
0.784693 
0.409294 
0.130678 
0.192791 
0.167038 
0.126838 
