0
0.320109 
0.396098 
0.0967349 
0.138359 
0.087671 
0.189315 
0.121984 
0.160919 
0.17118 
0.209032 
0.22959 
0.261563 
0.139312 
0.184776 
0.20606 
0.155296 
0.137307 
0.188278 
0.1722 
0.170083 
0.191198 
0.335919 
0.242378 
0.27072 
0.206283 
0.125084 
0.16036 
0.152338 
0.14911 
0.216606 
0.310431 
0.493829 
0.317611 
0.340061 
0.638504 
0.0955148 
0.138772 
0.253123 
0.131154 
0.0986877 
0.198914 
0.0812958 
0.223227 
0.183891 
0.27702 
0.251994 
0.215414 
0.218185 
0.167442 
0.178039 
0.227049 
0.20089 
0.147915 
0.101063 
0.205369 
0.22725 
0.191701 
0.167256 
0.215712 
0.123356 
0.474996 
0.743214 
1.51909 
3.42952 
1.20057 
0.704509 
0.252422 
0.164826 
0.192978 
0.131363 
0.126247 
0.205021 
0.0934875 
0.109097 
0.131838 
0.16622 
0.133213 
0.165574 
0.154799 
0.0802958 
0.144016 
0.176757 
0.137842 
0.105077 
0.149423 
0.19705 
0.112015 
0.165604 
0.164407 
0.179435 
0.15863 
0.13489 
0.122519 
0.112049 
0.185026 
0.273941 
0.280683 
0.224499 
0.144446 
0.142106 
0.13266 
0.17295 
0.198259 
0.113182 
0.138372 
0.138955 
0.107903 
0.124535 
0.142979 
0.0912644 
0.100432 
0.183536 
0.303352 
0.103547 
0.137843 
0.130551 
0.157556 
0.160268 
0.154843 
0.153351 
0.165239 
0.141068 
0.189344 
0.135439 
0.161841 
0.158524 
0.17225 
0.158321 
0.0879187 
0.139401 
0.0888977 
0.104402 
0.107118 
0.101946 
0.103692 
0.107666 
0.164099 
0.727817 
0.228551 
0.18964 
0.206567 
0.150866 
0.17777 
0.259731 
0.173786 
0.150584 
0.13281 
0.111164 
0.116716 
0.184983 
0.13736 
0.376678 
0.153152 
0.188688 
0.229566 
0.314142 
0.185313 
0.173992 
0.235972 
0.358644 
0.306758 
0.26058 
0.138712 
0.0977125 
0.0879203 
0.0951362 
0.157896 
0.131198 
0.128872 
0.201376 
0.254951 
0.369519 
1.87343 
1.35342 
0.37485 
0.136118 
0.189818 
0.13054 
0.176099 
0.209883 
0.211237 
0.284406 
2.44291 
2.61793 
0.246212 
0.10628 
0.103941 
0.150583 
0.320781 
0.203725 
0.239976 
0.327698 
0.225005 
0.114197 
0.112743 
0.144675 
0.106564 
0.136842 
0.210683 
