0
0.0363688 
0.0885777 
0.0669369 
0.103312 
0.0979713 
0.0408752 
0.0932904 
0.0982677 
0.050388 
0.0582155 
0.0745759 
0.10248 
0.0814695 
0.077867 
0.0843565 
0.108608 
0.124246 
0.157565 
0.0862613 
0.0637119 
0.060949 
0.0476374 
0.0704739 
0.161421 
0.131012 
0.0702641 
0.131079 
0.180952 
0.0532919 
0.0947131 
0.0582615 
0.0524941 
0.0451423 
0.0991265 
0.0499555 
0.0421937 
0.202174 
0.0920365 
0.0536825 
0.0916751 
0.0806367 
0.256608 
0.133636 
0.133452 
0.0872667 
0.115259 
0.072204 
0.10305 
0.0553037 
0.163024 
0.168865 
0.305754 
0.094785 
0.169729 
0.0630192 
0.248314 
0.0874378 
0.0491661 
0.119613 
0.0946606 
0.0522202 
0.067095 
0.0460052 
0.223055 
0.164523 
0.139251 
0.0946654 
0.113247 
0.224534 
0.244527 
0.212895 
0.159185 
0.102528 
0.0958396 
0.130689 
0.0944499 
0.205834 
0.115347 
0.192595 
0.135257 
0.196617 
0.902809 
0.414151 
0.492214 
0.257012 
0.0571829 
0.145782 
0.124109 
0.167777 
0.104013 
0.102847 
0.0896832 
0.0682121 
0.297908 
0.234347 
0.166252 
0.103828 
0.0243454 
0.0340045 
0.0965309 
0.080296 
0.137738 
0.162698 
0.257571 
0.106425 
0.0635506 
0.124735 
0.158418 
0.0950892 
0.118039 
0.0248243 
0.0399745 
0.0957012 
0.0642734 
0.0705116 
0.113796 
0.10092 
0.310255 
0.227239 
0.0926492 
0.0434921 
0.0426492 
0.0627738 
0.113258 
0.0688742 
0.0846019 
0.143178 
0.0637688 
0.0558894 
0.180914 
0.162691 
0.101068 
0.110502 
0.080853 
0.079892 
0.089138 
0.139571 
0.0572295 
0.0492453 
0.0683691 
0.0338981 
0.0992403 
0.172411 
0.457765 
0.657138 
0.0858176 
0.399715 
0.351927 
0.361519 
0.399627 
0.143968 
0.0931267 
0.133362 
0.148872 
0.101332 
0.112222 
0.322585 
0.656093 
0.346833 
0.147201 
0.196584 
0.08773 
0.0306507 
0.116852 
0.110002 
0.196649 
0.0746545 
0.127231 
0.169496 
0.242868 
0.0873405 
0.200934 
0.1838 
0.398843 
0.115636 
0.0988346 
0.100032 
0.120142 
0.127725 
