0
0.247083 
0.249723 
0.0450525 
0.0220311 
0.0344444 
0.0314534 
0.0156775 
0.0505522 
0.106486 
0.0653943 
0.101699 
0.0749394 
0.0251719 
0.0231471 
0.0628728 
0.0568737 
0.0565502 
0.0545992 
0.0682542 
0.0342562 
0.018606 
0.0417557 
0.0822804 
0.061944 
0.0310656 
0.0300654 
0.0294071 
0.0255036 
0.0312437 
0.0290988 
0.0505909 
0.0315849 
0.0573459 
0.0673939 
0.0761673 
0.0733154 
0.05046 
0.0191916 
0.0888915 
0.0725263 
0.0152956 
0.0280351 
0.0347356 
0.0263873 
0.0382661 
0.0447917 
0.068607 
0.0435524 
0.0721954 
0.0875756 
0.100021 
0.0669383 
0.0970167 
0.100287 
0.0212516 
0.0513854 
0.0828214 
0.0555255 
0.0499699 
0.0430284 
0.0592253 
0.0547751 
0.0794998 
0.0668387 
0.045842 
0.0166363 
0.048342 
0.0329931 
0.0551936 
0.0427739 
0.035509 
0.0556705 
0.116397 
0.130197 
0.0390281 
0.0664397 
0.0872891 
0.0292106 
0.0550485 
0.0457489 
0.0246418 
0.018819 
0.0736327 
0.0288975 
0.0180293 
0.0155184 
0.027163 
0.0394015 
0.0264935 
0.0413676 
0.0172162 
0.0496114 
0.057768 
0.0600839 
0.0864232 
0.0779745 
0.015941 
0.0963418 
0.0737163 
0.0486163 
0.0250569 
0.0658222 
0.0224293 
0.025579 
0.0273235 
0.0256843 
0.0422246 
0.132003 
0.0584079 
0.038899 
0.0865814 
0.0290754 
0.0684907 
0.0404242 
0.013851 
0.0255665 
0.0475455 
0.0310423 
0.0516301 
0.0413312 
0.0570028 
0.0688713 
0.0359132 
0.106743 
0.109265 
0.0623671 
0.0392938 
0.0526128 
0.0354264 
0.152834 
0.0778044 
0.057681 
0.0210752 
0.0268272 
0.0679559 
0.0410194 
0.0835696 
0.030806 
0.0730028 
0.145924 
0.0776561 
0.0473365 
0.0558188 
0.0785603 
0.133419 
0.0701883 
0.0346964 
0.0346771 
0.0686623 
0.0365994 
0.0488883 
0.0155591 
0.0206535 
0.0868647 
0.0863791 
0.121146 
0.040085 
0.166172 
0.0625461 
0.0429479 
0.0655924 
0.0997922 
0.0697131 
0.0849288 
0.0503747 
0.0575371 
0.0049217 
0.0530047 
0.0536347 
0.0539107 
0.0901202 
0.0476434 
0.0472299 
0.0407331 
0.0753688 
0.123438 
0.0788484 
0 
0.0712631 
