0
0.120506 
0.0881341 
0.0806075 
0.0616067 
0.069272 
0.0578425 
0.161728 
0.0842583 
0.102874 
0.103856 
0.0664768 
0.0463186 
0.044875 
0.0851262 
0.101986 
0.0753901 
0.017335 
0.0320895 
0.0395225 
0.103319 
0.0981707 
0.0780045 
0.066556 
0.0113842 
0.0345966 
0.03618 
0.0361055 
0.0297337 
0.0308434 
0.0857412 
0.098571 
0.0884651 
0.0737319 
0.064834 
0.0691925 
0.0828469 
0.0876798 
0.0679317 
0.114263 
0.0911109 
0.0539188 
0.040916 
0.0322343 
0.0399343 
0.0427981 
0.0491042 
0.0491117 
0.0422376 
0.0677231 
0.0287894 
0.0760655 
0.0698882 
0.113782 
0.0938297 
0.0790239 
0.108692 
0.106199 
0.102927 
0.064687 
0.0981711 
0.104484 
0.0535792 
0.0268311 
0.0124762 
0.0280989 
0.0681528 
0.0459334 
0.0690464 
0.0466962 
0.0487594 
0.065152 
0.0491064 
0.0304729 
0.0193891 
0.0487484 
0.031581 
0.0552304 
0.0478361 
0.0828097 
0.0432933 
0.054941 
0.0649052 
0.0599839 
0.0596962 
0.0453089 
0.0362233 
0.0513764 
0.0747068 
0.0361556 
0.0688458 
0.0415008 
0.0462636 
0.114706 
0.109012 
0.0788051 
0.0356806 
0.0461614 
0.0272399 
0.0413386 
0.0580275 
0.0356368 
0.0397957 
0.152775 
0.0652793 
0.0998702 
0.0796756 
0.0505174 
0.0137934 
0.050874 
0.0848181 
0.0506293 
0.0977398 
0.0229977 
0.014695 
0.017598 
0.0405371 
0.0752699 
0.0774224 
0.0605878 
0.064246 
0.0963467 
0.0626024 
0.0799107 
0.0195052 
0.0291339 
0.0165956 
0.0132317 
0.0465199 
0.0728226 
0.101995 
0.0477569 
0.0641419 
0.0315809 
0.0296686 
0.0386708 
0.0433058 
0.0438258 
0.0525155 
0.0417063 
0.0428687 
0.0235819 
0.0471936 
0.042221 
0.0325473 
0.0678343 
0.084525 
0.0543279 
0.030861 
0.0596492 
0.0458377 
0.0407526 
0.0441125 
0.0687597 
0.0740181 
0.0367116 
0.0679019 
0.0750647 
0.077796 
0.0601422 
0.0394917 
0.0574394 
0.0864356 
0.0290775 
0.060397 
0.0957544 
0.0610763 
0.0468493 
0.0669126 
0.0175238 
0.0312152 
0.0257682 
0.0340695 
0.0640251 
0.0949469 
0.065329 
0.101828 
0.140493 
0.13492 
0.0900959 
