0
0.0485858 
0.0821274 
0.154327 
0.0916925 
0.0471198 
0.0628996 
0.00855496 
0.0247084 
0.0555625 
0.0839678 
0.0461116 
0.0453244 
0.0237784 
0.0620258 
0.0191325 
0.0480304 
0.0370625 
0.0234199 
0.0688908 
0.084217 
0.127263 
0.029409 
0.172517 
0.0577317 
0.0611342 
0.0314599 
0.0645749 
0.0418254 
0.0551875 
0.0734117 
0.0454385 
0.0497483 
0.0336236 
0.0414623 
0.0457554 
0.0166701 
0.088606 
0.04561 
0.0583009 
0.0929509 
0.0559265 
0.201777 
0.0942323 
0.0482604 
0.0515266 
0.043922 
0.0313579 
0.035197 
0.0723849 
0.00753476 
0.0297113 
0.075783 
0.0450371 
0.0196219 
0.0280952 
0.0507497 
0.0454099 
0.0393923 
0.0277782 
0.0228542 
0.0257863 
0.092029 
0.0400415 
0.0671667 
0.0685342 
0.10873 
0.0389727 
0.359544 
0.336 
0.204551 
0.069392 
0.0824206 
0.0323877 
0.03539 
0.0838485 
0.0761932 
0.0638751 
0.0582288 
0.0283944 
0.126511 
0.0819232 
0.0714377 
0.0313509 
0.0581327 
0.0385253 
0.0737463 
0.0277484 
0.053691 
0.0500464 
0.0287207 
0.164235 
0.136173 
0.0313269 
0.0337921 
0.0430058 
0.077147 
0.0454172 
0.121101 
0.104291 
0.0911137 
0.0583112 
0.0775669 
0.0455278 
0.0593967 
0.0573405 
0.0439223 
0.0413701 
0.0807338 
0.0556232 
0.086829 
0.0703504 
0.0344235 
0.0812913 
0.055254 
0.0770116 
0.0384119 
0.0744977 
0.0868991 
0.0389042 
0.28209 
0.0444154 
0.0560424 
0.0491781 
0.0352982 
0.042697 
0.0254025 
0.057609 
0.11099 
0.044699 
0.046963 
0.0740413 
0.0873612 
0.0573611 
0.0592335 
0.066657 
0.019246 
0.0426226 
0.070427 
0.0250725 
0.0282779 
0.0435011 
0.186309 
0.0995255 
0.0651636 
0.0640354 
0.0252807 
0.0629485 
0.061708 
0.0323126 
0.0825447 
0.0564699 
0.0391939 
0.032405 
0.0494567 
0.0522092 
0.0236336 
0.0835313 
0.0506618 
0.0597715 
0.0385494 
0.047812 
0.0298979 
0.018716 
0.0413523 
0.171788 
0.218353 
0.128416 
0.0492502 
0.111824 
0.0465135 
0.0991999 
0.0581588 
0.0556336 
0.0650795 
0.0290073 
0.0434438 
0.130417 
0.0752269 
0.0245674 
