0
0.0382469 
0.134448 
0.0652244 
0.0732682 
0.0681308 
0.049271 
0.0693385 
0.0966168 
0.072404 
0.0843928 
0.0983061 
0.0387926 
0.0551775 
0.0532378 
0.0446297 
0.0683594 
0.0470696 
0.0721269 
0.102342 
0.0334168 
0.0559563 
0.0724246 
0.104949 
0.111931 
0.120351 
0.0499836 
0.0599432 
0.0375542 
0.0257349 
0.0446693 
0.0565785 
0.101887 
0.0495254 
0.0458995 
0.0477069 
0.0496135 
0.0968761 
0.0430167 
0.0391869 
0.0312267 
0.10593 
0.136596 
0.104048 
0.0310373 
0.0667769 
0.0778239 
0.0954197 
0.0567822 
0.0967917 
0.0802594 
0.0461124 
0.161564 
0.0871918 
0.0201828 
0.0546681 
0.111073 
0.0744212 
0.0795413 
0.0557357 
0.0553045 
0.0362385 
0.0556166 
0.070603 
0.0918878 
0.0777504 
0.0333269 
0.041963 
0.0643608 
0.0909041 
0.0502832 
0.0918908 
0.132566 
0.0780601 
0.0609072 
0.0823165 
0.115311 
0.0853958 
0.068568 
0.0811848 
0.0494461 
0.0866519 
0.0368966 
0.0356065 
0.0818715 
0.0758726 
0.0677214 
0.0946836 
0.0911268 
0.0773853 
0.0587324 
0.0518909 
0.0611619 
0.141098 
0.105555 
0.0847119 
0.0899505 
0.0804115 
0.0871829 
0.0229909 
0.134119 
0.0606189 
0.0900736 
0.0688542 
0.0768302 
0.0469329 
0.0553359 
0.0513951 
0.078701 
0.121739 
0.0594525 
0.070213 
0.0977092 
0.112685 
0.10201 
0.0559305 
0.073967 
0.087419 
0.0165733 
0.0631708 
0.115709 
0.0291398 
0.0481452 
0.0496223 
0.0536822 
0.0441482 
0.0328348 
0.0640551 
0.0598144 
0.0349538 
0.0266686 
0.0654523 
0.0647192 
0.118846 
0.0736326 
0.08166 
0.0619915 
0.0837006 
0.0232418 
0.0582384 
0.04011 
0.0666171 
0.113081 
0.0606241 
0.0506204 
0.0502556 
0.125119 
0.0460368 
0.0800503 
0.0885966 
0.0665256 
0.0888318 
0.0374403 
0.109584 
0.116343 
0.0716412 
0.0149067 
0.0458309 
0.0612955 
0.0560329 
0.0176316 
0.031356 
0.052212 
0.0790173 
0.0843544 
0.0712847 
0.0375078 
0.0965054 
0.0672654 
0.0685462 
0.0970972 
0.118893 
0.0636906 
0.0634566 
0.0643762 
0.131535 
0.0876128 
0.108824 
0.0292173 
0.113938 
