0
0.128187 
0.0576999 
0.0536828 
0.0653634 
0.0484136 
0.0804335 
0.134861 
0.094059 
0.0567738 
0.116848 
0.100642 
0.0686084 
0.0730459 
0.0907691 
0.048105 
0.0595936 
0.0491336 
0.0511742 
0.0914645 
0.0545333 
0.0278198 
0.0815263 
0.0930555 
0.0687908 
0.10587 
0.189181 
0.0633157 
0.109971 
0.110507 
0.0315317 
0.0640899 
0.114838 
0.189737 
0.102891 
0.160916 
0.252023 
0.147937 
0.0588911 
0.0884546 
0.0781648 
0.156588 
0.152236 
0.100783 
0.088205 
0.114787 
0.138769 
0.110505 
0.0718221 
0.110043 
0.0952847 
0.225043 
0.172663 
0.146377 
0.100551 
0.0408757 
0.0809423 
0.0654631 
0.0822069 
0.0629754 
0.0913417 
0.0724355 
0.0256699 
0.0419321 
0.0709607 
0.0804821 
0.0572763 
0.0822893 
0.0389633 
0.286412 
0.247556 
0.411793 
0.22316 
0.0548982 
0.145788 
0.232533 
0.0910087 
0.19422 
0.0710418 
0.0555088 
0.0838201 
0.0791225 
0.125724 
0.0584547 
0.0861594 
0.0873563 
0.106738 
0.089413 
0.0361309 
0.079359 
0.0243475 
0.00370897 
0.00474418 
0.0444467 
0.0451009 
0.0798992 
0.089023 
0.102227 
0.0505882 
0.094366 
0.143071 
0.0597731 
0.0734456 
0.0850893 
0.0513274 
0.0693499 
0.0768235 
0.125456 
0.0720439 
0.0940479 
0.0640952 
0.0670643 
0.11878 
0.129925 
0.0996425 
0.106134 
0.0810729 
0.115954 
0.0670941 
0.0401586 
0.133811 
0.151294 
0.112711 
0.149056 
0.166016 
0.0782644 
0.148019 
0.112171 
0.0451563 
0.0861925 
0.0816998 
0.135768 
0.0747327 
0.0309006 
0.0884441 
0.045097 
0.0802948 
0.0848674 
0.0850635 
0.0562596 
0.0357962 
0.10854 
0.100053 
0.0781383 
0.0782086 
0.0809624 
0.0210179 
0.100731 
0.0521541 
0.103492 
0.125084 
0.083895 
0.0896819 
0.036936 
0.0722782 
0.112139 
0.040304 
0.112493 
0.0159837 
0.119705 
0.037137 
0.0919175 
0.0376405 
0.149714 
0.0932612 
0.111824 
0.0617498 
0.0628236 
0.0482146 
0.112873 
0.0495858 
0.0680123 
0.0709422 
0.0890557 
0.10184 
0.109458 
0.12216 
0.0878168 
0.0613187 
0.0592882 
