0
0.132685 
0.111478 
0.193736 
0.096811 
0.0594798 
0.0660636 
0.0667544 
0.0774635 
0.168132 
0.059096 
0.0394335 
0.0462317 
0.0951997 
0.14294 
0.120112 
0.0932303 
0.0748644 
0.0768311 
0.0455671 
0.0554718 
0.078301 
0.0581217 
0.117583 
0.0594588 
0.0644274 
0.0945899 
0.0797083 
0.0511666 
0.0542445 
0.0980105 
0.238987 
0.123098 
0.0747005 
0.0880246 
0.058278 
0.0395945 
0.04387 
0.0422163 
0.188136 
0.132117 
0.0676662 
0.0658423 
0.101922 
0.0927411 
0.0783277 
0.127381 
0.127321 
0.0996555 
0.113467 
0.0683352 
0.15344 
0.0833332 
0.121762 
0.164256 
0.113662 
0.207394 
0.154945 
0.101818 
0.153262 
0.119502 
0.0909095 
0.139116 
0.0743218 
0.0585178 
0.0770096 
0.0896574 
0.0866562 
0.108101 
0.167178 
0.0839392 
0.125582 
0.163738 
0.20319 
0.274251 
0.190493 
0.22822 
0.0568517 
0.117148 
0.163607 
0.125104 
0.0755668 
0.100387 
0.110912 
0.121991 
0.121394 
0.0409358 
0.0679019 
0.0614976 
0.0258178 
0.0953894 
0.0498776 
0.160735 
0.141155 
0.0505037 
0.0626102 
0.0276197 
0.0470585 
0.100296 
0.098041 
0.0769611 
0.045578 
0.0471687 
0.0441745 
0.0303813 
0.0158346 
0.0315716 
0.0588099 
0.0942307 
0.0654267 
0.0746546 
0.057116 
0.0559769 
0.104789 
0.0475088 
0.0925452 
0.0769061 
0.0538686 
0.0432152 
0.090075 
0.104126 
0.0305717 
0.0806225 
0.0434859 
0.0251895 
0.0612539 
0.0558819 
0.0268011 
0.038439 
0.0882399 
0.16935 
0.0135622 
0.0946264 
0.13252 
0.116902 
0.0855804 
0.0442768 
0.102872 
0.0853178 
0.0448566 
0.0379372 
0.0899991 
0.063501 
0.0340672 
0.198556 
0.0718956 
0.0952397 
0.118899 
0.0553085 
0.0559315 
0.085902 
0.106402 
0.106108 
0.0790132 
0.105066 
0.0747312 
0.122282 
0.0823339 
0.119509 
0.101153 
0.134399 
0.133503 
0.0742729 
0.179088 
0.0634874 
0.114286 
0.107608 
0.106061 
0.0710162 
0.085882 
0.0797825 
0.0493097 
0.069476 
0.117537 
0.0895373 
0.114973 
0.0788746 
0.0834299 
0.0534048 
0.0919232 
