0
0.0459222 
0.0334238 
0.0869583 
0.0321995 
0.0676557 
0.202847 
0.717299 
0.397231 
0.120252 
0.0497073 
0.163061 
0.0878248 
0.0826751 
0.0466366 
0.078369 
0.128504 
0.251385 
0.120706 
0.13189 
0.164558 
0.293648 
0.231767 
0.111867 
0.107816 
0.0508874 
0.1244 
0.0527202 
0.103487 
0.111457 
0.0522914 
0.10449 
0.154127 
0.0423993 
0.105754 
0.103737 
0.099722 
0.0566822 
0.164372 
0.161595 
0.3251 
0.136241 
0.0998191 
0.172634 
0.112681 
0.122715 
0.0932816 
0.142643 
0.1217 
0.343007 
0.129413 
0.126587 
0.29087 
0.232801 
0.173279 
0.0938552 
0.0487545 
0.0722993 
0.0931571 
0.089759 
0.106496 
0.0835048 
0.167155 
0.201165 
0.0830882 
0.143721 
0.119013 
0.0578547 
0.0793405 
0.0945648 
0.196516 
0.0960327 
0.0642571 
0.0782937 
0.0809991 
0.113718 
0.128185 
0.132487 
0.082676 
0.154834 
0.0480295 
0.0816149 
0.0860778 
0.0789663 
0.221406 
0.0756644 
0.0926244 
0.194132 
0.070813 
0.0689549 
0.0163714 
0.119759 
0.309319 
0.190564 
0.17928 
0.233652 
0.139536 
0.128285 
0.0902105 
0.173159 
0.0939753 
0.0507146 
0.0667492 
0.166763 
0.0984627 
0.10634 
0.138459 
0.171444 
0.0749604 
0.205719 
0.144884 
0.299576 
0.0925918 
0.101066 
0.138985 
0.0509273 
0.0428616 
0.19576 
0.201632 
0.0700642 
0.078526 
0.0323421 
0.414425 
0.318961 
0.154828 
0.116129 
0.0665665 
0.100001 
0.0976822 
0.564889 
0.263775 
0.191076 
0.249357 
0.0845163 
0.164305 
0.100562 
0.0964559 
0.0769624 
0.0989574 
0.135433 
0.118414 
0.074871 
0.0923194 
0.112009 
0.0688968 
0.0733414 
0.0362917 
0.067238 
0.0856383 
0.110344 
0.0817424 
0.221896 
0.0824673 
0.0387839 
0.082262 
0.181559 
0.177502 
0.0939174 
0.1013 
0.0851228 
0.0804352 
0.0706045 
0.105615 
0.0461193 
0.137558 
0.474097 
0.164036 
0.111503 
0.361024 
0.29516 
0.0709137 
0.122934 
0.154046 
0.256799 
0.240162 
0.299566 
0.0634487 
0.174449 
0.103657 
0.15649 
