0
0.0627998 
0.142818 
0.0863772 
0.105761 
0.191963 
0.274834 
0.0464039 
0.137662 
0.103974 
0.0763792 
0.0736244 
0.199576 
0.123934 
0.107784 
0.0730096 
0.0654664 
0.0775987 
0.225462 
0.382847 
0.342755 
0.0525843 
0.0760551 
0.0474207 
0.145893 
0.0536477 
0.0704544 
0.057989 
0.101684 
0.140957 
0.146748 
0.135626 
0.26905 
0.204343 
0.205255 
0.116719 
0.219194 
0.197087 
0.124582 
0.75108 
0.421303 
0.196835 
0.0475563 
0.201194 
0.501952 
0.268309 
0.0971294 
0.0373674 
0.230158 
0.191545 
0.572883 
0.233234 
0.132909 
0.0939558 
0.139492 
0.0714166 
0.321778 
0.250633 
0.354959 
0.15141 
0.0619175 
0.103525 
0.15421 
0.193884 
0.140317 
0.0425198 
0.113471 
0.253742 
0.116867 
0.204754 
0.713952 
0.24625 
0.20474 
0.0379582 
0.180399 
0.106118 
0.0400909 
0.263819 
0.479216 
0.507263 
0.335785 
0.301985 
0.0891621 
0.158021 
0.176403 
0.0832572 
0.196845 
0.188644 
0.0781702 
0.0385928 
0.126827 
0.079739 
0.0335611 
0.0951533 
0.0734264 
0.105673 
0.129386 
0.104657 
0.0636789 
0.174819 
0.120827 
0.221761 
0.1602 
0.0667664 
0.138898 
0.172141 
0.0894677 
0.0739476 
0.0918162 
0.0656232 
0.060237 
0.397505 
0.591289 
0.201608 
0.200466 
0.146883 
0.252413 
0.350774 
0.1212 
0.0700802 
0.0224586 
0.0609922 
0.101563 
0.0898759 
0.0834768 
0.238008 
0.0683205 
0.151605 
0.605816 
0.319341 
0.0894677 
0.209208 
0.219242 
0.378468 
0.120976 
0.300717 
0.119414 
0.120488 
0.126267 
0.0793517 
0.214872 
0.104238 
0.159746 
0.227514 
0.218128 
0.0364887 
0.121682 
0.0652885 
0.140847 
0.148918 
0.904577 
0.173889 
0.195736 
0.206392 
0.175266 
0.082512 
0.140958 
0.0813583 
0.0530423 
0.128662 
0.152495 
0.0751293 
0.0421798 
0.0821079 
0.0907654 
0.121121 
0.308284 
0.128435 
0.132005 
0.275208 
0.287989 
0.248063 
0.0622747 
0.196827 
0.174298 
0.156853 
0.196859 
0.0688107 
0.145458 
0.14235 
