0
0.109118 
0.0755069 
0.135045 
0.0296427 
0.0584274 
0.0144911 
0.129444 
0.0762919 
0.0647015 
0.0504309 
0.0356384 
0.0517123 
0.0468824 
0.0344801 
0.100307 
0.07564 
0.0623865 
0.0308169 
0.0696701 
0.0464435 
0.0509179 
0.05133 
0.0587793 
0.0493196 
0.0429516 
0.0542746 
0.0410103 
0.0351234 
0.0517751 
0.0736895 
0.0616706 
0.0429644 
0.0785056 
0.0805597 
0.0177516 
0.0772175 
0.110844 
0.06787 
0.141541 
0.0814307 
0.0588638 
0.0424074 
0.0372568 
0.036167 
0.0449332 
0.0399388 
0.0452241 
0.035917 
0.0472977 
0.0369605 
0.0391211 
0.102707 
0.0792033 
0.191944 
0.176444 
0.135945 
0.0990356 
0.103139 
0.0941433 
0.0870799 
0.073489 
0.0352606 
0.0587993 
0.0679678 
0.0731256 
0.0648105 
0.066139 
0.0437601 
0.0931161 
0.0397323 
0.038345 
0.0869151 
0.0694799 
0.451278 
0.287852 
0.518285 
0.231883 
0.275839 
0.137874 
0.118028 
0.0258379 
0.0329888 
0.0520884 
0.0770792 
0.08528 
0.0311413 
0.0334032 
0.0407853 
0.0536889 
0.0420447 
0.0301905 
0.0528566 
0.117671 
0.0487534 
0.0492608 
0.046618 
0.10874 
0.235071 
0.118362 
0.174538 
0.0539391 
0.0813028 
0.0463769 
0.0654775 
0.0537348 
0.0292561 
0.0648719 
0.0992416 
0.0659969 
0.0464267 
0.0524941 
0.0470698 
0.0563358 
0.0684419 
0.0661499 
0.0798782 
0.285142 
0.0942288 
0.0616536 
0.0332082 
0.0340506 
0.0379418 
0.0907259 
0.0379417 
0.0756374 
0.0460652 
0.0105758 
0.0491755 
0.031884 
0.135514 
0.0567937 
0.054936 
0.0725474 
0.0563773 
0.083191 
0.0819074 
0.101723 
0.0581934 
0.039403 
0.0321957 
0.0356061 
0.0914162 
0.083162 
0.12269 
0.0881677 
0.0422238 
0.137446 
0.106524 
0.0329479 
0.0446965 
0.077207 
0.0721019 
0.0973643 
0.114508 
0.0532654 
0.108813 
0.0905799 
0.112992 
0.129771 
0.0963545 
0.140135 
0.295768 
0.345513 
0.423766 
0.240209 
0.390016 
0.172362 
0.347152 
0.193485 
0.138438 
0.274998 
0.0814931 
0.142355 
0.13821 
0.0889923 
0.236452 
0.269256 
1.64581 
1.60712 
