0
0.140804 
0.309778 
0.28804 
0.138813 
0.131813 
0.433252 
0.530375 
0.310882 
0.312288 
0.0732483 
0.199608 
0.449999 
0.267091 
0.487908 
0.464943 
0.214028 
0.282663 
0.366449 
0.214948 
0.114702 
0.246115 
0.242446 
0.683579 
0.516058 
0.429273 
0.64313 
0.17239 
0.298258 
0.270204 
0.165555 
0.215827 
0.0818447 
0.126829 
0.271549 
0.169228 
0.128418 
0.341391 
0.526624 
0.576076 
0.302143 
1.0016 
0.223919 
0.168702 
0.155938 
0.202977 
0.249116 
0.203536 
0.142371 
0.224171 
0.106536 
0.155717 
0.222531 
0.350878 
0.0707187 
0.199942 
0.140279 
0.283142 
0.144023 
0.191343 
0.323335 
0.224986 
0.144157 
0.219608 
0.10459 
0.162873 
0.211621 
0.145907 
0.109135 
0.0823151 
0.0836619 
0.208751 
0.238521 
0.359791 
0.16351 
0.043169 
0.105935 
0.211355 
0.302409 
0.386438 
0.575496 
0.267045 
0.258069 
0.607589 
0.246312 
0.218939 
0.0864832 
0.504419 
0.367465 
0.662761 
0.448509 
0.330582 
0.228714 
0.266204 
0.0633672 
0.215454 
0.120783 
0.162403 
0.00742672 
0.03749 
0.183777 
0.11968 
0.0471542 
0.146795 
0.118427 
0.0397962 
0.0578545 
0.0498114 
0.033109 
0.0398113 
0.0284957 
0.0188544 
0.0326445 
0.0487635 
0.0393619 
0.0410709 
0.110417 
0.0688387 
0.305289 
0.0717204 
0.0552472 
0.0628704 
0.0543146 
0.0546111 
0.0608939 
0.0249259 
0.0911505 
0.0429012 
0.039432 
0.0530373 
0.171209 
0.151795 
0.0749385 
0.479915 
0.0843936 
0.15267 
0.13531 
0.321583 
0.0612362 
0.0683212 
0.274187 
0.266623 
0.147967 
0.196234 
0.165542 
0.368162 
0.175173 
0.0880028 
0.209262 
0.0570102 
0.0594373 
0.079871 
0.0513899 
0.0671687 
0.118438 
0.220645 
0.202729 
0.0449663 
0.0160672 
0.0677388 
0.0482923 
0.132777 
0.129812 
0.116974 
0.114566 
0.0839761 
0.111185 
0.085978 
0.249558 
0.0904893 
0.121381 
0.115546 
0.102573 
0.132978 
0.0540686 
0.368513 
0.180362 
0.101671 
0.07721 
0.111082 
