0
0.0826854 
0.0958949 
0.061526 
0.054162 
0.0282979 
0.0781481 
0.0692334 
0.0863958 
0.102178 
0.149648 
0.0584466 
0.0287611 
0.0840371 
0.0968788 
0.113326 
0.0250899 
0.0807068 
0.0375064 
0.0256065 
0.0417613 
0.0245868 
0.0251061 
0.0756981 
0.0378565 
0.0828904 
0.0781198 
0.0680062 
0.0596628 
0.0217571 
0.0560634 
0.0638989 
0.0674759 
0.0698082 
0.0948069 
0.110067 
0.0991263 
0.0612684 
0.0450402 
0.0718765 
0.080031 
0.0559521 
0.0608527 
0.0329481 
0.0406617 
0.0780903 
0.101257 
0.0295849 
0.0819735 
0.0469997 
0.0581558 
0.0476081 
0.0551294 
0.026315 
0.0435652 
0.0663463 
0.100065 
0.044036 
0.107938 
0.0885804 
0.0643928 
0.0455146 
0.0282147 
0.147695 
0.0754178 
0.107585 
0.110649 
0.105298 
0.0441972 
0.0359409 
0.0860625 
0.0372652 
0.0956754 
0.0768862 
0.0469997 
0.0250977 
0.034817 
0.0582478 
0.0196265 
0.07537 
0.0820463 
0.076201 
0.0734743 
0.139882 
0.0653164 
0.0591848 
0.0895907 
0.0325342 
0.0311486 
0.0539079 
0.0370194 
0.0348133 
0.0342898 
0.044498 
0.0110104 
0.0241174 
0.066733 
0.0472685 
0.0327247 
0.0402454 
0.0746159 
0.0693158 
0.0491744 
0.022927 
0.0807187 
0.0431808 
0.0543478 
0.0989358 
0.0429626 
0.0647288 
0.0383528 
0.0379314 
0.0169378 
0.031299 
0.0485761 
0.114999 
0.171605 
0.0492757 
0.0825393 
0.103903 
0.0606667 
0.0613479 
0.0490683 
0.045347 
0.0786681 
0.0732615 
0.0497013 
0.0119343 
0.0594367 
0.0723531 
0.0193408 
0.0184389 
0.0368918 
0.0692915 
0.0407803 
0.0411256 
0.0576024 
0.0318237 
0.0374879 
0.0501634 
0.0396662 
0.0398115 
0.0257288 
0.0330593 
0.0477811 
0.0747672 
0.111244 
0.0137195 
0.0183311 
0.0246517 
0.0291753 
0.0282922 
0.0411668 
0.0755872 
0.0214021 
0.04352 
0.0507707 
0.0297624 
0.0143713 
0.0511896 
0.0834719 
0.0602207 
0.0505434 
0.0244836 
0.0344511 
0.0659254 
0.0565105 
0.0216278 
0.0601394 
0.0236737 
0.0625505 
0.0360164 
0.0601933 
0.0770088 
0.0375311 
0.109806 
0.00983726 
0.0839024 
0.108159 
0.108843 
