0
1.21615 
0.117312 
0.181533 
0.268732 
0.371614 
0.0965691 
0.380108 
0.33555 
0.38649 
0.287983 
0.136116 
0.110837 
0.0590191 
0.0479812 
0.201412 
0.216907 
0.192765 
0.190727 
0.148117 
0.176009 
0.158799 
0.200047 
0.178546 
0.073969 
0.208185 
0.190887 
0.187255 
0.147868 
0.0766711 
0.277478 
0.290364 
0.212442 
0.141 
0.187576 
0.146244 
0.204052 
0.154798 
0.0892548 
0.0515588 
0.05113 
0.0674614 
0.0690596 
0.327675 
0.0733345 
0.405999 
0.143934 
0.18947 
0.175354 
0.0771326 
0.271212 
0.23281 
0.229966 
0.196615 
0.301542 
0.264431 
0.106195 
0.108629 
0.117744 
0.17622 
0.15173 
0.0988354 
0.229749 
0.213547 
0.149951 
0.0824223 
0.0404808 
0.0254631 
0.110832 
0.201224 
0.557406 
0.384637 
0.208475 
0.245852 
0.183606 
2.25063 
0.404236 
0.325165 
0.235381 
0.102821 
0.148727 
0.202961 
0.146397 
0.087123 
0.130468 
0.143746 
0.0695149 
0.0637693 
0.117083 
0.171673 
0.159079 
0.11967 
0.083142 
0.100021 
0.229201 
0.173716 
0.268385 
0.471216 
0.155573 
0.179223 
0.236864 
0.236205 
0.347212 
0.268829 
0.175211 
0.210961 
0.283734 
0.154544 
0.176269 
0.201236 
0.232274 
0.183548 
0.465828 
0.37623 
0.187737 
0.234779 
0.146274 
0.325137 
0.253565 
0.184371 
0.14218 
0.0546858 
0.0567663 
0.0697362 
0.108734 
0.234521 
0.258757 
0.173413 
0.301819 
0.207256 
0.254469 
0.244541 
0.0798724 
0.211568 
0.135475 
0.287549 
0.191806 
0.0934233 
0.526748 
0.241451 
0.177882 
0.0826177 
0.218059 
0.17669 
0.065435 
0.168732 
0.256466 
0.058255 
0.088919 
0.161591 
0.395905 
0.427161 
0.648636 
0.242813 
0.174373 
0.195923 
0.1338 
0.146644 
0.166575 
0.251384 
0.262324 
0.162851 
0.141834 
0.0554535 
0.03093 
0.0600601 
0.198014 
0.123634 
0.269352 
0.0420817 
0.812806 
1.83839 
0.665549 
0.321794 
0.288199 
0.216493 
0.117792 
0.194501 
0.063442 
0.14457 
