0
0.0670776 
0.0764735 
0.0514972 
0.0564107 
0.0524308 
0.0806416 
0.0515194 
0.0666634 
0.0824795 
0.0829183 
0.0473863 
0.0650897 
0.0304951 
0.0633042 
0.0575151 
0.0301715 
0.0939057 
0.0635802 
0.0640237 
0.0704823 
0.0372919 
0.0815677 
0.114483 
0.0567382 
0.0702608 
0.050881 
0.0785191 
0.0408598 
0.0429332 
0.0372343 
0.0478286 
0.0242006 
0.0490254 
0.0508403 
0.0289997 
0.107165 
0.103825 
0.0894198 
0.0619257 
0.0562763 
0.0689432 
0.0752044 
0.068769 
0.0205728 
0.0365512 
0.0472298 
0.0541738 
0.0942286 
0.0755569 
0.0465929 
0.0386228 
0.0606416 
0.0502254 
0.0483315 
0.0447061 
0.0508593 
0.0804171 
0.0424172 
0.0544346 
0.0212942 
0.0167833 
0.0383511 
0.0362353 
0.0584738 
0.043704 
0.0313995 
0.0719923 
0.0279178 
0.0559811 
0.0628798 
0.0650046 
0.0833219 
0.0981012 
0.0505418 
0.0200041 
0.0472506 
0.0949311 
0.0399878 
0.0683504 
0.0528781 
0.0176585 
0.0445957 
0.0548501 
0.0190178 
0.0326917 
0.0576036 
0.0334778 
0.0244267 
0.0283906 
0.00293584 
0.0465249 
0.0239526 
0.0309103 
0.0170501 
0.023535 
0.0413089 
0.0535883 
0.0314374 
0.0402076 
0.0406782 
0.0338595 
0.0234645 
0.00566048 
0.0289485 
0.031628 
0.0485072 
0.0556482 
0.047018 
0.0507657 
0.049272 
0.0396289 
0.0056176 
0.0290644 
0.0335149 
0.0150134 
0.046315 
0.0389329 
0.0382805 
0.0440971 
0.0368527 
0.0513859 
0.0370374 
0.0323304 
0.0349859 
0.0345753 
0.0936723 
0.0503249 
0.0388791 
0.0389097 
0.0346455 
0.0867655 
0.0279718 
0.0450732 
0.050828 
0.0634759 
0.0203608 
0.060812 
0.0204023 
0.0514052 
0.0631916 
0.0578004 
0.0680419 
0.0328565 
0.068553 
0.0694434 
0.0223491 
0.0161807 
0.0578805 
0.0487264 
0.051757 
0.0291251 
0.0360908 
0.061212 
0.0505875 
0.0447336 
0.0791043 
0.0457905 
0.0629159 
0.0378572 
0.0893591 
0.0224906 
0.0483605 
0.215057 
0.250547 
0.295898 
0.372225 
0.21274 
0.136367 
0.0471035 
0.0047865 
0.0795209 
0.102887 
0.151449 
0.0992129 
0.0571158 
0.0724189 
0.0697448 
0.0732023 
0.0553803 
