0
0.0656081 
0.0393934 
0.0483305 
0.0844939 
0.0971637 
0.0286326 
0.0252554 
0.0465797 
0.0984664 
0.070333 
0.0354625 
0.0253597 
0.0195238 
0.029084 
0.0427025 
0.0443634 
0.0576996 
0.122798 
0.217913 
0.0991103 
0.059131 
0.061742 
0.0812314 
0.0638978 
0.0444014 
0.0278093 
0.037142 
0.0889639 
0.160242 
0.0541699 
0.0547825 
0.0399523 
0.0431494 
0.0164478 
0.0414276 
0.101629 
0.138744 
0.0944723 
0.159756 
0.0809892 
0.0814396 
0.131058 
0.146254 
0.037075 
0.0761885 
0.131701 
0.0944845 
0.0602366 
0.0483605 
0.0607877 
0.0945637 
0.0322691 
0.0252752 
0.0835216 
0.0609983 
0.0855117 
0.0534663 
0.0564356 
0.0261361 
0.0514967 
0.0120498 
0.0308085 
0.0158548 
0.0233885 
0.0327244 
0.0525474 
0.0532796 
0.0578345 
0.0328324 
0.0151018 
0.0541227 
0.0703856 
0.0767424 
0.0928524 
0.0339098 
0.0429126 
0.00876771 
0.0295905 
0.110888 
0.0579688 
0.0336961 
0.085016 
0.03254 
0.0453664 
0.0157332 
0.0119245 
0.0645703 
0.178512 
0.0740797 
0.0443519 
0.174462 
0.131437 
0.121677 
0.0726188 
0.103074 
0.0715179 
0.0722293 
0.00607548 
0.0353796 
0.0477789 
0.0666682 
0.0851721 
0.0486699 
0.0187296 
0.0355787 
0.0217151 
0.0279848 
0.0350568 
0.0333982 
0.0134291 
0.0602783 
0.0698451 
0.016309 
0.0582114 
0.0202071 
0.0714995 
0.0348527 
0.0502111 
0.0257572 
0.0364687 
0.0385765 
0.0513133 
0.0632232 
0.0661518 
0.0657991 
0.0393253 
0.052252 
0.05845 
0.0254308 
0.0276672 
0.0848847 
0.0751342 
0.0281903 
0.0238748 
0.00751477 
0.0166716 
0.0494824 
0.033104 
0.0253067 
0.0215454 
0.0435358 
0.0468546 
0.0312596 
0.0212941 
0.0232231 
0.0543712 
0.013884 
0.0617126 
0.0823757 
0.0405051 
0.0469245 
0.0736941 
0.0490433 
0.0611267 
0.0497475 
0.0289004 
0.0250497 
0.0625775 
0.0199284 
0.0439529 
0.0353746 
0.0821404 
0.0618321 
0.0524144 
0.166935 
0.121836 
0.0824532 
0.0432026 
0.0719327 
0.0605848 
0.0842879 
0.106469 
0.119816 
0.11596 
0.0687957 
0.0890932 
0.042844 
0.0696656 
0.0769924 
