0
0.0687825 
0.0536462 
0.116388 
0.0666853 
0.0258264 
0.079198 
0.0997671 
0.0313209 
0.0802607 
0.0691137 
0.0636674 
0.0660323 
0.03632 
0.0477351 
0.0447328 
0.0611331 
0.0897773 
0.069717 
0.0492507 
0.0659748 
0.0176377 
0.0583236 
0.0432829 
0.629585 
0.810312 
0.210143 
0.126195 
0.0731417 
0.107981 
0.222283 
0.113578 
0.0690877 
0.12671 
0.132939 
0.0970213 
0.0390819 
0.067651 
0.069917 
0.037117 
0.0729826 
0.0350798 
0.0476638 
0.061441 
0.0630584 
0.0476847 
0.05993 
0.0519947 
0.0285242 
0.0559898 
0.0248268 
0.0353504 
0.0280495 
0.0113193 
0.0123312 
0.0378487 
0.0249662 
0.0461342 
0.028327 
0.0335368 
0.0271346 
0.0576508 
0.0797177 
0.042836 
0.0232011 
0.0574354 
0.0465298 
0.0252446 
0.071408 
0.0543967 
0.0512741 
0.0277311 
0.0446783 
0.0251147 
0.0545131 
0.107917 
0.152973 
0.0949661 
0.0501755 
0.0387478 
0.0686897 
0.0658327 
0.0671249 
0.0549551 
0.0269069 
0.113161 
0.344725 
0.142908 
0.0903582 
0.137892 
0.0462918 
0.0934563 
0.0371663 
0.0512758 
0.0369996 
0.0475176 
0.0233874 
0.0213172 
0.0815026 
0.117049 
0.0438139 
0.0154681 
0.0256822 
0.03254 
0.068873 
0.0362632 
0.0433123 
0.0522572 
0.0381872 
0.0560644 
0.0659272 
0.0152259 
0.0691903 
0.0541014 
0.0498799 
0.0514278 
0.0354388 
0.0279254 
0.0662796 
0.0605636 
0.0670603 
0.0839632 
0.0707596 
0.101372 
0.164042 
0.246417 
0.174034 
0.196985 
0.0995354 
0.0339087 
0.0411552 
0.0548738 
0.127333 
0.078342 
0.0510951 
0.0811904 
0.0848781 
0.0605666 
0.0757842 
0.0934431 
0.0747379 
0.0416617 
0.0305494 
0.0576077 
0.0607796 
0.0547187 
0.0370521 
0.0240907 
0.0264284 
0.0177852 
0.0167853 
0.0344065 
0.0493511 
0.0480079 
0.0211807 
0.0277823 
0.0600191 
0.0590437 
0.0797552 
0.044932 
0.0357514 
0.0580762 
0.0705584 
0.0893025 
0.0933704 
0.112372 
0.07422 
0.0564293 
0.0431021 
0.0742296 
0.16823 
0.322161 
0.245668 
0.0599166 
0.232173 
0.340165 
0.297165 
0.323344 
0.0834927 
0.0493273 
