0
0.0472688 
0.0945012 
0.0779195 
0.0591623 
0.0860928 
0.130758 
0.234341 
0.234458 
0.415031 
0.0754098 
0.0625393 
0.11749 
0.0601921 
0.200767 
0.070431 
0.206624 
0.200413 
0.0683315 
0.147505 
0.0603955 
0.119005 
0.0400889 
0.0323095 
0.0396216 
0.099172 
0.156288 
0.179709 
0.108303 
0.11968 
0.0695 
0.0612526 
0.0363645 
0.237118 
0.109524 
0.0977426 
0.0784073 
0.0247417 
0.0882995 
0.0698262 
0.0582871 
0.0770637 
0.118561 
0.0349732 
0.216819 
0.101038 
0.0716544 
0.131635 
0.0718379 
0.063829 
0.0792042 
0.144186 
0.0836281 
0.0303726 
0.179011 
0.09943 
0.0936494 
0.0683144 
0.0514564 
0.155134 
0.476126 
0.257011 
0.0604779 
0.101081 
0.153253 
0.137297 
0.319951 
0.419023 
0.136462 
0.260276 
0.203718 
0.167702 
0.128514 
0.0556856 
0.0908213 
0.0548564 
0.100386 
0.0581249 
0.106044 
0.080606 
0.0227655 
0.0478075 
0.0292423 
0.0842195 
0.0391796 
0.0654219 
0.133646 
0.0807242 
0.0142879 
0.0330025 
0.0782563 
0.0291932 
0.071972 
0.103355 
0.1394 
0.0849853 
0.0516378 
0.136866 
0.168532 
0.243897 
0.237349 
0.139188 
0.118468 
0.0773477 
0.119469 
0.0936517 
0.111801 
0.074013 
0.084324 
0.0777229 
0.0585191 
0.0654195 
0.126661 
0.042431 
0.184352 
0.217082 
0.0851188 
0.116387 
0.081174 
0.0908883 
0.0582866 
0.0280056 
0.034731 
0.0578236 
0.079455 
0.0790789 
0.087162 
0.0439533 
0.0842397 
0.139842 
0.0779324 
0.0515208 
0.0497223 
0.0711667 
0.0587715 
0.103593 
0.0391109 
0.105416 
0.0675888 
0.110213 
0.0884679 
0.112735 
0.152118 
0.178121 
0.0925974 
0.106308 
0.0849511 
0.100171 
0.0977305 
0.121075 
0.190691 
0.161668 
0.0862136 
0.0537672 
0.058678 
0.0379895 
0.0753141 
0.104507 
0.0782853 
0.133453 
0.116812 
0.10102 
0.0997294 
0.0797986 
0.0542343 
0.0236573 
0.0865057 
0.103672 
0.0752449 
0.0715334 
0.317758 
0.198369 
0.0872601 
0.151235 
0.131225 
0.157367 
0.144274 
0.199762 
0.155636 
0.188239 
