0
0.122291 
0.104736 
0.136195 
0.125941 
0.0871621 
0.10423 
0.0687038 
0.105552 
0.179804 
0.0566927 
0.149155 
0.0864554 
0.211685 
0.079241 
0.0945909 
0.110818 
0.175725 
0.188695 
0.412266 
0.245172 
0.10888 
0.158723 
0.0291245 
0.0293188 
0.073323 
0.083897 
0.0752425 
0.0651634 
0.0576214 
0.0546558 
0.10275 
0.19919 
0.100932 
0.0778564 
0.0787386 
0.120949 
0.0948142 
0.0550374 
0.0379231 
0.046549 
0.0577223 
0.113355 
0.149682 
0.0941273 
0.0622989 
0.0969499 
0.0332553 
0.103687 
0.0955746 
0.108104 
0.123132 
0.14176 
0.184789 
0.228226 
0.592801 
0.302854 
0.115076 
0.0303392 
0.0610167 
0.0282386 
0.04635 
0.0877131 
0.0628326 
0.0744476 
0.0511896 
0.0491607 
0.03735 
0.0584538 
0.0652079 
0.0543514 
0.0324471 
0.0580651 
0.0919066 
0.253771 
0.0924309 
0.237052 
0.157934 
0.161636 
0.142169 
0.115615 
0.215439 
0.111338 
0.118768 
0.0802876 
0.181262 
0.0818065 
0.125702 
0.101112 
0.0518468 
0.0380026 
0.0447102 
0.0675554 
0.112234 
0.133977 
0.0671369 
0.0527241 
0.0765431 
0.089472 
0.0349032 
0.0721661 
0.0636204 
0.0533448 
0.204582 
0.09464 
0.105578 
0.127534 
0.133154 
0.109566 
0.0889433 
0.0365305 
0.154024 
0.140727 
0.110631 
0.170427 
0.0953388 
0.157218 
0.488637 
0.462046 
0.677706 
0.228023 
0.29191 
0.0334835 
0.11324 
0.173208 
0.127657 
0.0986485 
0.133038 
0.126715 
0.165598 
0.149898 
0.149586 
0.0347659 
0.101358 
0.184479 
0.042543 
0.146214 
0.114817 
0.131754 
0.102319 
0.133944 
0.199117 
0.0904942 
0.0499647 
0.159047 
0.0420876 
0.0987703 
0.115985 
0.0957867 
0.104739 
0.155098 
0.149157 
0.130836 
0.215791 
0.0824672 
0.131967 
0.155602 
0.124958 
0.0691818 
0.115148 
0.0816021 
0.0718393 
0.0675813 
0.188685 
0.0389548 
0.144876 
0.0984252 
0.0337685 
0.0609962 
0.0918334 
0.0310582 
0.0583848 
0.134821 
0.120772 
0.0690104 
0.120036 
0.0671817 
0.0941519 
0.0897751 
0.131388 
