0
0.0156831 
0.0790829 
0.074085 
0.111264 
0.082787 
0.152663 
0.0739043 
0.10726 
0.0538481 
0.0989718 
0.11929 
0.0763647 
0.0915724 
0.0821348 
0.131139 
0.0682602 
0.0560083 
0.0832196 
0.0844635 
0.0922581 
0.0497004 
0.0800182 
0.0614191 
0.0578884 
0.111081 
0.166487 
0.0987405 
0.0633011 
0.11998 
0.068797 
0.153025 
0.143863 
0.101472 
0.131489 
0.186895 
0.0851508 
0.0392934 
0.0680171 
0.0668048 
0.0602602 
0.0564932 
0.0397848 
0.100924 
0.0919617 
0.156159 
0.0959665 
0.178281 
0.168975 
0.100162 
0.147505 
0.11282 
0.111228 
0.125216 
0.139879 
0.22103 
0.141533 
0.0581396 
0.0766885 
0.116619 
0.23836 
0.201863 
0.0374922 
0.0845838 
0.068168 
0.0534838 
0.0367042 
0.038982 
0.0667977 
0.135957 
0.0702447 
0.146009 
0.12436 
0.0520223 
0.0254063 
0.0765295 
0.121312 
0.0839475 
0.0604202 
0.0557273 
0.0389524 
0.0557285 
0.0851078 
0.0825653 
0.0626176 
0.09553 
0.113611 
0.051808 
0.0652077 
0.0751546 
0.0845612 
0.0430734 
0.079236 
0.0862235 
0.22426 
0.0476214 
0.114662 
0.101922 
0.0410167 
0.126334 
0.12943 
0.0389958 
0.081481 
0.098943 
0.0560482 
0.0558673 
0.01597 
0.0554802 
0.16648 
0.158364 
0.10848 
0.038973 
0.0694135 
0.0786664 
0.0350879 
0.0588482 
0.0690333 
0.0556833 
0.122743 
0.084946 
0.0605019 
0.126306 
0.168852 
0.159888 
0.124135 
0.197389 
0.145447 
0.0601604 
0.114239 
0.0641511 
0.0444999 
0.0871029 
0.0838017 
0.0487714 
0.079966 
0.0570427 
0.0786738 
0.175545 
0.119154 
0.0899614 
0.0807198 
0.103632 
0.0870573 
0.0733589 
0.083247 
0.0969668 
0.066668 
0.164849 
0.083181 
0.0442424 
0.132861 
0.0663732 
0.118217 
0.0896662 
0.0428295 
0.0645972 
0.0567978 
0.0674795 
0.0332557 
0.151385 
0.0709667 
0.0469548 
0.121559 
0.0664689 
0.0561834 
0.0440511 
0.087441 
0.0648778 
0.0852234 
0.188595 
0.0710322 
0.0520691 
0.0967091 
0.0889125 
0.0976132 
0.0917107 
0.12973 
0.102488 
0.058752 
0.0681653 
0.0503111 
0.0529464 
0.043005 
0.107966 
0.0725253 
0.0863519 
0.0679566 
0.087597 
0.0730398 
0.120787 
0.0859878 
0.0683221 
0.0593456 
0.0692893 
0.134974 
0.121727 
0.0566479 
0.155008 
0.119402 
0.148454 
0.0699797 
0.0631718 
0.108529 
0.137486 
0.140229 
0.134189 
0.118401 
0.0680069 
0.0623825 
0.104395 
0.11832 
0.056546 
0.086949 
0.0800549 
0.0427548 
0.0285699 
0.0142718 
0.0979868 
0.0939718 
0.144774 
0.139344 
0.108574 
0.141564 
0.111794 
0.0792699 
0.100681 
0.0235196 
0.119171 
0.194502 
0.0477535 
0.0855145 
0.0293823 
0.0968347 
0.0722322 
0.0762072 
0.0818207 
0.0510281 
0.0360879 
0.0973747 
0.0803522 
