0
0.0645398 
0.0475179 
0.0708229 
0.129674 
0.082653 
0.168869 
0.11251 
0.0752648 
0.120846 
0.102396 
0.0480562 
0.0517198 
0.0581404 
0.0705991 
0.0579193 
0.0731357 
0.0857245 
0.0844057 
0.0451144 
0.103219 
0.107807 
0.0944047 
0.0894175 
0.094479 
0.0417891 
0.0970845 
0.0663003 
0.0657194 
0.0510474 
0.0665449 
0.0571466 
0.0880293 
0.0562175 
0.0719719 
0.0956142 
0.0720548 
0.0934254 
0.0714037 
0.112059 
0.0574232 
0.0484056 
0.0425844 
0.009155 
0.0353632 
0.0635261 
0.0792457 
0.0648968 
0.0553286 
0.0746377 
0.0843568 
0.0416451 
0.0665644 
0.0988038 
0.0663955 
0.0918445 
0.0419969 
0.0486601 
0.251978 
0.101669 
0.124924 
0.124415 
0.0677954 
0.0580677 
0.0793821 
0.0472708 
0.0672554 
0.0584619 
0.086281 
0.067133 
0.0660064 
0.0710366 
0.0295953 
0.0735224 
0.0845873 
0.0775646 
0.0994992 
0.0344432 
0.0835813 
0.0784886 
0.0324675 
0.0401028 
0.0352812 
0.0137908 
0.0237942 
0.0570862 
0.0986739 
0.0500572 
0.0484702 
0.0454918 
0.103662 
0.0486912 
0.081432 
0.0717598 
0.0457651 
0.0385245 
0.0120098 
0.0570499 
0.0407521 
0.031773 
0.0274927 
0.044837 
0.0266676 
0.0192298 
0.0175577 
0.0444747 
0.0390203 
0.0436298 
0.0543698 
0.0655408 
0.0534735 
0.0100566 
0.052025 
0.0629434 
0.0912732 
0.0272161 
0.033468 
0.0415781 
0.0397891 
0.11794 
0.0815014 
0.0651447 
0.0372512 
0.0622244 
0.0963922 
0.061333 
0.0745052 
0.0594373 
0.113637 
0.0800454 
0.0497848 
0.0626622 
0.0464464 
0.0273883 
0.0499968 
0.0399405 
0.0554274 
0.0729232 
0.0445888 
0.083588 
0.0312339 
0.0447418 
0.0523423 
0.0330825 
0.0774682 
0.106807 
0.0281966 
0.0537968 
0.0257366 
0.0570494 
0.0743354 
0.0984337 
0.0682245 
0.0756999 
0.0178405 
0.0367577 
0.0901904 
0.0939195 
0.0486721 
0.0544479 
0.129445 
0.0511937 
0.188833 
0.0978947 
0.176904 
0.0586235 
0.0565251 
0.0922519 
0.183345 
0.159 
0.122616 
0.103101 
0.152912 
0.11797 
0.120992 
0.0477753 
0.0664153 
0.082362 
0.0610472 
0.0883278 
0.058689 
0.117906 
0.0636912 
0.0949136 
0.0750124 
0.0719908 
0.0578081 
0.0387345 
0.0579735 
0.021566 
0.0488302 
0.0720051 
0.096365 
0.0548396 
0.0650891 
0.0752889 
0.0454512 
0.0317228 
0.04948 
0.031874 
0.0439093 
0.0375511 
0.0289517 
0.0729413 
0.0688246 
0.0746059 
0.0103956 
0.0371795 
0.0754214 
0.0205867 
0.0421629 
0.0560388 
0.0426476 
0.105899 
0.096108 
0.0503108 
0.0785001 
0.128519 
0.0880577 
0.0901379 
0.0487323 
0.0386213 
0.107139 
0.194737 
0.195045 
0.226571 
0.140233 
0.0290534 
0.111522 
0.0697675 
0.0545882 
0.0824661 
0.0272787 
0.0828463 
0.0609755 
0.069527 
0.0675959 
0.0465886 
0.0451966 
0.0649808 
