0
0.0414433 
0.192578 
0.0677725 
0.0788024 
0.105978 
0.107051 
0.066971 
0.0583077 
0.162712 
0.114922 
0.0735577 
0.0827224 
0.0838348 
0.0586993 
0.0526815 
0.081322 
0.101668 
0.960109 
0.575857 
0.719452 
0.162019 
0.0591763 
0.0824802 
0.0868609 
0.0427412 
0.0992423 
0.0555437 
0.0683132 
0.0533617 
0.0535871 
0.0299037 
0.0506558 
0.02874 
0.029747 
0.0470091 
0.0485956 
0.0766826 
0.064828 
0.0608351 
0.0372199 
0.0482533 
0.0563303 
0.0662139 
0.0406924 
0.041628 
0.0187239 
0.0413186 
0.112537 
0.0726081 
0.0708845 
0.0820678 
0.0490256 
0.0301846 
0.0714517 
0.0590385 
0.0654365 
0.0479569 
0.120322 
0.0745876 
0.0470491 
0.0436284 
0.0667059 
0.0465603 
0.087928 
0.0379555 
0.095092 
0.0906573 
0.0538764 
0.0290226 
0.0439781 
0.0631616 
0.0379007 
0.0591034 
0.0211421 
0.0625728 
0.046624 
0.0265681 
0.0530687 
0.0503489 
0.0384148 
0.0427859 
0.0745136 
0.0842846 
0.988692 
0.773575 
0.315704 
0.25295 
0.269144 
0.13066 
0.272331 
0.221042 
0.297975 
0.218084 
0.0776639 
0.0639183 
0.0777066 
0.454029 
0.28406 
0.118649 
0.0957779 
0.0854904 
0.0707413 
0.046566 
0.0555344 
0.169445 
0.0753789 
0.280848 
0.355254 
0.36606 
0.0851762 
0.0739698 
0.271755 
0.382814 
0.044827 
0.065066 
0.0323676 
0.03062 
0.061957 
0.0770732 
0.117745 
0.0925367 
0.0286529 
0.0608345 
0.0221356 
0.0220234 
0.0750381 
0.0454082 
0.0617816 
0.0254645 
0.0743441 
0.0746884 
0.52856 
0.514792 
0.0827105 
0.0096672 
0.0616026 
0.0331336 
0.0506423 
0.0733198 
0.0394648 
0.0416331 
0.0838424 
0.0543324 
0.0548771 
0.0624041 
0.095186 
0.0685119 
0.0523822 
0.0831944 
0.121974 
0.179902 
0.65527 
0.395043 
0.0395643 
0.0494198 
0.0950929 
0.0868439 
0.0491605 
0.0743738 
0.0368672 
0.0775419 
0.0332792 
0.0476711 
0.0303943 
0.0512965 
0.049365 
0.0180317 
0.142026 
0.127674 
0.155302 
0.0600991 
0.0923738 
0.222234 
0.190078 
0.156221 
0.0881887 
0.0611039 
0.197274 
0.264178 
0.425066 
0.153262 
0.0767663 
0.0747979 
0.0405404 
0.0333595 
0.0673918 
0.0763891 
0.0435409 
0.740989 
0.658206 
0.0797613 
0.0788483 
0.0712241 
0.0367015 
0.067691 
0.0586609 
0.0252972 
0.0788475 
0.0913395 
0.01343 
0.0434388 
0.0562558 
0.0487665 
0.201468 
0.330536 
0.237865 
0.343416 
0.0990767 
0.0318844 
0.0926533 
0.0902886 
0.0822797 
0.042654 
0.0327239 
0.0316932 
0.0361198 
0.0583339 
0.0406523 
0.0261028 
0.0369531 
0.0626074 
0.039637 
0.0442221 
0.0862562 
0.0468466 
0.0323962 
0.0786338 
0.0686405 
0.110348 
0.100504 
0.219692 
0.0600304 
0.0638321 
0.0586086 
0.0499579 
0.0287417 
0.0597803 
0.0581327 
0.0628812 
