0
0.0273495 
0.0764609 
0.116196 
0.150264 
0.0536423 
0.0321773 
0.0977118 
0.112305 
0.151944 
0.0955181 
0.0569512 
0.110107 
0.137865 
0.105115 
0.131276 
0.0737695 
0.0452875 
0.0699342 
0.0732103 
0.198247 
0.283824 
0.0763774 
0.0853145 
0.0355025 
0.105354 
0.0826727 
0.117639 
0.122911 
0.0465873 
0.037099 
0.0507277 
0.103345 
0.15001 
0.0837897 
0.0626779 
0.068056 
0.0826073 
0.0299612 
0.0625983 
0.218172 
0.1655 
0.104316 
0.087005 
0.125004 
0.0718503 
0.148393 
0.133831 
0.0267499 
0.106373 
0.30794 
0.197081 
0.114857 
0.107313 
0.0575006 
0.06445 
0.10515 
0.049714 
0.055002 
0.116701 
0.114562 
0.0441537 
0.0624629 
0.0324729 
0.0822759 
0.109235 
0.17461 
0.0690445 
0.0949207 
0.0557378 
0.041077 
0.0644 
0.148738 
0.117809 
0.144882 
0.113303 
0.0576098 
0.0810467 
0.0314509 
0.0773586 
0.0708705 
0.104831 
0.0494176 
0.0843373 
0.0569844 
0.0367002 
0.0252736 
0.181625 
0.0772711 
0.0734515 
0.147683 
0.103558 
0.0160444 
0.0707334 
0.082328 
0.0677957 
0.0431769 
0.142332 
0.0701457 
0.195436 
0.178588 
0.142599 
0.0892926 
0.056377 
0.110053 
0.0579308 
0.0876176 
0.0445112 
0.0919464 
0.167786 
0.107503 
0.037153 
0.0794571 
0.0558001 
0.0442248 
0.0763986 
0.0415629 
0.0935082 
0.129608 
0.0450265 
0.0314645 
0.0558986 
0.0781654 
0.0938423 
0.0907007 
0.0883302 
0.057225 
0.0388168 
0.0250913 
0.0772858 
0.0555475 
0.164671 
0.181412 
0.0934653 
0.1568 
0.0942424 
0.0725741 
0.0927441 
0.118029 
0.0834144 
0.0491574 
0.0814774 
0.0635445 
0.0951607 
0.687384 
0.420444 
0.218198 
0.079685 
0.0568757 
0.0554541 
0.105848 
0.0888045 
0.119024 
0.130332 
0.116249 
0.0458159 
0.0565055 
0.141415 
0.119447 
0.11838 
0.0877899 
0.0876061 
0.0959698 
0.10597 
0.0444209 
0.0723904 
0.149191 
0.0755411 
0.0669366 
0.0442234 
0.0734759 
0.0681077 
0.190032 
0.106233 
0.0373601 
0.0728374 
0.0928878 
0.0795731 
0.185254 
0.191958 
0.0806666 
0.0964878 
0.0758073 
0.0527112 
0.119293 
0.071804 
0.096133 
0.0485554 
0.0790114 
0.0998731 
0.13344 
0.0378293 
0.119079 
0.119882 
0.107398 
0.0863567 
0.0880205 
0.0735498 
0.0125332 
0.0212927 
0.117201 
0.104009 
0.022181 
0.0380156 
0.0662964 
0.0682683 
0.0796547 
0.109464 
0.0682577 
0.0270042 
0.0297908 
0.0482793 
0.110918 
0.0587673 
0.248304 
0.281712 
0.0824281 
0.204748 
0.176159 
0.0833319 
0.0310661 
0.0562718 
0.0970955 
0.0767564 
0.0622985 
0.0260024 
0.0579757 
0.0633398 
0.0564814 
0.0481286 
0.0259497 
0.0557712 
0.0693124 
0.0160823 
0.0939333 
0.0633784 
0.105141 
0.0642837 
0.086972 
0.0989504 
