0
0.00893332 
0.0766055 
0.0625117 
0.0600523 
0.0539454 
0.0747703 
0.0515599 
0.0370132 
0.086164 
0.0696041 
0.0314189 
0.0392917 
0.0584905 
0.0871874 
0.0687895 
0.0221954 
0.0183062 
0.046493 
0.0900846 
0.040529 
0.0460442 
0.0293115 
0.0346484 
0.0541592 
0.0301331 
0.0672266 
0.0440303 
0.0813446 
0.058949 
0.0376756 
0.0874282 
0.0674708 
0.0655578 
0.0751356 
0.0360742 
0.103674 
0.0399631 
0.0477776 
0.10166 
0.0342767 
0.0505569 
0.060161 
0.109278 
0.0532485 
0.0335201 
0.0404339 
0.0237123 
0.0339829 
0.0530291 
0.0319916 
0.111119 
0.0456152 
0.0748276 
0.100286 
0.0484833 
0.0685091 
0.0728838 
0.110424 
0.0972276 
0.029949 
0.0350228 
0.0617223 
0.0357355 
0.0483831 
0.0574186 
0.0838733 
0.0567346 
0.0669237 
0.0452619 
0.0496937 
0.0323685 
0.0418548 
0.0352683 
0.0660722 
0.0318549 
0.0691729 
0.0546181 
0.027911 
0.0500804 
0.0938187 
0.0453973 
0.0971459 
0.0292687 
0.0380572 
0.0639196 
0.0466243 
0.048928 
0.053261 
0.0540279 
0.082504 
0.0884458 
0.0281602 
0.0626471 
0.0195249 
0.0685513 
0.048793 
0.055569 
0.0675511 
0.0911016 
0.0519758 
0.0283395 
0.0929112 
0.0727483 
0.0218556 
0.0472858 
0.0527602 
0.0521238 
0.0550777 
0.0463735 
0.03217 
0.0407412 
0.0845104 
0.0724554 
0.0603801 
0.0780311 
0.0193407 
0.0488314 
0.0604481 
0.0487531 
0.0462253 
0.0433608 
0.0614893 
0.0335336 
0.0443987 
0.0925746 
0.0558556 
0.0285762 
0.0285149 
0.0147599 
0.0736882 
0.0707999 
0.0546061 
0.0283164 
0.0508169 
0.0649791 
0.0536026 
0.0281983 
0.0766139 
0.0934523 
0.0499448 
0.0111386 
0.039395 
0.0343458 
0.103938 
0.0554754 
0.0767758 
0.053051 
0.0566382 
0.0700568 
0.0395182 
0.117096 
0.100832 
0.0682262 
0.0760007 
0.0574187 
0.0763498 
0.0257497 
0.0491156 
0.0461868 
0.0489924 
0.0935234 
0.10292 
0.0788205 
0.0574941 
0.0753165 
0.0437325 
0.0747186 
0.0704037 
0.0304194 
0.0509271 
0.0229682 
0.0489275 
0.0673265 
0.020036 
0.0521746 
0.0848721 
0.0553014 
0.0775004 
0.0545226 
0.0909051 
0.0485376 
0.0370741 
0.0344303 
0.0325905 
0.0924039 
0.0984906 
0.0519534 
0.0483595 
0.0405305 
0.0869505 
0.0319856 
0.0750912 
0.0711085 
0.0771413 
0.0728851 
0.0771216 
0.0430027 
0.0729693 
0.0942057 
0.052452 
0.0344825 
0.0338388 
0.0861095 
0.0818327 
0.0444886 
0.0884909 
0.0340922 
0.0445119 
0.0726174 
0.0995723 
0.0521218 
0.0723784 
0.0591353 
0.0741138 
0.07334 
0.0405032 
0.08655 
0.0567833 
0.0595439 
0.0235811 
0.013159 
0.0181338 
0.116131 
0.0396588 
0.0381543 
0.0294002 
0.104036 
0.108294 
0.0289058 
0.0568025 
0.0176639 
0.102294 
0.0328041 
0.0161828 
0.112494 
0.0905938 
0.0935994 
0.0598551 
0.0916283 
