0
0.01525 
0.168379 
0.0801148 
0.0499724 
0.151917 
0.0556551 
0.0444381 
0.0479076 
0.0753592 
0.113004 
0.112403 
0.0856692 
0.0879314 
0.108509 
0.0968519 
0.0300286 
0.103563 
0.0731834 
0.0901087 
0.0853135 
0.0713467 
0.0544032 
0.0824135 
0.102612 
0.136815 
0.113128 
0.040632 
0.0705462 
0.111944 
0.044102 
0.0425986 
0.0317464 
0.137171 
0.109978 
0.0690784 
0.0525671 
0.0751742 
0.06734 
0.0822852 
0.0258389 
0.0802862 
0.125478 
0.0836755 
0.0588157 
0.0164912 
0.0723727 
0.0956337 
0.123187 
0.0909749 
0.115685 
0.124566 
0.146995 
0.0814784 
0.152339 
0.110406 
0.0320384 
0.0400034 
0.0592719 
0.0190275 
0.0273062 
0.0689555 
0.0560977 
0.0549685 
0.0798913 
0.074569 
0.0712517 
0.0496471 
0.0774554 
0.0754436 
0.0437228 
0.0570488 
0.0699459 
0.100317 
0.0753062 
0.0421972 
0.099964 
0.0489254 
0.0713462 
0.0745981 
0.0368839 
0.023805 
0.0291445 
0.031279 
0.0942448 
0.0763469 
0.068293 
0.0595171 
0.0261341 
0.0602096 
0.0650546 
0.0457185 
0.0492172 
0.0610083 
0.0921562 
0.0863375 
0.032398 
0.00913479 
0.0397615 
0.0407738 
0.046934 
0.0361748 
0.0230244 
0.0228368 
0.0463703 
0.0688422 
0.0965241 
0.0802376 
0.0548684 
0.0354534 
0.142448 
0.208861 
0.0809463 
0.0204033 
0.0903777 
0.0358622 
0.0606858 
0.0595142 
0.0662521 
0.0838862 
0.0312226 
0.0227827 
0.0228308 
0.0342712 
0.0300007 
0.0941283 
0.0758662 
0.0391777 
0.0465164 
0.0465622 
0.0326385 
0.0644887 
0.117058 
0.116369 
0.0462613 
0.0462935 
0.0725829 
0.0702732 
0.126155 
0.222743 
0.176809 
0.0579704 
0.0583163 
0.0521802 
0.0669805 
0.0486013 
0.0552427 
0.0820462 
0.137011 
0.0874491 
0.0488618 
0.0589595 
0.0573599 
0.0459645 
0.0541151 
0.0493262 
0.0578747 
0.0352675 
0.0495708 
0.0272451 
0.0934618 
0.0541617 
0.0392074 
0.726815 
0.63791 
0.428471 
0.480089 
1.12283 
0.133462 
0.170859 
0.0621555 
0.166817 
0.0645614 
0.122429 
0.111497 
0.0500965 
0.141929 
0.062034 
0.0594739 
0.162468 
0.119068 
0.0729748 
0.0806425 
0.0527102 
0.0817939 
0.0598822 
0.127671 
0.0956197 
0.0847898 
0.0971938 
0.0624175 
0.0512831 
0.0807733 
0.133325 
0.0693957 
0.0463661 
0.108998 
0.0822735 
0.0524679 
0.0423937 
0.0871436 
0.0783618 
0.131536 
0.0707895 
0.0414328 
0.0613892 
0.0399951 
0.0521681 
0.057438 
0.0814298 
0.0149285 
0.0956587 
0.112846 
0.0911892 
0.234002 
0.220982 
0.0794805 
0.0567477 
0.132523 
0.156139 
0.0729619 
0.0705082 
0.0646283 
0.115316 
0.0627196 
0.0439393 
0.109188 
0.125801 
0.0602087 
0.139623 
0.101778 
0.0757696 
0.0795296 
0.0443492 
0.0782897 
0.0974336 
0.0744059 
0.107713 
0.0549772 
0.0689754 
