0
0.0247438 
0.0705451 
0.0515128 
0.111113 
0.148045 
0.077031 
0.101817 
0.126395 
0.0619952 
0.127916 
0.15983 
0.0729863 
0.0487617 
0.0614972 
0.0593977 
0.129888 
0.0812128 
0.0620151 
0.028106 
0.0734438 
0.151097 
0.0496236 
0.0686881 
0.0793774 
0.054638 
0.0666237 
0.0353917 
0.0266184 
0.0728314 
0.0364385 
0.0455547 
0.057874 
0.0733261 
0.135221 
0.180981 
0.224429 
0.0953017 
0.0759271 
0.0842238 
0.0801247 
0.0629275 
0.107974 
0.0469928 
0.0591619 
0.062869 
0.0749468 
0.123135 
0.11368 
0.113214 
0.106199 
0.064464 
0.0885933 
0.0431382 
0.0486934 
0.0739241 
0.110077 
0.0992372 
0.104707 
0.132735 
0.153039 
0.199392 
0.250851 
0.0720703 
0.119811 
0.0184802 
0.0635036 
0.0549916 
0.0781998 
0.053588 
0.14132 
0.06919 
0.0935644 
0.056048 
0.0992159 
0.0300942 
0.0360532 
0.0777224 
0.138505 
0.0988177 
0.111698 
0.106656 
0.115957 
0.1132 
0.0931296 
0.157645 
0.0613849 
0.133427 
0.108199 
0.0668694 
0.101891 
0.19912 
0.131524 
0.103983 
0.0526521 
0.140685 
0.115551 
0.105149 
0.0749817 
0.0855504 
0.074241 
0.0585088 
0.0922189 
0.0832514 
0.0514411 
0.0726181 
0.119232 
0.104085 
0.066484 
0.0460713 
0.0828757 
0.0485409 
0.0896066 
0.0954289 
0.0391782 
0.203201 
0.140351 
0.0963878 
0.30121 
0.351839 
0.16718 
0.0992593 
0.0774819 
0.0357688 
0.0649724 
0.0712403 
0.116704 
0.0955265 
0.101685 
0.0549104 
0.0812978 
0.121897 
0.0664292 
0.0746485 
0.138315 
0.0756831 
0.0657051 
0.10316 
0.223278 
0.216918 
0.287635 
0.0965122 
0.0980743 
0.227508 
0.206778 
0.0443898 
0.0936563 
0.139446 
0.119297 
0.0531403 
0.0605826 
0.0689384 
0.0416157 
0.0325271 
0.188507 
0.103743 
0.0573906 
0.0430765 
0.0154132 
0.0380954 
0.0668087 
0.0300546 
0.15287 
0.108277 
0.0247397 
0.103544 
0.144611 
0.136868 
0.225183 
0.261583 
0.102307 
0.0838672 
0.129876 
0.0408256 
0.0315956 
0.0311747 
0.0644869 
0.0653992 
0.065524 
0.0708348 
0.0418063 
0.0371831 
0.0412402 
0.0357927 
0.0690465 
0.0513642 
0.0751407 
0.1259 
0.131002 
0.103558 
0.0444126 
0.0777607 
0.0712157 
0.133831 
0.166018 
0.121443 
0.130646 
0.0530189 
0.0880805 
0.185964 
0.0816192 
0.157799 
0.0827104 
0.0257346 
0.0422303 
0.0693444 
0.0238185 
0.0372874 
0.0832109 
0.0628825 
0.0719382 
0.0958263 
0.0882453 
0.0929456 
0.0456125 
0.0558697 
0.0745272 
0.0696856 
0.0684165 
0.0799656 
0.0990506 
0.103535 
0.0692634 
0.0898973 
0.118384 
0.145105 
0.156614 
0.226682 
0.0898522 
0.170146 
0.0673954 
0.0734675 
0.0591241 
0.0967495 
0.0978193 
0.0920032 
0.154565 
0.100217 
0.0867209 
0.0637428 
