0
0.0560274 
0.121294 
0.141034 
0.080937 
0.0853811 
0.0858613 
0.0462366 
0.0230342 
0.0732619 
0.066437 
0.126817 
0.0936677 
0.0765316 
0.0588161 
0.0758297 
0.0796691 
0.0624841 
0.0820059 
0.0903858 
0.075391 
0.0680445 
0.0556978 
0.0493937 
0.0458291 
0.0429917 
0.0471483 
0.0792615 
0.123411 
0.0753123 
0.040432 
0.0805808 
0.0667056 
0.0581601 
0.0759427 
0.0451543 
0.074422 
0.108776 
0.0881232 
0.0671168 
0.0683475 
0.057888 
0.0592228 
0.050969 
0.0349077 
0.0918911 
0.111158 
0.159075 
0.060605 
0.0606902 
0.0870359 
0.0718898 
0.132175 
0.0828631 
0.0537161 
0.0469582 
0.0377259 
0.0501022 
0.250065 
0.196059 
0.0736613 
0.0400131 
0.0674429 
0.0377069 
0.0865447 
0.124455 
0.0402885 
0.0367416 
0.0288394 
0.0665394 
0.0832246 
0.0844485 
0.0772076 
0.126978 
0.073834 
0.0441274 
0.0601794 
0.04939 
0.0483138 
0.0766095 
0.0666937 
0.0823798 
0.0940256 
0.0969834 
0.0580251 
0.0281937 
0.0571522 
0.0874869 
0.0518214 
0.0649323 
0.0799697 
0.069702 
0.0792228 
0.0443477 
0.0315166 
0.0264182 
0.0815652 
0.0836608 
0.0806122 
0.0253703 
0.0727896 
0.130219 
0.0428639 
0.037114 
0.0437187 
0.0629873 
0.0459197 
0.0757939 
0.0447212 
0.0412491 
0.185092 
0.372444 
0.102262 
0.0710105 
0.174671 
0.103164 
0.0836128 
0.0478606 
0.0421238 
0.0590556 
0.0608857 
0.0178089 
0.0689849 
0.0528941 
0.0653724 
0.0288445 
0.0551205 
0.0678426 
0.0455288 
0.101739 
0.0358788 
0.114373 
0.128709 
0.068234 
0.0695803 
0.0834243 
0.0619606 
0.063299 
0.0635971 
0.110144 
0.0526293 
0.0210052 
0.0441758 
0.0551633 
0.0762393 
0.0701601 
0.0943472 
0.103764 
0.089905 
0.100811 
0.0601553 
0.0602222 
0.0328126 
0.0457766 
0.0444489 
0.0568842 
0.0619174 
0.0629445 
0.0736096 
0.165583 
0.12204 
0.0541183 
0.0268865 
0.0818013 
0.106023 
0.0739736 
0.0733667 
0.0570143 
0.0816925 
0.159446 
0.0835437 
0.121291 
0.0964778 
0.0334602 
0.292606 
0.178511 
0.0598349 
0.105531 
0.111882 
0.409464 
0.342479 
0.0935254 
0.178118 
0.0893541 
0.0903891 
0.0879163 
0.114376 
0.12429 
0.103734 
0.0843434 
0.151215 
0.0305175 
0.109228 
0.272022 
0.209891 
0.102404 
0.0261595 
0.0771811 
0.11119 
0.0789289 
0.064171 
0.133445 
0.0907881 
0.0847371 
0.0660581 
0.0720906 
0.0375265 
0.0344358 
0.0444501 
0.253134 
0.106674 
0.096667 
0.0888219 
0.0944517 
0.0631998 
0.0339003 
0.0704605 
0.0425641 
0.0682393 
0.0817573 
0.0506092 
0.0324653 
0.0714469 
0.0659303 
0.0934675 
0.0720803 
0.0450893 
0.0718522 
0.0392883 
0.453354 
0.50553 
0.195361 
0.165535 
0.0928905 
0.119215 
0.118564 
0.186638 
0.113626 
0.0567326 
0.136857 
