0
0 
0.182501 
0.164738 
0.058862 
0.0830714 
0.110527 
0.157301 
0.262884 
0.101664 
0.170726 
0.088149 
0.156735 
0.121149 
0.109264 
0.056048 
0.119276 
0.179739 
0.026545 
0.126988 
0.121134 
0.0773255 
0.0982331 
0.0506501 
0.084552 
0.092793 
0.225384 
0.129399 
0.0993549 
0.172265 
0.133466 
0.10757 
0.0839625 
0.238251 
0.303558 
0.258818 
0.248696 
0.0822684 
0.0744268 
0.156638 
0.144155 
0.0863807 
0.389975 
0.420552 
0.0889903 
0.0800581 
0.0692902 
0.0436302 
0.0893478 
0.0414179 
0.0316408 
0.176235 
0.0746743 
0.123127 
0.106094 
0.0899715 
0.157706 
0.0598956 
0.0437556 
0.096324 
0.07077 
0.0609536 
0.560291 
1.8216 
0.71852 
0.400118 
0.789142 
0.214036 
0.104401 
0.442981 
0.196294 
0.443164 
0.100458 
0.183131 
0.0946712 
0.090679 
0.0563652 
0.158383 
0.0667084 
0.170245 
0.0757267 
0.10071 
0.062403 
0.0781211 
0.261836 
0.200614 
0.158616 
0.0958369 
0.109573 
0.0472248 
0.145204 
0.171434 
0.190779 
0.159269 
0.0819688 
0.0775766 
0.102261 
0.0598871 
0.0839957 
0.566021 
2.54846 
2.38846 
0.569959 
0.676939 
0.24092 
0.124344 
0.127075 
0.1179 
0.202433 
0.156676 
0.219786 
0.0542994 
0.0752649 
0.0268979 
0.148473 
0.138659 
0.115996 
0.0812861 
0.0786271 
0.0309584 
0.0273256 
0.0350652 
0.579177 
0.495857 
0.325582 
0.309397 
0.0547 
0.09742 
0.114945 
0.0860473 
0.033196 
0.0554219 
0.0508846 
0.0778305 
0.100344 
0.0904525 
0.0856843 
0.0804169 
0.0782309 
0.0739302 
0.113827 
0.246808 
0.190624 
0.29427 
0.0937197 
0.130928 
0.0510951 
0.10744 
0.0975237 
0.10135 
0.123322 
0.0895853 
0.1222 
0.387027 
1.27829 
0.596629 
0.421734 
0.415865 
0.194801 
0.141766 
0.106069 
0.11817 
0.126378 
0.0903335 
0.202171 
0.125007 
0.20005 
0.115468 
0.150124 
0.191524 
0.131663 
0.855509 
0.222071 
0.200452 
0.148996 
0.114953 
0.193539 
1.40057 
0.972979 
0.662008 
0.395237 
0.177534 
0.151696 
0.116839 
0.114268 
0.117278 
0.0780061 
0.145943 
0.138191 
0.0812314 
0.10109 
0.0796113 
0.119954 
0.0440375 
0.0621855 
0.0950523 
0.557903 
0.88484 
0.926044 
0.242805 
0.30519 
0.195969 
0.119149 
0.110802 
0.178295 
0.114145 
0.111898 
0.138645 
0.1025 
0.145442 
0.309832 
0.194544 
0.682065 
0.524039 
0.526263 
0.259616 
0.157068 
0.123956 
0.135301 
0.139853 
0.0970011 
0.0802491 
0.239902 
0.138243 
0.147967 
0.0585441 
0.130644 
0.0505858 
0.103611 
0.160681 
0.0725955 
0.16898 
0.200121 
0.128083 
0.295746 
0.689656 
0.24274 
0.135742 
0.240894 
0.196059 
