0
0.0297922 
0.318415 
0.109708 
0.100174 
0.198619 
0.0825945 
0.0474278 
0.156331 
0.0803018 
0.0866183 
0.138382 
0.287217 
0.201508 
0.148155 
0.103094 
0.0815425 
0.135595 
0.250074 
0.0775951 
0.103386 
0.142933 
0.135398 
0.118507 
0.0314978 
0.104524 
0.108 
0.203883 
0.315873 
0.151358 
0.0670102 
0.180027 
0.115172 
0.151661 
0.138804 
0.162068 
0.737878 
0.530866 
0.19611 
0.0900538 
0.0966306 
0.0988947 
0.091814 
0.0655147 
0.0744484 
0.203097 
0.137759 
0.193015 
0.1418 
0.102825 
0.0890734 
0.115876 
0.13856 
0.168288 
0.0445424 
0.170184 
0.19373 
0.109681 
0.153984 
0.145116 
0.165105 
0.0863826 
0.228946 
0.206745 
0.159099 
0.104257 
0.0835645 
0.048148 
0.0628199 
0.0635455 
0.105929 
0.179723 
0.169835 
0.0840396 
0.0913269 
0.0398427 
0.123058 
0.153231 
0.218143 
0.0827845 
0.0776189 
0.0384899 
0.0393275 
0.0898507 
0.0501152 
0.0732377 
0.10622 
0.0749478 
0.188317 
0.126482 
0.0919941 
0.0566263 
0.146376 
0.107717 
0.106254 
0.0441473 
0.0356981 
0.108837 
0.0459033 
0.0564313 
0.103632 
0.171421 
0.105605 
0.0931335 
0.0957932 
0.241539 
0.109673 
0.191698 
0.0740225 
0.0572569 
0.0857519 
0.114537 
0.111785 
0.12294 
0.0943496 
0.119329 
0.151856 
0.174059 
0.113049 
0.172735 
0.357661 
0.288522 
1.52474 
2.53028 
1.69936 
0.752729 
0.264593 
0.190997 
0.284742 
0.128031 
0.0882139 
0.138719 
0.109065 
0.0701499 
0.105433 
0.12506 
0.0459234 
0.124283 
0.229227 
0.307808 
0.347849 
0.343085 
0.0675964 
0.0363765 
0.163707 
0.168385 
0.398694 
0.224191 
0.180073 
0.151867 
0.164234 
0.0254966 
0.085442 
0.126941 
0.232787 
0.197413 
0.181829 
0.0710101 
0.163298 
0.0726676 
0.202869 
0.173653 
0.422601 
0.333194 
0.0692934 
0.200971 
0.2318 
0.295734 
0.117924 
0.285907 
0.132773 
0.149158 
0.137151 
0.0916089 
0.233209 
0.350441 
0.944547 
0.424866 
0.264195 
0.287303 
0.189538 
0.210386 
0.315532 
0.102751 
0.347171 
0.27784 
0.194899 
0.563295 
1.65382 
1.31495 
0.405454 
0.2775 
0.200225 
0.24341 
0.0545165 
0.824711 
3.10255 
2.78788 
1.50662 
0.390842 
0.224568 
0.080948 
0.172936 
0.219226 
0.185857 
0.23682 
0.102888 
0.0975278 
0.146293 
0.216359 
0.143497 
0.5747 
0.594403 
0.126415 
0.26607 
0.249484 
0.101233 
0.0598072 
0.160178 
0.108206 
0.147091 
0.0297673 
0.0679995 
0.128035 
0.244823 
0.250509 
0.0924185 
0.105882 
0.0792809 
0.0705485 
0.0910035 
0.120904 
0.241913 
0.175765 
0.398489 
0.129647 
0.0693879 
0.111879 
0.249812 
0.262683 
