0
0.047424 
0.0762956 
0.0362279 
0.0340731 
0.0307492 
0.046528 
0.0382262 
0.0382124 
0.035326 
0.0565355 
0.0730666 
0.0552937 
0.0334504 
0.0781369 
0.0622183 
0.0311558 
0.0239657 
0.0146998 
0.0188941 
0.0407759 
0.0154221 
0.0345151 
0.0581564 
0.034069 
0.0245513 
0.0224618 
0.0132436 
0.0338097 
0.0199286 
0.0289805 
0.0598376 
0.0428765 
0.0236862 
0.0155081 
0.0269393 
0.0301264 
0.0368251 
0.0639401 
0.0693497 
0.0504518 
0.0755069 
0.0171616 
0.0705348 
0.0794613 
0.0630143 
0.0928901 
0.0617034 
0.0604033 
0.0352522 
0.0712075 
0.112667 
0.0806715 
0.0972112 
0.0566758 
0.0424575 
0.0447399 
0.0901618 
0.0668384 
0.0351594 
0.0330134 
0.0693504 
0.0764034 
0.13983 
0.0282769 
0.00544587 
0.0799834 
0.0453038 
0.0732935 
0.0457081 
0.114207 
0.080888 
0.0649221 
0.0757798 
0.0785989 
0.0253126 
0.072153 
0.057161 
0.0304918 
0.099764 
0.0554557 
0.0448943 
0.0248124 
0.0378711 
0.003957 
0.0294446 
0.0252536 
0.0439781 
0.00990248 
0.0300995 
0.0712629 
0.115869 
0.0524238 
0.0311855 
0.0386931 
0.065597 
0.040134 
0.129544 
0.057562 
0.0349539 
0.0379937 
0.0653586 
0.0927983 
0.170071 
0.1148 
0.0959692 
0.0682907 
0.0443579 
0.071739 
0.0335931 
0.0331039 
0.160782 
0.0547568 
0.0941072 
0.101009 
0.0634336 
0.109557 
0.118173 
0.111597 
0.129569 
0.0902508 
0.0858628 
0.198751 
0.121837 
0.0744309 
0.0928154 
0.0649618 
0.168826 
0.0673572 
0.12846 
0.103814 
0.0804658 
0.0593094 
0.0260643 
0.0604481 
0.0152813 
0.007959 
0.096413 
0.0413672 
0.0336897 
0.0305907 
0.0569389 
0.0581602 
0.110672 
0.0807703 
0.0792565 
0.0302372 
0.0862826 
0.0463471 
0.0925357 
0.0502016 
0.0544159 
0.0468152 
0.0597145 
0.0539135 
0.0419663 
0.0267952 
0.0814773 
0.0440409 
0.0315541 
0.0409822 
0.0560514 
0.0606781 
0.0544309 
0.0422987 
0.060195 
0.0459618 
0.0407738 
0.0724549 
0.079285 
0.0678482 
0.0438981 
0.0514957 
0.0908847 
0.065728 
0.054497 
0.0490899 
0.0473407 
0.0409974 
0.0403906 
0.0587606 
0.0547561 
0.0567541 
0.16189 
0.100009 
0.0540596 
0.0298836 
0.106315 
0.0399215 
0.132131 
0.0409102 
0.0642676 
0.036396 
0.0903051 
0.08891 
0.0585127 
0.0439802 
0.0294 
0.0788224 
0.0558912 
0.144277 
0.158594 
0.192569 
0.173875 
0.073125 
0.109135 
0.0758819 
0.020669 
0.105947 
0.153407 
0.157973 
0.0999472 
0.0959786 
0.142974 
0.0576611 
0.134135 
0.102406 
0.122159 
0.171617 
0.0849538 
0.0381511 
0.0366528 
0.0369057 
0.0443255 
0.0659623 
0.0970638 
0.0509024 
0.0357438 
0.0615836 
0.0314541 
0.0299127 
0.0297508 
0.0690694 
0.106577 
0.0710443 
0.0166991 
0.0195805 
0.0688782 
0.0837782 
0.067757 
