0
0 
0.0571905 
0.15014 
0.119196 
0.440449 
0.264285 
0.502504 
1.26008 
1.33965 
0.618412 
0.55605 
0.15481 
0.67299 
0.672895 
0.885873 
0.329096 
0.69845 
0.0541074 
0.0667356 
0.261717 
0.445335 
0.156012 
0.335127 
0.214243 
0.0637017 
0.0991946 
0.0791051 
0.269119 
0.324584 
0.22176 
0.107805 
0.144771 
0.152733 
0.159676 
0.138815 
0.217636 
0.141786 
0.18251 
0.162822 
0.0582007 
0.0958737 
0.0906081 
0.0675109 
0.148512 
0.120986 
0.0781911 
0.143217 
0.0823657 
0.174249 
0.168642 
0.282112 
0.334684 
0.499477 
0.18477 
0.371696 
0.471451 
0.308556 
0.753026 
0.715 
0.156665 
0.250796 
0.379445 
0.184658 
0.334548 
0.13708 
0.126593 
0.248779 
0.119982 
0.256999 
0.233143 
0.197517 
0.205709 
0.320121 
0.219624 
0.530897 
0.201469 
0.263768 
0.230913 
0.0675449 
0.278692 
0.171187 
0.0488013 
0.0857034 
0.140288 
0.30981 
0.167401 
0.0869834 
0.183625 
0.198846 
0.0750844 
0.118396 
0.161737 
0.232434 
0.175763 
0.205704 
0.200247 
0.33715 
0.447758 
0.287217 
0.271274 
0.231396 
0.18648 
0.736945 
0.770391 
0.143727 
0.65454 
0.103858 
0.226016 
0.947361 
0.538185 
0.134595 
0.59272 
0.283694 
0.416517 
0.415902 
0.296538 
0.0991475 
0.0697559 
0.198766 
0.0729692 
0.77946 
0.742204 
0.598798 
0.489176 
0.14031 
0.383456 
0.146125 
0.149676 
0.287268 
0.401349 
0.432241 
0.390761 
0.272207 
0.273199 
0.605962 
0.504739 
0.119924 
0.143447 
0.129665 
0.462664 
0.468709 
0.0862821 
0.194619 
0.21213 
0.226945 
0.339175 
0.422684 
0.362209 
0.222106 
0.12724 
0.142358 
0.301719 
0.0830038 
0.199253 
0.188769 
0.669817 
0.227483 
0.371816 
0.478609 
0.206259 
0.248029 
0.185147 
0.179221 
0.12486 
0.13415 
0.221222 
0.0710717 
0.27877 
0.171161 
0.379649 
0.171612 
0.363014 
0.279911 
0.204307 
0.195619 
0.258749 
0.108656 
0.235939 
0.204932 
0.566708 
0.155825 
0.408766 
0.202038 
0.15195 
0.0931964 
0.321067 
0.120238 
0.606992 
0.473369 
0.255699 
0.324328 
0.0973302 
0.721784 
0.177889 
0.502906 
0.54125 
0.215149 
0.670364 
1.10743 
1.41911 
2.84692 
1.69916 
1.0889 
0.359244 
0.1384 
0.27486 
0.381913 
0.424279 
0.194334 
0.17514 
0.389526 
0.261231 
0.381115 
0.164958 
0.425602 
0.0957685 
0.458182 
0.317818 
0.388274 
0.257156 
0.222005 
0.34085 
0.238662 
0.192643 
0.0788444 
0.146488 
0.388467 
0.224539 
0.195547 
0.127757 
0.311477 
0.550349 
0.374351 
0.258692 
0.288558 
0.548804 
0.0868982 
0.143681 
0.477725 
