0
0.0388257 
0.189774 
0.153558 
0.292904 
0.273793 
0.199987 
0.226769 
0.178794 
0.256519 
0.31737 
0.157922 
0.20832 
0.094807 
0.103033 
0.150234 
0.105391 
0.126855 
0.0951518 
0.0485898 
0.0795519 
0.11648 
0.0791963 
0.219333 
0.118564 
0.17826 
0.120466 
0.123953 
0.274881 
0.234574 
0.245373 
0.105479 
0.0582644 
0.194941 
0.0883099 
0.178083 
0.166763 
0.118844 
0.274746 
0.143219 
0.0938313 
0.124284 
0.103781 
0.202288 
0.197158 
0.239577 
0.20346 
0.278936 
0.0790593 
0.101895 
0.165821 
0.0782638 
0.0977261 
0.0457004 
0.0805655 
0.120518 
0.163278 
0.0789552 
0.262655 
0.0813287 
0.204632 
0.156538 
0.0482743 
0.186243 
0.0847709 
0.189679 
0.149348 
0.221006 
0.484148 
0.235742 
0.213962 
0.252717 
0.143068 
0.282874 
0.131253 
0.0707567 
0.211172 
0.182035 
0.05367 
0.0708598 
0.102749 
0.0783219 
0.0403387 
0.154336 
0.221741 
0.129911 
0.0995992 
0.106216 
0.123207 
0.0909015 
0.0825534 
0.0716423 
0.0513233 
0.0597727 
0.130075 
0.0770087 
0.0407766 
0.103357 
0.0950964 
0.0896269 
0.077163 
0.148927 
0.114469 
0.0744377 
0.0564945 
0.113982 
0.110305 
0.0648857 
0.0648312 
0.0830235 
0.0566594 
0.0766868 
0.0630762 
0.100804 
0.261871 
0.204409 
0.0909888 
0.0886497 
0.218255 
0.19784 
0.00610152 
0.0498345 
0.0621112 
0.0985418 
0.0800904 
0.359933 
0.203298 
0.199205 
0.0947797 
0.0532034 
0.148217 
0.169933 
0.188125 
0.0831107 
0.03195 
0.0923283 
0.0525889 
0.118291 
0.0534378 
0.124506 
0.119472 
0.1053 
0.211269 
0.115041 
0.155696 
0.185993 
0.295173 
0.217905 
0.046044 
0.12603 
0.0703622 
0.97611 
0.637732 
0.0528637 
0.108739 
0.156428 
0.076259 
0.132528 
0.0790364 
0.0463836 
0.0332168 
0.103362 
0.0854925 
0.057004 
0.184728 
0.12566 
0.109149 
0.124671 
0.142838 
0.213185 
0.185203 
0.104705 
0.0390207 
0.117402 
0.132363 
0.0545223 
0.0574653 
0.154143 
0.0720693 
0.0286335 
0.0773498 
0.100919 
0.22155 
0.0963399 
0.183912 
0.1484 
0.295422 
0.215934 
0.115868 
0.0710025 
0.076778 
0.125836 
0.0949432 
0.120041 
0.12828 
0.192665 
0.0937393 
0.186976 
0.140766 
0.158938 
0.0399027 
0.118229 
0.0535215 
0.0921492 
0.0505885 
0.069442 
0.176099 
0.0831834 
0.110949 
0.0865949 
0.117368 
0.138061 
0.15607 
0.152949 
0.0730978 
0.007676 
0.052939 
0.024654 
0.044774 
0.159647 
0.112657 
0.191225 
0.12059 
0.117005 
0.168758 
0.116771 
0.0541495 
0.16318 
0.099128 
0.0896225 
0.0442565 
0.041183 
0.0567435 
0.102071 
0.106867 
0.0785925 
0.038356 
0.123067 
0.167598 
0.0943647 
