0
0.0614935 
0.0632213 
0.0504998 
0.0547187 
0.0951622 
0.0847847 
0.0422274 
0.0203738 
0.0397646 
0.0549079 
0.0957194 
0.132147 
0.151285 
0.134809 
0.0828967 
0.174324 
0.164632 
0.0496189 
0.0556601 
0.101458 
0.0820424 
0.102685 
0.039371 
0.163744 
0.227254 
0.134633 
0.0957055 
0.192733 
0.118515 
0.0632595 
0.0896596 
0.0279949 
0.060461 
0.113962 
0.0653614 
0.065597 
0.0516433 
0.0589754 
0.0753301 
0.0676695 
0.077924 
0.0614205 
0.0509401 
0.0486626 
0.0381994 
0.082463 
0.124237 
0.208132 
0.13892 
0.0773481 
0.0821726 
0.0561994 
0.0826285 
0.114656 
0.05731 
0.0956931 
0.0963412 
0.0515247 
0.0695934 
0.0739136 
0.054484 
0.0697868 
0.0634596 
0.0818602 
0.0711075 
0.117309 
0.104621 
0.0682553 
0.0670955 
0.0696031 
0.0485535 
0.056936 
0.201192 
0.147603 
0.130025 
0.0923682 
0.0800208 
0.0807929 
0.0640455 
0.0566771 
0.0853179 
0.0440999 
0.0320109 
0.0348501 
0.0343198 
0.0332237 
0.0536532 
0.112542 
0.149686 
0.188874 
0.114574 
0.124231 
0.239954 
0.172193 
0.084115 
0.0332486 
0.0326108 
0.109528 
0.0954844 
0.124106 
0.201053 
0.169423 
0.340612 
0.279101 
0.156186 
0.0552097 
0.0953364 
0.091034 
0.0638604 
0.102992 
0.109099 
0.164699 
0.15039 
0.174789 
0.0617427 
0.114612 
0.202048 
0.245332 
0.0776177 
0.157882 
0.160024 
0.153874 
0.0828097 
0.112445 
0.140129 
0.0538934 
0.253486 
0.183324 
0.0803845 
0.114478 
0.0866352 
0.163265 
0.0172157 
0.182172 
0.170262 
0.0768829 
0.0314163 
0.0502463 
0.076434 
0.0248181 
0.0679724 
0.0818309 
0.116338 
0.132293 
0.0579122 
0.0736006 
0.0736831 
0.0713146 
0.0544941 
