0
0.235596 
0.177654 
0.103382 
0.0954786 
0.105891 
0.201804 
0.168831 
0.097858 
0.0819222 
0.0856531 
0.128417 
0.152211 
0.0462049 
0.0879879 
0.173517 
0.162431 
0.33016 
0.335597 
0.208865 
0.214985 
0.121078 
0.184491 
0.0419744 
0.0885656 
0.162479 
0.156177 
0.154028 
0.151317 
0.0710344 
0.181899 
0.143127 
0.117392 
0.144028 
0.109246 
0.0929707 
0.171887 
0.0521207 
0.149239 
0.118397 
0.121406 
0.0244427 
0.117811 
0.143182 
0.383908 
0.196472 
0.0979173 
0.089682 
0.216917 
0.098545 
0.10838 
0.0689998 
0.0703667 
0.244346 
0.0837436 
0.149646 
0.0823821 
0.0557367 
0.154298 
0.149996 
0.210395 
0.275756 
0.263112 
0.187649 
0.0797819 
0.0628782 
0.0702149 
0.0489137 
0.0860225 
0.118669 
0.21551 
0.158064 
0.47423 
0.301701 
0.309228 
0.097128 
0.150739 
0.147787 
0.106774 
0.213092 
0.187176 
0.088585 
0.154221 
0.306485 
0.339144 
0.290977 
0.326817 
0.409788 
0.346315 
0.157324 
0.0994742 
0.174167 
0.302805 
0.165244 
0.0914354 
0.0640099 
0.0557249 
0.0526185 
0.106636 
0.165637 
0.141965 
0.100093 
0.0575884 
0.145767 
0.114011 
0.0675519 
0.0975414 
0.100934 
0.1725 
0.12822 
0.176779 
0.11214 
0.071306 
0.410421 
0.354091 
0.260292 
0.145097 
0.136357 
0.0629962 
0.0985703 
0.108621 
0.0894737 
0.119538 
0.0725671 
0.0559301 
0.0648638 
0.0716867 
0.140682 
0.12451 
0.0621732 
0.132448 
0.0822809 
0.096201 
0.0678142 
0.0814208 
0.10557 
0.178016 
0.151257 
0.133047 
0.0758137 
0.0886977 
0.0533256 
0.0484995 
0.132047 
0.172564 
0.173216 
0.18001 
0.308017 
0.357636 
0.135039 
