0
0.0775504 
0.115471 
0.0724865 
0.0892819 
0.172822 
0.156855 
0.122221 
0.129979 
0.106776 
0.0686949 
0.249544 
0.222524 
0.0587359 
0.0671503 
0.0841681 
0.211858 
0.19621 
0.0678913 
0.0951163 
0.226825 
0.178998 
0.102816 
0.10461 
0.0610935 
0.0925016 
0.185703 
0.153821 
0.159014 
0.145821 
0.137734 
0.088388 
0.0497164 
0.0962063 
0.0740075 
0.180038 
0.130061 
0.12923 
0.0687543 
0.151294 
0.173135 
0.0886699 
0.131521 
0.0720731 
0.113115 
0.0947726 
0.130154 
0.0979542 
0.0893758 
0.114207 
0.0937512 
0.102011 
0.0861032 
0.0487092 
0.0666379 
0.183275 
0.111779 
0.121822 
0.141909 
0.128856 
0.109762 
0.281198 
0.139762 
0.115522 
0.132444 
0.0597454 
0.0618293 
0.131503 
0.0951392 
0.119393 
0.0592176 
0.0988217 
0.13643 
0.19636 
0.190689 
0.0900435 
0.111515 
0.127209 
0.0365514 
0.138934 
0.131962 
0.0800622 
0.052365 
0.161688 
0.106933 
0.119352 
0.0730375 
0.121965 
0.102656 
0.132973 
0.145778 
0.0688517 
0.0672782 
0.0700923 
0.170709 
0.105334 
0.247844 
0.135241 
0.111817 
0.176309 
0.193892 
0.21699 
0.135128 
0.0654672 
0.157464 
0.0916827 
0.200801 
0.115575 
0.138174 
0.0890174 
0.109257 
0.0554122 
0.0925765 
0.0648978 
0.0849283 
0.156624 
0.11405 
0.16134 
0.0941271 
0.125578 
0.100037 
0.16415 
0.125984 
0.204598 
0.299676 
0.186536 
0.122203 
0.137672 
0.21168 
0.207523 
0.32984 
0.290335 
0.290771 
0.121113 
0.11092 
0.156072 
0.139163 
0.14299 
0.0765362 
0.108826 
0.0822679 
0.127294 
0.034422 
0.0840137 
0.0741595 
0.122188 
0.0975685 
0.188744 
0.244376 
0.161532 
