0
0.0880937 
0.121719 
0.0352057 
0.122729 
0.130921 
0.0875721 
0.0671548 
0.077341 
0.112378 
0.138638 
0.0782671 
0.250975 
0.242441 
0.245022 
0.0994051 
0.0795955 
0.114875 
0.0621469 
0.150906 
0.176526 
0.0975145 
0.111198 
0.0520615 
0.0832998 
0.060872 
0.116506 
0.194249 
0.156981 
0.149079 
0.0555206 
0.156283 
0.0969371 
0.0500267 
0.0755084 
0.136521 
0.161722 
0.08385 
0.0381126 
0.0787545 
0.0936245 
0.174297 
0.0863063 
0.0428059 
0.0684711 
0.0776668 
0.119571 
0.168565 
0.212942 
0.11091 
0.0621543 
0.0717319 
0.0405842 
0.0915993 
0.0523496 
0.0938733 
0.172449 
0.141902 
0.108393 
0.117695 
0.102359 
0.157782 
0.0872402 
0.104745 
0.151978 
0.146594 
0.0852014 
0.0362178 
0.0747093 
0.11566 
0.229989 
0.169455 
0.157894 
0.248399 
0.202002 
0.0304253 
0.0186985 
0.110457 
0.106993 
0.0375223 
0.128069 
0.117314 
0.113351 
0.0716438 
0.0830014 
0.059461 
0.0750264 
0.052405 
0.0591112 
0.132204 
0.183346 
0.100978 
0.0853377 
0.0854107 
0.104642 
0.0478348 
0.0782537 
0.0975535 
0.0938265 
0.0634284 
0.106779 
0.0499248 
0.0595136 
0.123459 
0.0734768 
0.0501319 
0.07498 
0.0588686 
0.0666658 
0.0954767 
0.0710789 
0.100924 
0.0676989 
0.0899159 
0.14879 
0.132703 
0.10395 
0.0760575 
0.080323 
0.206758 
0.191315 
0.140523 
0.0974254 
0.113093 
0.116159 
0.204266 
0.0593501 
0.227784 
0.150431 
0.0900028 
0.106831 
0.0416234 
0.0245722 
0.0753457 
0.151367 
0.0523854 
0.0889074 
0.175901 
0.154285 
0.107466 
0.107403 
0.0660136 
0.131079 
0.149708 
0.157749 
0.0489157 
0.0958753 
0.11767 
0.118432 
0.0801488 
