0
0.0804587 
0.0602588 
0.0820374 
0.040577 
0.096046 
0.0723967 
0.0590767 
0.0775781 
0.0263569 
0.0894562 
0.0906063 
0.107162 
0.0822112 
0.0599143 
0.0721266 
0.155723 
0.247691 
0.144239 
0.216011 
0.316184 
0.254577 
0.126033 
0.153026 
0.389497 
0.17172 
0.195331 
0.156105 
0.0475545 
0.0965758 
0.274502 
0.222107 
0.116141 
0.179436 
0.107668 
0.511327 
0.457925 
0.250248 
0.422303 
0.409178 
0.279236 
0.136761 
0.0912721 
0.15541 
0.0729521 
0.0473494 
0.49942 
0.556669 
0.475194 
0.21235 
0.234816 
0.172351 
0.132382 
0.0635974 
0.113297 
0.445914 
0.436548 
0.146228 
0.075151 
0.0872478 
0.12889 
0.0868396 
0.0868607 
0.119732 
0.0573256 
0.098146 
0.063549 
0.451897 
0.830686 
0.541788 
0.387535 
0.18233 
0.13472 
0.0426958 
0.639082 
0.240413 
0.556357 
0.624583 
0.427972 
0.388968 
0.229077 
0.137156 
0.163755 
0.134258 
0.0387907 
0.106088 
0.0981876 
0.177724 
0.333083 
0.18563 
0.485443 
0.231015 
0.0775655 
0.0903095 
0.174398 
0.123058 
0.0797546 
0.124987 
0.159682 
0.16405 
0.106887 
0.182731 
0.291301 
0.366031 
0.178659 
0.213113 
0.200615 
0.202751 
0.255962 
1.18095 
0.513837 
0.313739 
0.267701 
0.268303 
0.152451 
0.0752213 
0.127118 
0.098864 
0.269777 
0.25845 
0.191611 
0.160089 
0.0703842 
0.136558 
0.130205 
0.0563488 
0.161211 
0.167896 
0.0953659 
0.0655709 
0.145151 
0.147265 
0.0857487 
0.0493224 
0.115159 
0.0951312 
0.0661796 
0.071623 
0.130781 
0.141697 
0.102438 
0.128682 
0.0515197 
0.0434173 
0.0337317 
0.0651615 
0.0870731 
0.072488 
0.0145974 
0.0671014 
