0
0.105791 
0.135218 
0.213269 
0.160785 
0.0971358 
0.106495 
0.0705605 
0.0826268 
0.0667515 
0.137354 
0.182475 
0.185268 
0.16324 
0.145912 
0.0713502 
0.199416 
0.191183 
0.0978764 
0.0944907 
0.0951639 
0.115416 
0.0590132 
0.0848314 
0.158875 
0.126835 
0.183713 
0.175868 
0.110478 
0.104224 
0.0982302 
0.236069 
0.280736 
0.0448366 
0.107529 
0.0868676 
0.133172 
0.165738 
0.0958414 
0.0650076 
0.0759908 
0.154952 
0.150247 
0.151165 
0.0658398 
0.160698 
0.150382 
0.0926422 
0.11047 
0.104841 
0.057102 
0.0789364 
0.0884624 
0.130224 
0.0346871 
0.0451631 
0.0451719 
0.0648757 
0.112858 
0.0762486 
0.0700426 
0.0681393 
0.0673363 
0.0765045 
0.111095 
0.167366 
0.150902 
0.0993526 
0.122375 
0.0902981 
0.0899318 
0.0473658 
0.0892689 
0.0762319 
0.113893 
0.0789743 
0.0986033 
0.041325 
0.111956 
0.13174 
0.0328907 
0.0593878 
0.0710708 
0.131985 
0.0984312 
0.126338 
0.130607 
0.0518647 
0.0727624 
0.163666 
0.161773 
0.107517 
0.113986 
0.0844419 
0.0732537 
0.0585854 
0.09638 
0.116119 
0.0934492 
0.0792101 
0.066748 
0.0785931 
0.138174 
0.0890349 
0.0949587 
0.131344 
0.105573 
0.103078 
0.0647087 
0.0669662 
0.114401 
0.10606 
0.127628 
0.11228 
0.0341867 
0.0751687 
0.0993215 
0.139291 
0.110275 
0.128836 
0.0664205 
0.0902228 
0.0690866 
0.0755863 
0.0504696 
0.131266 
0.0901339 
0.0973807 
0.0818198 
0.0772066 
0.0818728 
0.128122 
0.0953381 
0.10441 
0.0662257 
0.112725 
0.121557 
0.0984585 
0.0884325 
0.122436 
0.0990211 
0.0958179 
0.108474 
0.144392 
0.145127 
0.115965 
0.0582581 
0.0902648 
0.101159 
0.138171 
