0
0.127364 
0.0909199 
0.0815306 
0.127288 
0.147832 
0.0647149 
0.0933934 
0.102929 
0.151074 
0.0704165 
0.070124 
0.119059 
0.0693362 
0.157827 
0.150355 
0.111612 
0.0875872 
0.18895 
0.0119212 
0.109687 
0.166548 
0.141579 
0.130875 
0.175392 
0.11031 
0.0700457 
0.109952 
0.172046 
0.144843 
0.143344 
0.0676856 
0.0785764 
0.0585264 
0.0859298 
0.111777 
0.0937961 
0.0511527 
0.131719 
0.197428 
0.220558 
0.136263 
0.0939981 
0.086993 
0.0688802 
0.0548961 
0.0521316 
0.0639802 
0.08296 
0.0164942 
0.097648 
0.0587344 
0.0468149 
0.122828 
0.0862495 
0.0976909 
0.0819208 
0.135333 
0.164609 
0.165833 
0.187648 
0.141262 
0.182031 
0.139336 
0.1452 
0.0999985 
0.0863073 
0.0477508 
0.0628392 
0.0749779 
0.0685036 
0.0293871 
0.0398255 
0.0678756 
0.102243 
0.114623 
0.0526068 
0.116349 
0.142734 
0.211895 
0.186483 
0.050419 
0.102846 
0.1243 
0.0589935 
0.0807541 
0.151753 
0.136217 
0.062957 
0.071474 
0.118928 
0.0323579 
0.0416211 
0.0911641 
0.125326 
0.158097 
0.160332 
0.128073 
0.08251 
0.127145 
0.139793 
0.0645629 
0.0385064 
0.151127 
0.181955 
0.157051 
0.147479 
0.174604 
0.139451 
0.0600978 
0.0757056 
0.117262 
0.0745055 
0.173865 
0.188402 
0.123753 
0.104822 
0.107901 
0.114937 
0.112194 
0.0730392 
0.068863 
0.107332 
0.112098 
0.134283 
0.0710438 
0.0433585 
0.0884398 
0.07861 
0.0892671 
0.153711 
0.108415 
0.174279 
0.120555 
0.115163 
0.128757 
0.0650429 
0.136411 
0.123362 
0.0845475 
0.0813923 
0.10312 
0.133678 
0.173959 
0.0747075 
0.0487339 
0.11863 
0.117947 
0.111969 
0.0798251 
