0
0.0906531 
0.233516 
0.152508 
0.148663 
0.0954215 
0.265251 
0.287343 
0.147025 
0.113671 
0.123857 
0.126101 
0.0767045 
0.139526 
0.12664 
0.216462 
0.129703 
0.0996935 
0.10992 
0.0835373 
0.199862 
0.159105 
0.70465 
0.0874734 
0.117159 
0.130391 
0.078802 
0.0397882 
0.118511 
0.119429 
0.135026 
0.202282 
0.173059 
0.128327 
0.14417 
0.138203 
0.164484 
0.0637451 
0.0788274 
0.195473 
0.157532 
0.209472 
0.188203 
0.0708403 
0.141825 
0.139796 
0.12126 
0.0691108 
0.0818065 
0.139012 
0.154009 
0.169687 
0.0992941 
0.0453672 
0.154512 
0.20052 
0.124983 
0.050183 
0.108186 
0.130003 
0.127319 
0.0835231 
0.0564366 
0.046105 
0.0523613 
0.14156 
0.0423035 
0.130152 
0.0665362 
0.0946612 
0.16032 
0.184413 
0.102859 
0.0709527 
0.123839 
0.058874 
0.128547 
0.196546 
0.0993648 
0.0751946 
0.105614 
0.03815 
0.0997444 
0.067372 
0.194894 
0.17506 
0.221427 
0.112426 
0.102674 
0.0904088 
0.124772 
0.127916 
0.130566 
0.173985 
0.125884 
0.0804637 
0.0801783 
0.155317 
0.148905 
0.146263 
0.197768 
0.123409 
0.397805 
0.436226 
0.165864 
0.056668 
0.0857188 
0.0747292 
0.0817431 
0.0849382 
0.13147 
0.100064 
0.128195 
0.147808 
0.0634487 
0.113992 
0.127013 
0.0993628 
0.130565 
0.185237 
0.208801 
0.162716 
0.0637709 
0.0967991 
0.10721 
0.0969935 
0.0956136 
0.155714 
0.102776 
0.138465 
0.191887 
0.14449 
0.118404 
0.122477 
0.146812 
0.206273 
0.133983 
0.0995117 
0.0657486 
0.0801215 
0.0571742 
0.154033 
0.103573 
0.165225 
0.0894492 
0.094193 
0.0907228 
0.167401 
0.0916516 
0.123096 
