0
0.196962 
0.180702 
0.106244 
0.123059 
0.089527 
0.249526 
0.237456 
0.134597 
0.114224 
0.105311 
0.0798389 
0.113966 
0.075496 
0.0685178 
0.0869174 
0.0654289 
0.109501 
0.154256 
0.131254 
0.145227 
0.122303 
0.0467539 
0.060709 
0.12859 
0.103015 
0.118893 
0.147676 
0.0941149 
0.0965761 
0.147965 
0.144343 
0.0298474 
0.0964758 
0.150519 
0.205171 
0.23331 
0.191008 
0.145156 
0.0969182 
0.269719 
0.303307 
0.0713318 
0.140687 
0.0888257 
0.118431 
0.222458 
0.148635 
0.14298 
0.136984 
0.135925 
0.103745 
0.157782 
0.121083 
0.148879 
0.0845433 
0.0330521 
0.122172 
0.145285 
0.115771 
0.159138 
0.175777 
0.153077 
0.0576429 
0.126639 
0.103059 
0.0704383 
0.0901363 
0.12158 
0.0668225 
0.050573 
0.0744391 
0.0945006 
0.0593147 
0.0647436 
0.0116429 
0.069975 
0.0859229 
0.0942407 
0.100541 
0.0831876 
0.179393 
0.139043 
0.130503 
0.086511 
0.0544982 
0.0396037 
0.0830321 
0.0913152 
0.107766 
0.105589 
0.181697 
0.0571135 
0.0898933 
0.0735113 
0.177195 
0.110454 
0.099634 
0.162163 
0.148876 
0.102858 
0.089886 
0.140698 
0.0861894 
0.0608568 
0.181118 
0.158333 
0.0256328 
0.139807 
0.153305 
0.0758552 
0.106556 
0.160161 
0.137862 
0.134449 
0.15089 
0.0852593 
0.0604457 
0.0812437 
0.212352 
0.0840257 
0.111448 
0.13438 
0.14746 
0.0693792 
0.138246 
0.117025 
0.0839289 
0.146675 
0.190648 
0.203869 
0.174923 
0.098122 
0.147129 
0.266667 
0.183261 
0.185754 
0.15165 
0.306431 
0.184805 
0.17324 
0.136628 
0.101112 
0.143084 
0.0952856 
0.142628 
0.138333 
0.114794 
0.117967 
0.133494 
