0
0.0748786 
0.0967618 
0.0863454 
0.124473 
0.0864987 
0.137047 
0.106624 
0.0937146 
0.109208 
0.109577 
0.062566 
0.0461692 
0.0467525 
0.12245 
0.113965 
0.0759546 
0.0518358 
0.0743469 
0.0975235 
0.225406 
0.259542 
0.0993699 
0.0368538 
0.0698178 
0.120476 
0.164938 
0.0618052 
0.0718314 
0.0792297 
0.104636 
0.0706838 
0.081289 
0.298056 
0.299475 
0.0744585 
0.0905655 
0.0809831 
0.0429315 
0.0710047 
0.132919 
0.180594 
0.143385 
0.125341 
0.156461 
0.0697668 
0.0815928 
0.0682938 
0.0953929 
0.0898464 
0.0737051 
0.138595 
0.0873692 
0.0436623 
0.100414 
0.069686 
0.126537 
0.142526 
0.132999 
0.0716649 
0.0559465 
0.182044 
0.124675 
0.144988 
0.367907 
0.391065 
0.11674 
0.0669764 
0.10566 
0.106561 
0.107941 
0.0738976 
0.0873343 
0.0615051 
0.0636096 
0.130369 
0.103459 
0.121851 
0.0806096 
0.101016 
0.0985598 
0.119945 
0.109238 
0.085051 
0.120578 
0.0983144 
0.0810776 
0.0576078 
0.100334 
0.122345 
0.107402 
0.0496264 
0.0896469 
0.159214 
0.144823 
0.109117 
0.127365 
0.0933033 
0.0933762 
0.0414032 
0.0576992 
0.11131 
0.0972683 
0.105443 
0.107456 
0.136425 
0.190799 
0.136957 
0.111668 
0.112865 
0.0816027 
0.0947181 
0.0769818 
0.0986825 
0.0440123 
0.151943 
0.132776 
0.142206 
0.10116 
0.140202 
0.179514 
0.0856654 
0.0510556 
0.117563 
0.127397 
0.159575 
0.171908 
0.224114 
0.211941 
0.152609 
0.147442 
0.168575 
0.169337 
0.149244 
0.0746449 
0.164456 
0.136264 
0.116515 
0.0950084 
0.0941717 
0.0896633 
0.0683092 
0.0979687 
0.0671219 
0.069302 
0.102397 
0.138118 
0.197381 
0.11766 
0.0926272 
