0
0.13086 
0.156007 
0.127513 
0.109031 
0.101531 
0.149627 
0.171753 
0.196087 
0.108899 
0.106268 
0.157238 
0.170718 
0.101894 
0.0970753 
0.122035 
0.0793822 
0.131789 
0.206411 
0.131687 
0.123726 
0.167082 
0.179564 
0.123483 
0.108341 
0.0802016 
0.0902428 
0.0879768 
0.131479 
0.10997 
0.141375 
0.142204 
0.155299 
0.194756 
0.156916 
0.105324 
0.222499 
0.184825 
0.146023 
0.121637 
0.210783 
0.16212 
0.170025 
0.138354 
0.0919575 
0.282909 
0.261222 
0.0929947 
0.0753558 
0.109377 
0.0839561 
0.149966 
0.182769 
0.164129 
0.0816948 
0.105295 
0.11216 
0.141394 
0.153962 
0.125152 
0.0696306 
0.0640506 
0.156007 
0.128973 
0.0563241 
0.103238 
0.0953323 
0.105404 
0.13493 
0.154914 
0.105541 
0.120802 
0.0838277 
0.139271 
0.102158 
0.167215 
0.0593245 
0.0920701 
0.0870555 
0.193166 
0.0916217 
0.0987607 
0.0778974 
0.162372 
0.0894465 
0.133951 
0.0387954 
0.115266 
0.15085 
0.159878 
0.103446 
0.101426 
0.0311686 
0.12235 
0.113836 
0.0561891 
0.154075 
0.0825568 
0.132789 
0.178561 
0.0983594 
0.116484 
0.134441 
0.0871077 
0.167604 
0.107157 
0.1019 
0.149047 
0.0671743 
0.176284 
0.189614 
0.169954 
0.220141 
0.0870328 
0.10118 
0.11462 
0.130412 
0.0632457 
0.0705681 
0.0666043 
0.133309 
0.174973 
0.243189 
0.172426 
0.0896725 
0.082811 
0.156873 
0.183721 
0.132224 
0.152144 
0.135583 
0.130861 
0.0618225 
0.148431 
0.123106 
0.15054 
0.279313 
0.165049 
0.0950393 
0.117318 
0.0668645 
0.086858 
0.118407 
0.091744 
0.126879 
0.0103233 
0.0855467 
0.0618506 
0.0441847 
0.0778836 
