0
0.271095 
0.141514 
0.115549 
0.0400206 
0.155954 
0.0755732 
0.0486787 
0.0904814 
0.199062 
0.150144 
0.169905 
0.161276 
0.154082 
0.0617725 
0.111672 
0.0916979 
0.185041 
0.164702 
0.0763036 
0.0893631 
0.0995263 
0.118294 
0.0800414 
0.13826 
0.230056 
0.101437 
0.218055 
0.519767 
0.186886 
0.190322 
0.228153 
0.161605 
0.123099 
0.0686676 
0.228217 
0.246346 
0.120235 
0.14902 
0.135654 
0.12508 
0.173205 
0.160403 
0.144181 
0.283455 
0.326646 
0.367558 
0.261568 
0.338561 
0.204804 
0.150772 
0.139775 
0.089403 
0.0692125 
0.153517 
0.246563 
0.200973 
0.14334 
0.1941 
0.219494 
0.0533852 
0.0141911 
0.0576897 
0.218576 
0.137614 
0.115353 
0.10631 
0.0857359 
0.0782383 
0.145421 
0.0829724 
0.12011 
0.160113 
0.0676354 
0.106707 
0.0492052 
0.109342 
0.209476 
0.173908 
0.288925 
0.28036 
0.188039 
0.105061 
0.0834986 
0.0831015 
0.180341 
0.154545 
0.0774485 
0.044994 
0.175112 
0.12746 
0.0498504 
0.0927608 
0.0914142 
0.0717952 
0.0802961 
0.0868094 
0.0794624 
0.1526 
0.17568 
0.0652709 
0.0948182 
0.0438309 
0.0615432 
0.0773709 
0.0639603 
0.0705603 
0.0824746 
0.163047 
0.0869808 
0.0655215 
0.156338 
0.0318707 
0.0855696 
0.130614 
0.112478 
0.0469778 
0.0996014 
0.238319 
0.228174 
0.207162 
0.122138 
0.113747 
0.215446 
0.543724 
0.24364 
0.0776476 
0.186478 
0.17702 
0.1025 
0.104929 
0.0370844 
0.12152 
0.113866 
0.124237 
0.21161 
0.241978 
0.378609 
0.096447 
0.262749 
0.194949 
0.147104 
0.103362 
0.176703 
0.12698 
0.089788 
0.0757036 
0.106166 
0.0491722 
0.0897315 
