0
0.108158 
0.0890297 
0.0833099 
0.0424062 
0.0503802 
0.120326 
0.142618 
0.123941 
0.110463 
0.0893995 
0.0810202 
0.0749629 
0.142018 
0.096405 
0.140713 
0.0916627 
0.0359755 
0.0614607 
0.0580594 
0.0970253 
0.0901542 
0.123507 
0.172459 
0.0765158 
0.0736611 
0.0820363 
0.067103 
0.0681123 
0.110727 
0.0793983 
0.0944452 
0.0291211 
0.0557334 
0.0907526 
0.0431074 
0.0564351 
0.0739084 
0.0763577 
0.0897643 
0.0793718 
0.0673032 
0.105651 
0.0693899 
0.0968768 
0.105288 
0.0912349 
0.0538399 
0.0527704 
0.0731306 
0.0746602 
0.0271377 
0.0606741 
0.127454 
0.150789 
0.163553 
0.103167 
0.0842193 
0.0772537 
0.113343 
0.11989 
0.0820915 
0.103356 
0.115643 
0.13374 
0.187599 
0.260422 
0.101868 
0.0399208 
0.0735882 
0.0735579 
0.112012 
0.108946 
0.126975 
0.0996406 
0.0971869 
0.0512866 
0.105506 
0.126557 
0.20718 
0.161357 
0.0742677 
0.15693 
0.162479 
0.134667 
0.0486736 
0.114357 
0.0787748 
0.0676863 
0.087419 
0.0402963 
0.0740776 
0.100499 
0.0961935 
0.0554774 
0.0480333 
0.0532124 
0.0510993 
0.129963 
0.165519 
0.175561 
0.0614168 
0.0523324 
0.0925235 
0.0834934 
0.164076 
0.118846 
0.0436087 
0.0603944 
0.0499068 
0.0556809 
0.0371666 
0.0771793 
0.144945 
0.18616 
0.112175 
0.0489844 
0.0514227 
0.0463126 
0.140139 
0.12331 
0.108559 
0.0361895 
0.0855488 
0.102018 
0.066148 
0.0881676 
0.13659 
0.105277 
0.0760828 
0.115272 
0.0990224 
0.0770869 
0.0631135 
0.0654069 
0.0536348 
0.0897519 
0.116676 
0.133065 
0.140402 
0.0326351 
0.0522857 
0.0846605 
0.160085 
0.130536 
0.111358 
0.098701 
0.0790491 
0.0585937 
0.103376 
