0
0.132209 
0.146687 
0.0764897 
0.0552135 
0.0727354 
0.100484 
0.125512 
0.140322 
0.0641436 
0.0922636 
0.0727482 
0.14794 
0.0711861 
0.111012 
0.0904628 
0.0611489 
0.1036 
0.0958636 
0.0512026 
0.114894 
0.0706028 
0.0516948 
0.0404735 
0.108153 
0.036335 
0.103 
0.0945096 
0.101749 
0.0871872 
0.0644834 
0.0702406 
0.123641 
0.168695 
0.0777078 
0.0998029 
0.114176 
0.0858869 
0.0811491 
0.0304512 
0.105158 
0.0623922 
0.0365352 
0.0678471 
0.0739558 
0.069882 
0.0707348 
0.0676265 
0.087017 
0.103212 
0.398621 
0.280823 
0.0877812 
0.136711 
0.120379 
0.205027 
0.154771 
0.0831535 
0.0631005 
0.0623662 
0.124709 
0.0750975 
0.0376965 
0.0792975 
0.0249781 
0.0862552 
0.065359 
0.0948447 
0.079955 
0.063055 
0.0622325 
0.0668901 
0.0229571 
0.0909163 
0.0807609 
0.120464 
0.0591119 
0.125425 
0.126537 
0.147448 
0.0546948 
0.0754542 
0.033482 
0.0412186 
0.0399424 
0.0877978 
0.16375 
0.0519348 
0.0852722 
0.156738 
0.205964 
0.196978 
0.178377 
0.0532249 
0.175068 
0.102813 
0.0625295 
0.0793598 
0.058682 
0.104404 
0.0945358 
0.0687486 
0.0945965 
0.124376 
0.0753535 
0.0615521 
0.0764278 
0.0389284 
0.0753786 
0.183429 
0.113652 
0.0616047 
0.0918557 
0.0736523 
0.078076 
0.0344311 
0.0288506 
0.110143 
0.0763996 
0.0631451 
0.0720627 
0.0594839 
0.109517 
0.0540859 
0.0581289 
0.115689 
0.08001 
0.304926 
0.142025 
0.131562 
0.0591891 
0.188873 
0.131516 
0.12184 
0.0906171 
0.0514264 
0.0673045 
0.1207 
0.0934334 
0.115556 
0.0732114 
0.115706 
0.0541211 
0.101458 
0.0391376 
0.0723833 
0.0530756 
0.0580199 
0.0442581 
0.0753058 
