0
0.172564 
0.0895036 
0.105995 
0.0771124 
0.130338 
0.165879 
0.126039 
0.103209 
0.092081 
0.0615479 
0.110751 
0.196343 
0.170711 
0.168056 
0.118642 
0.0231321 
0.0851585 
0.0819031 
0.166084 
0.0547876 
0.106689 
0.173384 
0.0818077 
0.126591 
0.173622 
0.173796 
0.0698749 
0.068537 
0.0897972 
0.0654405 
0.143038 
0.15512 
0.138625 
0.117829 
0.291456 
0.2318 
0.173422 
0.0753265 
0.0928062 
0.135962 
0.0891096 
0.154703 
0.173287 
0.268331 
0.187635 
0.0554749 
0.232127 
0.285182 
0.170387 
0.097931 
0.152249 
0.128164 
0.0372239 
0.766089 
0.550331 
0.694087 
0.387591 
0.124076 
0.195107 
0.146918 
0.175846 
0.0989264 
0.223736 
0.15002 
0.0829862 
0.0460876 
0.12014 
0.128122 
0.324933 
0.201319 
0.179304 
0.142779 
0.0817137 
0.0467636 
0.023731 
0.180738 
0.200052 
0.184994 
0.221181 
0.23503 
0.282748 
0.192904 
0.344453 
0.0888695 
0.0517666 
0.0607507 
0.155905 
0.0958405 
0.0639824 
0.063197 
0.144305 
0.117603 
0.210454 
0.147723 
0.168964 
0.196447 
0.141701 
0.159227 
0.196044 
0.0900782 
0.12566 
0.187233 
0.213252 
0.214064 
1.18739 
0.636211 
0.617127 
0.33659 
0.182899 
0.12137 
0.0832352 
0.121847 
0.21138 
0.12006 
0.0779599 
0.0804153 
0.0975075 
0.0556765 
0.107295 
0.215363 
0.110578 
0.0692929 
0.0894046 
0.0860019 
0.149758 
0.175284 
0.148877 
0.14296 
0.0955253 
0.0537368 
0.0838235 
0.131277 
0.109503 
0.152832 
0.127051 
0.110798 
0.0752493 
0.0649251 
1.12453 
0.408718 
0.43852 
0.233343 
0.490706 
0.280125 
0.097871 
0.155706 
0.143223 
0.0948467 
0.0544282 
