0
0.121679 
0.0905522 
0.0988294 
0.0110424 
0.0274984 
0.0767518 
0.114845 
0.0255493 
0.0989201 
0.082781 
0.0462323 
0.100288 
0.134659 
0.146915 
0.0769689 
0.0427044 
0.0583404 
0.130272 
0.0691419 
0.0750135 
0.12654 
0.083704 
0.0456391 
0.0652885 
0.117808 
0.188054 
0.162815 
0.0985828 
0.132063 
0.186301 
0.174731 
0.0685536 
0.0588941 
0.0871123 
0.0350628 
0.0855943 
0.112354 
0.0466216 
0.0701382 
0.0899691 
0.0986253 
0.114076 
0.12888 
0.139381 
0.145725 
0.155139 
0.133 
0.0818169 
0.0850865 
0.0847607 
0.124947 
0.140169 
0.116899 
0.160538 
0.192871 
0.199559 
0.127843 
0.131063 
0.148817 
0.0849018 
0.104173 
0.0680047 
0.120636 
0.142375 
0.0891824 
0.0475721 
0.0299113 
0.106369 
0.132473 
0.115756 
0.109404 
0.080317 
0.0516318 
0.0829586 
0.0901715 
0.0918541 
0.0592888 
0.0395476 
0.0589653 
0.121289 
0.182367 
0.116119 
0.0238468 
0.0630106 
0.0969955 
0.104889 
0.139727 
0.101662 
0.115453 
0.0870146 
0.0841977 
0.0849854 
0.165217 
0.198741 
0.217105 
0.209787 
0.0998767 
0.0554564 
0.0737844 
0.167321 
0.113105 
0.141146 
0.0934756 
0.105266 
0.147122 
0.0375632 
0.115844 
0.0917889 
0.134403 
0.135835 
0.100623 
0.101216 
0.0909052 
0.0557139 
0.0732535 
0.0834467 
0.0662541 
0.105387 
0.0673813 
0.119413 
0.124247 
0.120319 
0.142145 
0.125832 
0.110545 
0.162766 
0.127605 
0.218532 
0.227022 
0.131068 
0.0948753 
0.0636526 
0.100481 
0.079529 
0.0637556 
0.0591636 
0.0972267 
0.170105 
0.159389 
0.0883016 
0.0773938 
0.0675916 
0.0996727 
0.13021 
0.109624 
0.093613 
0.0816373 
0.076537 
0.0914349 
