0
0.10838 
0.0946623 
0.106509 
0.0428605 
0.112801 
0.0937309 
0.127437 
0.121812 
0.112418 
0.126902 
0.271442 
0.161155 
0.138826 
0.0780206 
0.0710454 
0.0343405 
0.114656 
0.235649 
0.236529 
0.273246 
0.108897 
0.124324 
0.157931 
0.181665 
0.102665 
0.181434 
0.144983 
0.15859 
0.390685 
0.262431 
0.109444 
0.116784 
0.0907874 
0.223294 
0.0731997 
0.176555 
0.115474 
0.0969569 
0.177812 
0.100932 
0.20669 
0.145226 
0.188263 
0.155526 
0.12647 
0.114195 
0.193421 
0.20391 
0.270025 
0.212397 
0.164474 
0.0892971 
0.054914 
0.0617783 
0.143652 
0.19867 
0.274969 
0.253375 
0.200058 
0.194002 
0.163512 
0.151793 
0.106341 
0.140257 
0.354591 
0.224007 
0.169558 
0.0846292 
0.129107 
0.220634 
0.164783 
0.0385779 
0.0898381 
0.180237 
0.09114 
0.170421 
0.115514 
0.10515 
0.181683 
0.112844 
0.0792258 
0.0517339 
0.0490331 
0.201015 
0.0934844 
0.133778 
0.106673 
0.176507 
0.0933264 
0.0946081 
0.161734 
0.118549 
0.101534 
0.137019 
0.119391 
0.0284378 
0.148013 
0.0508323 
0.144787 
0.20887 
0.160072 
0.100519 
0.191099 
0.223112 
0.267907 
0.107599 
0.12557 
0.10372 
0.113883 
0.119696 
0.146363 
0.119478 
0.122159 
0.144083 
0.169208 
0.524841 
0.38561 
0.112757 
0.126 
0.126563 
0.173348 
0.164937 
0.116383 
0.137235 
0.163318 
0.107143 
0.108135 
0.084845 
0.172503 
0.236558 
0.257397 
0.23729 
0.0701029 
0.244971 
0.18648 
0.156608 
0.0722851 
0.0894994 
0.0479982 
0.0624122 
0.262749 
0.178021 
0.119066 
0.12665 
0.108932 
0.169736 
0.117383 
0.148693 
0.110895 
