0
0.0754042 
0.156607 
0.0793125 
0.093597 
0.0769472 
0.0914453 
0.0940537 
0.124409 
0.156952 
0.170931 
0.161471 
0.093749 
0.132977 
0.0908002 
0.0946722 
0.139126 
0.0915365 
0.141978 
0.1142 
0.0757891 
0.151587 
0.0914372 
0.0612965 
0.0567545 
0.0822369 
0.105268 
0.135587 
0.092608 
0.0701569 
0.0818281 
0.0674727 
0.0722842 
0.0612093 
0.068393 
0.142325 
0.123401 
0.0880866 
0.111399 
0.128978 
0.0563408 
0.0710114 
0.109191 
0.0922816 
0.146736 
0.119406 
0.097655 
0.05979 
0.0529645 
0.0535646 
0.0482742 
0.0606526 
0.0599429 
0.0656939 
0.083417 
0.106051 
0.0873202 
0.111916 
0.1345 
0.110071 
0.112958 
0.134642 
0.111657 
0.103187 
0.0611036 
0.105192 
0.0754723 
0.06653 
0.0603313 
0.151107 
0.0796408 
0.0758691 
0.0582221 
0.026022 
0.0680845 
0.0530085 
0.0524045 
0.0524289 
0 
0.0232566 
0.108638 
0.0703233 
0.0822953 
0.0227743 
0.0381587 
0.0323035 
0.0474081 
0.0803176 
0.0436317 
0.0824829 
0.0912092 
0.103942 
0.131177 
0.0630103 
0.0697499 
0.07913 
0.0623089 
0.0754294 
0.0988758 
0.0879518 
0.125464 
0.12686 
0.124629 
0.0772267 
0.169809 
0.127533 
0.0783292 
0.0906068 
0.0905661 
0.0275913 
0.0800155 
0.0728758 
0.0561866 
0.0389827 
0.0891489 
0.120713 
0.117159 
0.134032 
0.103722 
0.108647 
0.086332 
0.0580038 
0.118931 
0.0387303 
0.0186439 
0.0480224 
0.080505 
0.0742474 
0.0354418 
0.134086 
0.156215 
0.102403 
0.276979 
0.235236 
0.151754 
0.0697942 
0.129312 
0.0787671 
0.119774 
0.0260722 
0.138271 
0.098137 
0.0810689 
0.133934 
0.107368 
0.0646754 
0.0687083 
0.0698864 
0.0769359 
0.129262 
