0
0.058587 
0.0275588 
0.0759512 
0.119402 
0.160587 
0.18877 
0.0571579 
0.0897527 
0.132876 
0.206707 
0.197151 
0.119466 
0.16846 
0.100041 
0.0963654 
0.126528 
0.141905 
0.129279 
0.199788 
0.259964 
0.198773 
0.126074 
0.0313376 
0.159614 
0.211911 
0.0838523 
0.109544 
0.140249 
0.0543843 
0.113426 
0.124025 
0.157553 
0.114656 
0.076969 
0.0739021 
0.0815185 
0.116348 
0.137854 
0.177653 
0.122706 
0.0693319 
0.139816 
0.0892617 
0.0950499 
0.0705515 
0.0711327 
0.0839895 
0.0703174 
0.0759609 
0.120282 
0.143831 
0.160624 
0.136199 
0.0807826 
0.0823921 
0.16037 
0.119703 
0.0561665 
0.0927811 
0.144173 
0.0988269 
0.170652 
0.213468 
0.17203 
0.171351 
0.120157 
0.0743732 
0.0595214 
0.112266 
0.125829 
0.0528783 
0.0863255 
0.0910164 
0.0790094 
0.0952944 
0.137591 
0.0967062 
0.150312 
0.172355 
0.165296 
0.0557928 
0.16965 
0.220508 
0.134265 
0.0997524 
0.157501 
0.176385 
0.206795 
0.235953 
0.148141 
0.139204 
0.0926626 
0.113849 
0.120875 
0.118677 
0.0948412 
0.21651 
0.245967 
0.109468 
0.176984 
0.10827 
0.129534 
0.106571 
0.114532 
0.166188 
0.0875678 
0.0875447 
0.103582 
0.113162 
0.0787406 
0.118635 
0.098725 
0.110656 
0.169719 
0.190751 
0.107809 
0.153568 
0.115914 
0.143105 
0.11435 
0.105797 
0.180532 
0.137383 
0.0731902 
0.0861211 
0.0987986 
0.0701157 
0.104949 
0.107584 
0.121681 
0.176948 
0.143223 
0.0627862 
0.145543 
0.192245 
0.086009 
0.108541 
0.131574 
0.0954655 
0.065285 
0.146915 
0.0765121 
0.0874212 
0.12384 
0.0999325 
0.106287 
0.125141 
0.0726805 
0.189983 
