0
0.101118 
0.126785 
0.0667069 
0.181268 
0.162177 
0.111032 
0.18681 
0.0776704 
0.109715 
0.107466 
0.088505 
0.0906618 
0.196491 
0.186189 
0.135598 
0.11419 
0.076658 
0.0535161 
0.0950196 
0.0904295 
0.0997198 
0.167465 
0.16095 
0.151513 
0.187428 
0.0959829 
0.113076 
0.097969 
0.0390034 
0.107461 
0.119239 
0.55982 
0.351123 
0.395798 
0.580618 
0.194041 
0.0721182 
0.139974 
0.140968 
0.0976121 
0.197188 
0.109545 
0.144388 
0.215138 
0.243156 
0.152447 
0.103625 
0.0676955 
0.206008 
0.169794 
0.103343 
0.140918 
0.170294 
0.201149 
0.160347 
0.157969 
0.143914 
0.150309 
0.083794 
0.106314 
0.0924987 
0.121805 
0.10979 
0.108412 
0.105085 
0.0835654 
0.0702608 
0.0897876 
0.149233 
0.056537 
0.07665 
0.117748 
0.108697 
0.042075 
0.0685241 
0.101207 
0.0599882 
0.0832671 
0.103105 
0.111931 
0.0629971 
0.0935514 
0.129028 
0.135063 
0.167126 
0.0974124 
0.0346475 
0.0218102 
0.142178 
0.098362 
0.096254 
0.0987699 
0.0956112 
0.0568777 
0.0175667 
0.0911835 
0.124166 
0.174653 
0.0715673 
0.0306752 
0.0782659 
0.0860135 
0.131226 
0.0555072 
0.113377 
0.0788964 
0.159775 
0.119598 
0.0827494 
0.0978474 
0.170291 
0.175164 
0.167682 
0.150829 
0.0661142 
0.138356 
0.121645 
0.156284 
0.120818 
0.0916685 
0.105732 
0.121126 
0.144019 
0.205571 
0.243242 
0.161371 
0.194869 
0.374343 
0.213121 
0.125352 
0.113355 
0.255288 
0.230755 
0.17707 
0.228887 
0.120185 
0.160695 
0.241017 
0.134456 
0.0988526 
0.152115 
0.210453 
0.111514 
0.0882579 
0.0758385 
0.213444 
0.163512 
0.289074 
0.35198 
