0
0.0517971 
0.128601 
0.0450298 
0.077642 
0.177634 
0.211096 
0.117755 
0.139647 
0.0820292 
0.183335 
0.182254 
0.113651 
0.123365 
0.171627 
0.0880882 
0.053428 
0.106833 
0.0658472 
0.117057 
0.177668 
0.208655 
0.0799317 
0.0995932 
0.0611551 
0.063669 
0.159109 
0.177547 
0.11838 
0.137009 
0.202016 
0.139617 
0.162488 
0.147896 
0.117808 
0.0616255 
0.0928234 
0.0718675 
0.165878 
0.108937 
0.0815624 
0.0286058 
0.17914 
0.171711 
0.0744375 
0.0716906 
0.105449 
0.136124 
0.182238 
0.09055 
0.052206 
0.0978844 
0.124546 
0.121765 
0.0949495 
0.0889062 
0.101744 
0.136887 
0.0541795 
0.162411 
0.185368 
0.126047 
0.0704053 
0.0524099 
0.0796259 
0.114784 
0.0604591 
0.160439 
0.0471698 
0.0951332 
0.0931086 
0.123019 
0.24466 
0.307744 
0.258543 
0.205197 
0.265289 
0.278397 
0.184292 
0.212106 
0.258387 
0.271235 
0.148494 
0.119893 
0.0772709 
0.0880552 
0.123193 
0.0980693 
0.185715 
0.233682 
0.10331 
0.12326 
0.241862 
0.274575 
0.124601 
0.062216 
0.0655624 
0.135982 
0.0826913 
0.105353 
0.171029 
0.0849465 
0.117149 
0.113054 
0.13508 
0.273983 
0.214339 
0.110195 
0.216249 
0.253869 
0.103324 
0.0662295 
0.0857298 
0.0876713 
0.148147 
0.185067 
0.143155 
0.0975611 
0.0541622 
0.202517 
0.18933 
0.0710157 
0.136979 
0.0658641 
0.117092 
0.10728 
0.0620798 
0.083491 
0.117831 
0.0641787 
0.121764 
0.104874 
0.0709471 
0.0823872 
0.0793005 
0.210684 
0.115121 
0.127133 
0.112815 
0.0447268 
0.0614846 
0.109878 
0.0876002 
0.117708 
0.196723 
0.217201 
0.122729 
0.09386 
0.156431 
0.150965 
