0
0.253 
0.305936 
0.250018 
0.194099 
0.207527 
0.176682 
0.178503 
0.197535 
0.129341 
0.0967111 
0.18302 
0.124247 
0.179391 
0.251296 
0.0891769 
0.155111 
0.197566 
0.1248 
0.19927 
0.198573 
0.216804 
0.187954 
0.138787 
0.139144 
0.185678 
0.0721606 
0.0343069 
0.105978 
0.125112 
0.142174 
0.0801012 
0.115941 
0.0308526 
0.151767 
0.219488 
0.204204 
0.0875204 
0.033813 
0.126229 
0.181985 
0.166696 
0.21646 
0.122377 
0.078404 
0.135389 
0.193538 
0.194382 
0.206495 
0.189094 
0.207748 
0.190376 
0.172778 
0.1187 
0.242408 
0.25038 
0.053966 
0.248496 
0.221525 
0.0666555 
0.397034 
0.468405 
0.184389 
0.396833 
0.341515 
0.0738869 
0.317993 
0.337084 
0.127008 
0.124134 
0.0809396 
0.119897 
0.14957 
0.307857 
0.249354 
0.0855211 
0.167849 
0.12761 
0.121328 
0.0602869 
0.112527 
0.0998409 
0.0684163 
0.120581 
0.131452 
0.0697429 
0.0530856 
0.0892413 
0.0338934 
0.0466694 
0.0802264 
0.110788 
0.182634 
0.274412 
0.188873 
0.0757394 
0.0435109 
0.0995538 
0.113518 
0.132211 
0.127465 
0.177923 
0.0419554 
0.153076 
0.195088 
0.203569 
0.228987 
0.174304 
0.276246 
0.134433 
0.244355 
0.0956659 
0.12704 
0.119445 
0.126663 
0.18612 
0.197555 
0.108107 
0.122282 
0.0637686 
0.0977914 
0.127962 
0.0644269 
0.104456 
0.0687993 
0.0347757 
0.0614516 
0.138375 
0.0471419 
0.148775 
0.195514 
0.104679 
0.127341 
0.137278 
0.119416 
0.139121 
0.233389 
0.252839 
0.247985 
0.212964 
0.135535 
0.214493 
0.308128 
0.300723 
0.196946 
0.101165 
0.285476 
0.32756 
0.105954 
0.240357 
