0
0.0939624 
0.0435924 
0.161583 
0.0580787 
0.054591 
0.0453636 
0.148635 
0.159292 
0.142191 
0.103039 
0.0885034 
0.124543 
0.0873855 
0.128299 
0.140867 
0.133543 
0.0557025 
0.0660812 
0.119614 
0.0470123 
0.0560638 
0.154171 
0.175953 
0.257074 
0.146956 
0.125586 
0.121416 
0.140425 
0.103487 
0.113894 
0.105911 
0.118631 
0.212873 
0.205877 
0.130789 
0.143192 
0.0632463 
0.136906 
0.0848054 
0.0775692 
0.0439537 
0.0537575 
0.102521 
0.163111 
0.155372 
0.106343 
0.175773 
0.084211 
0.0355458 
0.115565 
0.0534307 
0.0577361 
0.106962 
0.0826546 
0.147166 
0.0919381 
0.0930542 
0.112838 
0.107101 
0.105641 
0.0404462 
0.137824 
0.085723 
0.127735 
0.0938774 
0.0936804 
0.0871254 
0.147194 
0.191318 
0.152808 
0.0680375 
0.0782447 
0.0857357 
0.0578997 
0.0547705 
0.0549161 
0.116668 
0.0653809 
0.0890592 
0.072714 
0.0576481 
0.0495633 
0.104604 
0.144428 
0.115063 
0.103574 
0.0858201 
0.116952 
0.0855386 
0.110709 
0.0532102 
0.0677572 
0.053599 
0.0205255 
0.0926368 
0.0777609 
0.0840609 
0.0924697 
0.111107 
0.147193 
0.224772 
0.203411 
0.124941 
0.132141 
0.083475 
0.108599 
0.110121 
0.0595904 
0.0820939 
0.0795864 
0.0527391 
0.0622143 
0.0630169 
0.105113 
0.0782693 
0.132468 
0.190544 
0.0666315 
0.0770813 
0.0946391 
0.0642712 
0.0527498 
0.109395 
0.0981877 
0.238872 
0.0967524 
0.103532 
0.119339 
0.056205 
0.0967142 
0.0840889 
0.0433064 
0.153619 
0.120769 
0.06024 
0.0937065 
0.167581 
0.0613203 
0.107854 
0.159641 
0.556521 
0.51612 
0.260401 
0.0620501 
0.0638298 
0.0998868 
0.0652008 
0.136602 
0.0650619 
