0
0.0756904 
0.0399837 
0.0805994 
0.0740422 
0.0712102 
0.0790763 
0.0671366 
0.0309184 
0.0817852 
0.10811 
0.0724475 
0.062615 
0.0270527 
0.0266862 
0.030336 
0.0514179 
0.0229635 
0.0755218 
0.0300182 
0.0320221 
0.0565539 
0.0478663 
0.0513877 
0.0453564 
0.0636053 
0.0503252 
0.177237 
0.0510952 
0.158349 
0.0812428 
0.0454993 
0.0573077 
0.216974 
0.179668 
0.0588376 
0.0777972 
0.0581236 
0.154373 
0.38815 
0.169505 
0.0736494 
0.0487658 
0.044606 
0.0381206 
0.0751739 
0.0688839 
0.108121 
0.0979404 
0.0634239 
0.0403533 
0.0601695 
0.103746 
0.049156 
0.0512074 
0.0464563 
0.0601393 
0.0366128 
0.0726624 
0.0665428 
0.0529962 
0.0594471 
0.0590499 
0.0327284 
0.038987 
0.0403868 
0.0467603 
0.039083 
0.0555763 
0.0680185 
0.028902 
0.068355 
0.00922965 
0.0217478 
0.0739247 
0.0656084 
0.0474244 
0.0622831 
0.0109251 
0.0335992 
0.0632233 
0.0489043 
0.0622789 
0.0412788 
0.0502807 
0.0709054 
0.0610829 
0.101442 
0.0587924 
0.105144 
0.0414556 
0.0503874 
0.0393495 
0.050589 
0.0568683 
0.040041 
0.013382 
0.0132009 
0.0497571 
0.137423 
0.0663804 
0.0635155 
0.0253878 
0.0610447 
0.114569 
0.0427304 
0.0572651 
0.0642533 
0.0437156 
0.0566309 
0.0842963 
0.117568 
0.126932 
0.0606647 
0.0647356 
0.041132 
0.0634298 
0.0516266 
0.0579442 
0.0416048 
