0
0.0692922 
0.0592858 
0.0742619 
0.0483253 
0.0775534 
0.102587 
0.0570838 
0.0553361 
0.0546284 
0.0586997 
0.0542517 
0.0609611 
0.0911104 
0.0503669 
0.0411757 
0.0747556 
0.0566519 
0.0393231 
0.0403887 
0.0473135 
0.0731752 
0.0445765 
0.0694118 
0.030789 
0.0331362 
0.0438284 
0.050996 
0.0584136 
0.0348121 
0.0564214 
0.0723496 
0.0392695 
0.0427618 
0.0876937 
0.0802845 
0.048411 
0.0346894 
0.0559306 
0.0214457 
0.0372599 
0.0429941 
0.0296796 
0.0196084 
0.0373425 
0.0365539 
0.0318005 
0.0323179 
0.038014 
0.0692599 
0.162916 
0.0712002 
0.0592675 
0.0666048 
0.184531 
0.152591 
0.13474 
0.106925 
0.0675667 
0.0869556 
0.0725496 
0.0651262 
0.025922 
0.0428817 
0.0290613 
0.054786 
0.0409721 
0.0341149 
0.0470133 
0.0543952 
0.0632244 
0.0511396 
0.0813425 
0.0620528 
0.0487445 
0.0324034 
0.0391007 
0.0480132 
0.0497082 
0.0464855 
0.0602742 
0.0684703 
0.0830354 
0.0474627 
0.0513749 
0.0830107 
0.0729045 
0.0731052 
0.0568747 
0.0654795 
0.0124454 
0.0623475 
0.0522991 
0.0558912 
0.0565605 
0.0524222 
0.0511031 
0.0543189 
0.0269997 
0.0570639 
0.0490729 
0.0500916 
0.0467157 
0.05025 
0.177868 
0.062521 
0.228342 
0.227384 
0.104253 
0.0998012 
0.0269296 
0.123574 
0.0507831 
0.0195975 
0.0521042 
0.0408931 
0.0521786 
0.0700473 
0.0209297 
0.0638666 
