0
0.650392 
0.172264 
0.230256 
0.0951158 
0.121158 
0.552966 
0.264763 
0.130445 
0.320662 
0.156261 
0.127038 
0.0827681 
0.0787709 
0.064494 
0.0883698 
0.12625 
0.117253 
0.205161 
0.111465 
0.126264 
0.0544017 
0.0793319 
0.117188 
0.23301 
0.0799444 
0.0350448 
0.0479154 
0.0731492 
0.0730428 
0.123149 
0.12989 
0.147915 
0.105835 
0.131877 
0.162863 
0.118855 
0.320768 
0.182809 
0.507545 
0.174199 
0.13878 
0.159068 
0.174062 
0.294038 
0.144603 
0.0737618 
0.0913343 
0.13702 
0.130572 
0.1765 
0.26278 
0.19946 
0.223874 
0.241875 
0.234685 
0.183827 
0.466532 
0.139216 
0.371248 
0.219497 
0.0816185 
0.0226349 
0.0479136 
0.0399363 
0.0155739 
0.063337 
0.062572 
0.0694345 
0.0728011 
0.0613304 
0.0809156 
0.520152 
0.11907 
0.0849484 
0.145069 
0.0523643 
0.225427 
0.179633 
0.0825282 
0.0799124 
0.0729982 
0.0382442 
0.0258947 
0.0158639 
0.0538781 
0.0873932 
0.0554168 
0.0607823 
0.105261 
0.0869451 
0.0783791 
0.0297552 
0.0614595 
0.0373826 
0.0318717 
0.0195059 
0.0221051 
0.0839229 
0.0667169 
0.0489031 
0.072421 
0.0473172 
0.0928137 
0.0967538 
0.0433422 
0.102266 
0.0672021 
0.0363172 
0.0350702 
0.0441928 
0.0501243 
0.0438417 
0.0796076 
0.0912641 
0.208594 
0.193389 
0.129858 
0.0618972 
0.0579786 
