0
0.0894141 
0.0498232 
0.0324843 
0.0271226 
0.0488149 
0.0848351 
0.0927579 
0.0270282 
0.0397367 
0.0264578 
0.0329907 
0.0723295 
0.0825999 
0.0469466 
0.0319987 
0.120605 
0.151795 
0.0486647 
0.0691418 
0.0507842 
0.021058 
0.348474 
0.306666 
0.135277 
0.0731102 
0.0468956 
0.0300683 
0.123703 
0.062345 
0.0749115 
0.11494 
0.0230955 
0.0368231 
0.0279051 
0.0176086 
0.0231165 
0.0413532 
0.0662874 
0.0663527 
0.226319 
0.121722 
0.204615 
0.143023 
0.0456149 
0.0841773 
0.0485878 
0.0359669 
0.0620655 
0.0304269 
0.0496437 
0.0453163 
0.0460922 
0.0610398 
0.0766187 
0.039573 
0.0455701 
0.0401795 
0.0618702 
0.0333889 
0.0509413 
0.0207558 
0.0738159 
0.0380139 
0.0865779 
0.0686421 
0.0588559 
0.0591326 
0.105554 
0.121794 
0.149817 
0.353531 
0.112996 
0.0849371 
0.126493 
0.0680996 
0.0544904 
0.0971475 
0.0107589 
0.0990003 
0.0987969 
0.0454019 
0.0612261 
0.00664737 
0.0236583 
0.0533803 
0.0396682 
0.062318 
0.0491296 
0.0799083 
0.0693478 
0.107844 
0.0645008 
0.0561592 
0.0365261 
0.0545998 
0.0553479 
0.0793523 
0.037075 
0.0326084 
0.00939468 
0.0320048 
0.0909821 
0.0773228 
0.0211904 
0.0364153 
0.066089 
0.0933331 
0.0573616 
0.0658311 
0.0593463 
0.0258884 
0.0269449 
0.0464997 
0.0362367 
0.0706374 
0.0462116 
0.0281409 
0.0527547 
0.0689432 
