0
0.0422692 
0.0506061 
0.0646041 
0.163391 
0.0609184 
0.0340386 
0.0745841 
0.0536473 
0.0800537 
0.0589047 
0.0629338 
0.142448 
0.0884853 
0.0531471 
0.0915799 
0.050219 
0.260573 
0.142922 
0.0810729 
0.0647562 
0.0706083 
0.162373 
0.120843 
0.232918 
0.164315 
0.16303 
0.0685435 
0.0521395 
0.0451891 
0.0838718 
0.0677541 
0.0921291 
0.0567418 
0.0518482 
0.0453638 
0.0280605 
0.160245 
0.103487 
0.147802 
0.0586371 
0.104767 
0.0487341 
0.11076 
0.0393725 
0.0569892 
0.0734073 
0.043909 
0.0299116 
0.0319671 
0.0793062 
0.0272291 
0.0451339 
0.0416191 
0.0501664 
0.0706664 
0.0801861 
0.0595725 
0.105917 
0.0741534 
0.0647474 
0.0274481 
0.0123876 
0.0203376 
0.05812 
0.0326193 
0.0413079 
0.0711363 
0.092783 
0.0590919 
0.0334416 
0.148682 
0.0544452 
0.0925771 
0.119652 
0.0939642 
0.0892414 
0.16778 
0.0895715 
0.0191768 
0.113842 
0.0830773 
0.0729028 
0.293828 
0.106729 
0.112808 
0.0755012 
0.0662679 
0.0987774 
0.0959467 
0.476079 
0.684778 
0.57604 
0.394887 
0.282992 
0.223951 
0.114387 
0.153867 
0.102942 
0.0981539 
0.0516767 
0.0280814 
0.0278983 
0.0719066 
0.0340779 
0.0492178 
0.0641875 
0.0799734 
0.114471 
0.080362 
0.126293 
0.0434819 
0.0813102 
0.0516503 
0.0663973 
0.308 
0.0976636 
0.196494 
0.347376 
0.768396 
