0
0.108813 
0.102357 
0.11053 
0.109819 
0.166271 
0.0664922 
0.0705824 
0.0950616 
0.0538717 
0.0778622 
0.0503426 
0.0835279 
0.119828 
0.0855317 
0.201952 
0.217162 
0.135961 
0.296027 
0.235169 
0.123585 
0.210793 
0.107634 
0.193393 
0.0599637 
0.177778 
0.129484 
0.0997748 
0.0477824 
0.0582715 
0.0449431 
0.0283775 
0.035368 
0.0427448 
0.0625116 
0.0910173 
0.0938254 
0.0815717 
0.0734104 
0.0383461 
0.0608829 
0.0574377 
0.0625097 
0.0745802 
0.0905892 
0.0842084 
0.0421472 
0.0837884 
0.0669048 
0.136914 
0.125369 
0.0688929 
0.1191 
0.0850012 
0.0232485 
0.0290419 
0.0431551 
0.0814468 
0.0942042 
0.126146 
0.0662681 
0.0899239 
0.193617 
0.426573 
0.353944 
0.150323 
0.0716812 
0.0914146 
0.037387 
0.0528645 
0.0249861 
0.0984401 
0.0874611 
0.0596534 
0.0394485 
0.0343651 
0.0923667 
0.152871 
0.102529 
0.0664332 
0.0532867 
0.0802518 
0.0960733 
0.347002 
0.472541 
0.119138 
0.0267143 
0.0519943 
0.118478 
0.0910776 
0.10201 
0.0316679 
0.052764 
0.0711825 
0.0741555 
0.145666 
0.139241 
0.0721018 
0.0995497 
0.097211 
0.115736 
0.0768633 
0.118298 
0.0490294 
0.0932205 
0.0969805 
0.276658 
0.166629 
0.215077 
0.106141 
0.123114 
0.084589 
0.0721225 
0.127071 
0.073629 
0.237513 
0.221136 
0.125873 
0.0838289 
0.298455 
