0
0.206231 
0.213972 
0.107126 
0.216313 
0.29589 
0.203027 
0.131262 
0.199017 
0.174365 
0.388816 
0.165031 
0.159357 
0.15137 
0.200139 
0.109033 
0.148896 
0.179895 
0.0288058 
0.114512 
0.298035 
0.128989 
0.137185 
0.0853564 
0.0962684 
0.217291 
0.149733 
0.054731 
0.0397399 
0.0647198 
0.107973 
0.172066 
0.224323 
0.322133 
0.303832 
0.141762 
0.0597815 
0.0838423 
0.118805 
0.0920453 
0.082127 
0.219563 
0.0922282 
0.0819947 
0.187698 
0.298372 
0.202279 
0.14727 
0.116374 
0.208823 
0.190164 
0.177504 
0.157749 
0.0509983 
0.0531913 
0.179836 
0.161797 
0.128944 
0.397451 
0.122155 
0.21466 
0.223965 
0.105698 
0.194912 
0.0590749 
0.0543056 
0.189882 
0.30688 
0.153514 
0.10751 
0.0927839 
0.504035 
0.359334 
0.375726 
0.290615 
0.1833 
0.405216 
0.119476 
0.160191 
0.179342 
0.312409 
0.139807 
0.169009 
0.107204 
0.29051 
0.224007 
0.0649497 
0.121902 
0.346774 
0.311276 
0.301351 
0.193843 
0.164682 
0.164344 
0.218404 
0.109482 
0.375331 
0.302601 
0.123789 
0.24424 
0.169104 
0.130262 
0.347436 
0.0947948 
0.386401 
0.353723 
0.247854 
0.625785 
0.365057 
0.312815 
0.16921 
0.316998 
0.21296 
0.269634 
0.530306 
0.100415 
0.134068 
0.311575 
0.0950384 
0.163162 
