0
0.113143 
0.0797514 
0.195014 
0.219548 
0.313872 
0.229835 
0.175448 
0.113993 
0.171738 
0.0594428 
0.0796829 
0.078252 
0.1097 
0.0862366 
0.0563796 
0.186878 
0.268047 
0.0991128 
0.168183 
0.139524 
0.0980023 
0.0553194 
0.111675 
0.134252 
0.210445 
0.110203 
0.123619 
0.112347 
0.0955551 
0.577235 
0.587794 
0.209019 
0.237484 
0.168361 
0.139961 
0.137126 
0.104512 
0.0523904 
0.0465716 
0.111157 
0.170517 
0.115924 
0.0870214 
0.122077 
0.0857697 
0.139581 
0.0746143 
0.101363 
0.0512344 
0.208473 
0.256936 
0.494874 
0.248285 
0.12826 
0.180129 
0.144907 
0.0958447 
0.208484 
0.18271 
0.198676 
0.0833765 
0.111594 
0.296827 
0.228241 
0.324371 
0.362535 
0.237798 
0.0665716 
0.0448583 
0.124456 
0.137028 
0.131179 
0.0528829 
0.0862602 
0.0811278 
0.0485729 
0.0878136 
0.257292 
1.19072 
0.983758 
0.635618 
0.524525 
0.297553 
0.798505 
0.454106 
0.135139 
0.449254 
0.244404 
0.527143 
0.243406 
0.1298 
0.22134 
0.128959 
0.102968 
0.10918 
0.147379 
0.105497 
0.188599 
0.152407 
0.0880992 
0.239419 
0.273329 
0.213612 
0.0998865 
0.125495 
0.129274 
0.0568844 
0.0766481 
0.0510776 
0.0855604 
0.0826934 
0.0499051 
0.0813943 
0.0863764 
0.0510474 
0.194219 
0.147538 
0.596641 
0.741146 
