0
0.0629358 
0.0337615 
0.0483537 
0.0862892 
0.0551788 
0.0429808 
0.0337247 
0.0354588 
0.0453541 
0.0455883 
0.0732057 
0.116807 
0.0438662 
0.0739582 
0.0934628 
0.125535 
0.12118 
0.125925 
0.0311977 
0.045257 
0.0543475 
0.0393769 
0.144812 
0.131881 
0.0566478 
0.077933 
0.16342 
0.0398073 
0.0370505 
0.190293 
0.150371 
0.0543309 
0.121808 
0.0511473 
0.0382599 
0.0636414 
0.0353064 
0.0614318 
0.028107 
0.0537538 
0.0472579 
0.0419394 
0.0637458 
0.0748487 
0.0848079 
0.0194352 
0.0319528 
0.0254809 
0.187539 
0.272577 
0.0791387 
0.0251151 
0.0826538 
0.0705356 
0.0476452 
0.131738 
0.0797774 
0.0355004 
0.0358333 
0.0322179 
0.0448066 
0.0198181 
0.0285475 
0.0645638 
0.0433559 
0.0597021 
0.0461857 
0.068796 
0.0211146 
0.023392 
0.0796895 
0.0392946 
0.00514499 
0.0436913 
0.0262699 
0.0405146 
0.0369906 
0.067047 
0.0569115 
0.0165615 
0.026785 
0.0357163 
0.0983698 
0.0975099 
0.0751275 
0.0327919 
0.0734442 
0.0731221 
0.107976 
0.267001 
0.315716 
0.14151 
0.0512523 
0.0688375 
0.0498248 
0.070705 
0.0804787 
0.0544844 
0.0411213 
0.0448745 
0.0504559 
0.0256541 
0.0347886 
0.040317 
0.0810241 
0.0773374 
0.0715096 
0.135167 
0.101781 
0.131604 
0.345453 
0.153079 
0.126018 
0.0588898 
0.309342 
0.332507 
0.266764 
0.046846 
0.0858669 
