0
0.433466 
0.34762 
0.120196 
0.0949197 
0.235885 
0.0974992 
0.104505 
0.0966142 
0.190234 
0.112761 
0.0994144 
0.0657046 
0.196235 
0.143907 
0.0982705 
0.179559 
0.112575 
0.158093 
0.0644542 
0.500385 
0.7053 
0.411126 
0.123845 
0.0663043 
0.206597 
0.258474 
0.253059 
0.156139 
0.26077 
0.16026 
0.0913078 
0.0813369 
0.131421 
0.0445414 
0.130321 
0.0940949 
0.0919322 
0.0878181 
0.0806133 
0.124008 
0.0719877 
0.0426657 
0.0336367 
0.0534395 
0.0428762 
0.0743011 
0.083674 
0.334317 
0.19368 
0.0796056 
0.132802 
0.217758 
0.175576 
0.0251305 
0.0551859 
0.108158 
0.0924872 
0.0543216 
0.0819254 
0.0973923 
0.152735 
0.1359 
0.0875208 
0.124084 
0.199142 
0.18379 
0.120464 
0.101594 
0.123838 
0.248603 
0.0929171 
0.190377 
0.0822159 
0.173622 
0.0872215 
0.109209 
0.075411 
0.139865 
0.270246 
0.231183 
0.164781 
0.246545 
0.146681 
0.311809 
0.483899 
0.401651 
0.24956 
0.167646 
0.0474287 
0.065393 
0.159632 
0.276371 
0.232877 
0.109965 
0.208396 
0.0795956 
0.140087 
0.158665 
0.113623 
0.12216 
0.0789247 
0.171814 
0.10327 
0.24828 
0.236242 
0.108058 
0.032754 
0.0343994 
0.0827483 
0.0519623 
0.0951944 
0.430436 
0.68709 
0.536767 
0.709649 
0.900134 
0.935564 
0.694137 
0.485253 
