0
0.0350734 
0.0644446 
0.0437904 
0.0418521 
0.0716673 
0.0737726 
0.0289949 
0.032871 
0.0365419 
0.0356481 
0.0324934 
0.0245802 
0.0485966 
0.036341 
0.0719361 
0.0660859 
0.0435836 
0.0358062 
0.0355369 
0.0452726 
0.0622085 
0.0261344 
0.0370595 
0.0444892 
0.0345575 
0.0511533 
0.0297533 
0.0236505 
0.0365082 
0.00868734 
0.0490785 
0.0178113 
0.069385 
0.0780731 
0.0331656 
0.0627126 
0.0578978 
0.0428882 
0.0136365 
0.0536075 
0.0727592 
0.0486429 
0.0349806 
0.0629503 
0.0227703 
0.0492903 
0.0405201 
0.0307252 
0.0457143 
0.029565 
0.0344986 
0.0225825 
0.0483698 
0.036948 
0.0299179 
0.0807452 
0.0377481 
0.0382926 
0.095965 
0.0503843 
0.0349654 
0.0515456 
0.0255473 
0.0312978 
0.035751 
0.0368688 
0.0381252 
0.0648142 
0.0574435 
0.040729 
0.0180827 
0.0622588 
0.0577243 
0.0674632 
0.0668343 
0.0361931 
0.0697096 
0.0698225 
0.0530321 
0.0458242 
0.0734584 
0.0729582 
0.0673092 
0.219555 
0.338489 
0.178333 
0.0820196 
0.0738698 
0.0697648 
0.0330187 
0.0524862 
0.0520103 
0.0505382 
0.048824 
0.148665 
0.0308725 
0.0634676 
0.0811752 
0.0371208 
0.029787 
0.0276654 
0.0290656 
0.0460691 
0.0294089 
0.0213941 
0.0185981 
0.0348147 
0.00691137 
0.0220422 
0.0217227 
0.0258564 
0.031166 
0.0256087 
0.0335979 
0.0212291 
0.0427889 
0.0342073 
0.0233203 
0.0615475 
