0
0.0762979 
0.0923455 
0.064601 
0.0997407 
0.115304 
0.0976096 
0.0761833 
0.0890136 
0.113721 
0.174902 
0.0673562 
0.0433089 
0.0682617 
0.0473514 
0.0663013 
0.0615997 
0.129738 
0.0618771 
0.0851296 
0.0313657 
0.0329572 
0.0944885 
0.0818413 
0.0395245 
0.0424041 
0.0587089 
0.0922921 
0.0697967 
0.0536235 
0.0736104 
0.127715 
0.315946 
0.224402 
0.246548 
0.254114 
0.0963393 
0.126301 
0.130974 
0.0927989 
0.0854435 
0.0430771 
0.0278368 
0.310833 
0.09236 
0.0514819 
0.0397618 
0.0982626 
0.0536518 
0.0524556 
0.0832293 
0.0719959 
0.0371804 
0.0265649 
0.0756983 
0.0832522 
0.0432837 
0.0215833 
0.0581951 
0.0362663 
0.0280253 
0.0253697 
0.0250015 
0.029633 
0.151728 
0.146262 
0.21358 
0.114318 
0.0673707 
0.0563214 
0.0427085 
0.0482483 
0.0473187 
0.0427783 
0.116476 
0.0544017 
0.0662706 
0.0657492 
0.0239214 
0.0544307 
0.0550919 
0.0640657 
0.0571511 
0.0502937 
0.0710085 
0.0131901 
0.0517247 
0.048466 
0.0692867 
0.0374466 
0.0484839 
0.0245161 
0.0847291 
0.0829521 
0.0698732 
0.0699992 
0.0876185 
0.0528209 
0.0307704 
0.0753093 
0.0466823 
0.0291992 
0.0595483 
0.0653889 
0.0350355 
0.0454085 
0.0489141 
0.100886 
0.0505847 
0.0403579 
0.0532202 
0.0614514 
0.0600139 
0.0419397 
0.0319106 
0.0491857 
0.0278205 
0.0670975 
0.0498995 
0.059187 
