0
0.160978 
0.0815204 
0.0912692 
0.0592025 
0.0486826 
0.138636 
0.0690108 
0.0504676 
0.0901235 
0.0301981 
0.0484733 
0.034833 
0.10589 
0.212272 
0.158365 
0.181965 
0.301331 
0.188069 
0.0416925 
0.0765041 
0.052902 
0.0614015 
0.0326048 
0.042027 
0.0514016 
0.0589082 
0.0486881 
0.0918432 
0.0583207 
0.146419 
0.0544128 
0.0501059 
0.0327692 
0.137321 
0.0583212 
0.0685287 
0.309089 
0.098599 
2.05218 
0.550334 
0.545852 
0.133172 
0.362652 
0.508584 
0.256104 
0.155132 
0.111727 
0.125081 
0.0784559 
0.134018 
0.0486263 
0.0803157 
0.0758841 
0.0766985 
0.105021 
0.137032 
0.0739495 
0.02971 
0.0452229 
0.0649815 
0.0819149 
0.120539 
0.0570733 
0.0854502 
0.0323341 
0.0335031 
0.0479023 
0.0167064 
0.018119 
0.127827 
0.0919107 
0.130361 
0.0951037 
0.486316 
0.108263 
0.0515477 
0.0363808 
0.0721682 
0.0293592 
0.0488878 
0.0184259 
0.0324716 
0.0699556 
0.915185 
1.21417 
0.382414 
0.648962 
0.386638 
0.0848493 
0.104029 
0.1869 
0.0420788 
0.126742 
0.332166 
0.413338 
0.227635 
0.360136 
0.395049 
0.254102 
0.144104 
0.0454803 
0.121987 
0.0267948 
0.0452226 
0.023495 
0.100362 
0.0439299 
0.0543912 
0.133317 
0.0914253 
0.102333 
0.0383201 
0.0631636 
0.0699278 
0.081051 
0.0557812 
0.040966 
0.0314334 
0.0468796 
