0
0.0371941 
0.0621856 
0.0864401 
0.0571337 
0.0444586 
0.0763288 
0.0217749 
0.0343383 
0.0271102 
0.0335204 
0.202055 
0.21155 
0.0508006 
0.0508149 
0.0439004 
0.0240466 
0.0192421 
0.202586 
0.379403 
0.24876 
0.0712882 
0.105597 
0.0621734 
0.0939344 
0.0270923 
0.0791441 
0.113753 
0.159968 
0.112701 
0.0232266 
0.0668587 
0.0307475 
0.160889 
0.073517 
0.13035 
0.293167 
0.270023 
0.0954504 
0.063169 
0.0807431 
0.135467 
0.0762278 
0.066944 
0.105737 
0.128679 
0.215592 
0.414034 
0.300474 
0.204196 
0.117107 
0.0544744 
0.0928935 
0.0863489 
0.100188 
0.123175 
0.0753051 
0.235965 
0.44452 
0.0857961 
0.0522784 
0.0986953 
0.312576 
0.310963 
0.332229 
0.224399 
0.129934 
0.0695132 
0.0609608 
0.0332241 
0.207937 
0.103111 
0.152888 
0.535837 
0.164775 
0.594492 
0.0879723 
0.255327 
0.213272 
0.384985 
0.196107 
0.46348 
0.13491 
0.0625346 
0.110369 
0.170222 
2.65502 
0.855711 
1.1566 
0.352425 
0.317909 
0.401512 
0.27799 
0.733437 
0.403214 
0.352784 
0.119724 
0.362433 
0.0547069 
0.102092 
0.129504 
0.09137 
0.0980185 
0.0936743 
0.109455 
0.050909 
0.0387485 
0.0655999 
0.0621524 
0.048502 
0.025102 
0.0339155 
0.025522 
0.0289015 
0.0495795 
0.043492 
0.0559695 
0.0224959 
0.0240471 
0.0368537 
