0
0.0640839 
0.0676963 
0.13098 
0.0750837 
0.0294503 
0.0538042 
0.0844562 
0.0479396 
0.0460468 
0.0352105 
0.0521105 
0.0499886 
0.0715443 
0.11371 
0.138409 
0.0770189 
0.0734944 
0.0583476 
0.126123 
0.0987893 
0.0540293 
0.101346 
0.0479015 
0.056431 
0.0160944 
0.0423418 
0.0364566 
0.0299613 
0.0308875 
0.0678473 
0.102749 
0.0266155 
0.0500198 
0.100879 
0.120089 
0.0656978 
0.0842085 
0.0627071 
0.0276263 
0.0533977 
0.0664349 
0.0823798 
0.043557 
0.0427419 
0.0629658 
0.0742112 
0.0468238 
0.079776 
0.118669 
0.209828 
0.399972 
0.117717 
0.140423 
0.123382 
0.114688 
0.182278 
0.153562 
0.0888687 
0.168002 
0.0610197 
0.0498458 
0.0981793 
0.0826397 
0.114192 
0.0513707 
0.111191 
0.0253798 
0.0771031 
0.0818589 
0.0614021 
0.0987936 
0.0507032 
0.088778 
0.0514384 
0.0435665 
0.0503725 
0.113494 
0.0764306 
0.04939 
0.16392 
0.341906 
0.203645 
0.137282 
0.225474 
0.233588 
0.131023 
0.0552361 
0.0710738 
0.133306 
0.13164 
0.0491531 
0.159782 
0.0999204 
0.0980363 
0.0475124 
0.102704 
0.0925225 
0.0975616 
0.0637327 
0.025236 
0.0556519 
0.0972226 
0.108343 
0.0498481 
0.0631542 
0.126569 
0.0506236 
0.0827539 
0.0926263 
0.0769551 
0.104498 
0.0835117 
0.0862496 
0.049125 
0.049645 
0.0787366 
0.0509293 
0.0429055 
0.0281252 
