0
0.0730736 
0.0886407 
0.0992193 
0.0399146 
0.0858566 
0.0475016 
0.0472977 
0.0192043 
0.0473612 
0.0531328 
0.0455098 
0.0474542 
0.0706765 
0.0271571 
0.0635152 
0.0507601 
0.0572077 
0.0247643 
0.0310634 
0.0720754 
0.0508751 
0.0479584 
0.0327778 
0.0375495 
0.0807953 
0.0153582 
0.0493043 
0.0530042 
0.0579971 
0.0450338 
0.0256777 
0.0329086 
0.0403874 
0.0281837 
0.0895452 
0.10182 
0.0638577 
0.0280493 
0.0286822 
0.074756 
0.0275108 
0.0256393 
0.0573726 
0.0574811 
0.0463085 
0.0345164 
0.0180112 
0.0297418 
0.0705736 
0.0417315 
0.0652114 
0.0448027 
0.0579255 
0.0593155 
0.0464867 
0.0534991 
0.0577803 
0.047485 
0.028299 
0.029631 
0.0194968 
0.0660147 
0.0390973 
0.0455273 
0.0541143 
0.0325476 
0.0476608 
0.0449308 
0.0416725 
0.0628575 
0.0306368 
0.048844 
0.0605866 
0.0461684 
0.0486883 
0.0210104 
0.0237787 
0.0342207 
0.0582649 
0.0336862 
0.0377233 
0.045517 
0.0546011 
0.10394 
0.0879358 
0.0437964 
0.0601982 
0.0634793 
0.0756549 
0.317672 
0.158803 
0.106548 
0.0485693 
0.0880769 
0.0167412 
0.0457114 
0.0428229 
0.0641048 
0.05054 
0.05798 
0.0216874 
0.0604631 
0.0566303 
0.049161 
0.0459943 
0.0485369 
0.0394341 
0.0463756 
0.0497437 
0.0420926 
0.0568817 
0.0327235 
0.0653674 
0.0625615 
0.049663 
0.0609471 
0.0444132 
0.0485021 
0.0636883 
