0
0.110639 
0.127698 
0.0273492 
0.0723728 
0.0433677 
0.0639391 
0.066409 
0.0657975 
0.0914497 
0.0493545 
0.043283 
0.0200541 
0.0676764 
0.0734022 
0.217367 
0.213318 
0.156179 
0.0827828 
0.0792863 
0.189586 
0.110322 
0.126791 
0.0339287 
0.0976163 
0.0165442 
0.0982867 
0.0222249 
0.143405 
0.0264714 
0.0776552 
0.049448 
0.0526284 
0.0442688 
0.0797253 
0.0814287 
0.075421 
0.121719 
0.0285479 
0.0960509 
0.046963 
0.0687965 
0.0906903 
0.10146 
0.100342 
0.195335 
0.0413233 
0.0623613 
0.0639935 
0.0868216 
0.0535726 
0.217979 
0.113891 
0.115619 
0.0633473 
0.211321 
0.0495739 
0.252785 
0.126947 
0.135876 
0.138195 
0.0825353 
0.0671073 
0.174052 
0.313031 
0.103345 
0.242599 
0.143835 
0.048942 
0.285953 
0.181328 
0.13312 
0.0750821 
0.0538581 
0.0597855 
0.0972481 
0.10479 
0.0794906 
0.0530067 
0.101142 
0.112294 
0.116704 
0.0894359 
0.491223 
0.221599 
0.355042 
0.140391 
0.17116 
0.386093 
0.0881377 
0.0635612 
0.0835335 
0.146901 
0.102284 
0.154006 
0.147473 
0.184449 
0.136745 
0.0914026 
0.0922153 
0.127565 
0.0652628 
0.0689877 
0.182487 
0.195188 
0.103524 
0.350056 
0.152413 
0.285662 
0.153602 
0.195565 
0.152693 
0.0897778 
0.0930524 
0.0777942 
0.0716686 
0.0610422 
0.190263 
0.0287888 
0.145562 
