0
0.0742428 
0.026253 
0.0544407 
0.0497458 
0.116181 
0.115819 
0.135696 
0.134655 
0.159952 
0.141809 
0.11774 
0.068739 
0.0825363 
0.101422 
0.0392534 
0.046589 
0.0713501 
0.0800119 
0.0467261 
0.112634 
0.0841534 
0.0678315 
0.0895663 
0.0453337 
0.0262057 
0.0205638 
0.0118648 
0.0794596 
0.0497094 
0.154276 
0.0670629 
0.0945252 
0.137635 
0.0824214 
0.127291 
0.0905098 
0.071017 
0.0490137 
0.0744592 
0.100088 
0.0987622 
0.133073 
0.102637 
0.121596 
0.0475918 
0.0605404 
0.121563 
0.097794 
0.139347 
0.0935114 
0.131583 
0.101671 
0.162194 
0.0477821 
0.0414458 
0.0262582 
0.077235 
0.162616 
0.0876751 
0.0280761 
0.0677589 
0.174252 
0.107674 
0.124844 
0.102527 
0.0849035 
0.0538145 
0.103852 
0.0647318 
0.0428855 
0.0204704 
0.0367229 
0.0326499 
0.0912369 
0.0644631 
0.0834687 
0.0628479 
0.0604203 
0.0584746 
0.0394184 
0.0752841 
0.0972058 
0.0360465 
0.839018 
0.45171 
2.20406 
0.243748 
0.0934464 
0.099468 
0.0793815 
0.115115 
0.0614509 
0.0500839 
0.0945877 
0.0493958 
0.057623 
0.12956 
0.107598 
0.1668 
0.0950515 
0.0238374 
0.121331 
0.0426289 
0.0395163 
0.0696504 
0.027221 
0.0439827 
0.0620962 
0.0507746 
0.0294121 
0.028723 
0.0669551 
0.0711609 
0.0887672 
0.0415303 
0.0448271 
0.0648589 
0.0640928 
0.0754944 
