0
0.0643905 
0.0904425 
0.254807 
0.256613 
0.426622 
0.439018 
0.043065 
0.145208 
0.110257 
0.34907 
0.312258 
0.134971 
0.491996 
0.236832 
0.171908 
0.412428 
0.191286 
0.194127 
0.310522 
1.35386 
0.741279 
1.65882 
0.361664 
0.392917 
0.115023 
0.0872214 
0.234378 
0.0660278 
0.0851058 
0.0774711 
0.0339299 
0.0642488 
0.14286 
0.325866 
0.130924 
0.26605 
0.126501 
0.115574 
0.113823 
0.269846 
0.35107 
0.279995 
0.617724 
0.724726 
0.732693 
0.774498 
0.635463 
0.737942 
0.141929 
0.206661 
0.0568708 
0.172437 
0.23183 
0.291521 
0.131729 
0.0983771 
0.174242 
0.0457275 
0.040094 
0.159896 
0.204738 
0.356815 
0.228004 
0.260837 
0.347859 
1.68458 
1.48883 
0.357515 
0.290918 
0.283393 
0.32462 
0.0943516 
0.160828 
0.090328 
0.186344 
0.185791 
0.141368 
0.182912 
0.0776249 
0.105315 
0.0872143 
0.0638421 
0.145126 
0.210604 
0.105013 
0.160197 
0.113936 
0.0311283 
0.0390322 
0.0566625 
0.0457217 
0.0903229 
0.0517845 
0.0552767 
0.0401996 
0.0605383 
0.0787948 
0.0382253 
0.0695783 
0.0800161 
0.0780096 
0.0451316 
0.0464871 
0.0506 
0.0399545 
0.0575137 
0.0685604 
0.0585104 
0.071391 
0.0352603 
0.073162 
0.0692661 
0.0420308 
0.0838818 
0.16114 
0.694093 
0.407535 
0.127171 
0.132932 
