0
0.081509 
0.0641721 
0.0487131 
0.0755181 
0.0406761 
0.0270703 
0.01597 
0.0510302 
0.0713872 
0.0538145 
0.0495732 
0.0770973 
0.0385021 
0.0564154 
0.0386451 
0.082471 
0.0566489 
0.0466918 
0.118374 
0.0433072 
0.0490637 
0.0292066 
0.0509456 
0.052081 
0.0695464 
0.0229526 
0.0273107 
0.0235447 
0.0249247 
0.0306799 
0.042408 
0.0322532 
0.0407506 
0.0651547 
0.0557773 
0.104434 
0.360745 
0.583417 
0.116761 
0.110242 
0.0728427 
0.120878 
0.267989 
0.18645 
0.31903 
0.118768 
0.104663 
0.0763525 
0.0894358 
0.084006 
0.135405 
0.108651 
0.06475 
0.0242745 
0.0372726 
0.0586418 
0.0305105 
0.0321446 
0.0352965 
0.0240969 
0.025909 
0.0538557 
0.029402 
0.117465 
0.0955831 
0.0947968 
0.0811021 
0.0892528 
0.088335 
0.295826 
0.347919 
0.0869896 
0.124175 
0.366215 
0.0685063 
0.0769878 
0.0356468 
0.0589954 
0.0412961 
0.024842 
0.056063 
0.122027 
0.0614679 
0.0927815 
0.0488652 
0.0336647 
0.0459742 
0.0243756 
0.0461843 
0.0489772 
0.0781868 
0.06235 
0.0799263 
0.089904 
0.0718379 
0.0330451 
0.0431605 
0.217159 
0.221775 
0.13816 
0.0647143 
0.441276 
0.574369 
0.153308 
0.147554 
0.0692639 
0.0717253 
0.116789 
0.0332346 
0.257158 
0.0654853 
0.160597 
0.0364127 
0.0355916 
0.0527545 
0.13187 
0.0595304 
0.0361137 
0.0491387 
