0
0.10355 
0.0393711 
0.0811166 
0.031806 
0.0374153 
0.0899869 
0.133235 
0.0751779 
0.116199 
0.0823092 
0.0710557 
0.0422848 
0.0366892 
0.0485634 
0.0491491 
0.0480819 
0.0844644 
0.0443586 
0.035453 
0.0350422 
0.0251985 
0.0648774 
0.0492764 
0.0779602 
0.0965579 
0.0377911 
0.0813291 
0.0450293 
0.0575599 
0.0664035 
0.0607494 
0.0706612 
0.065409 
0.0424335 
0.0586056 
0.0406227 
0.0674213 
0.0466784 
0.0504612 
0.100443 
0.0566643 
0.0505097 
0.0532876 
0.0397358 
0.0559177 
0.0626626 
0.0665555 
0.0272839 
0.146134 
0.15518 
0.0999498 
0.0588722 
0.170476 
0.16459 
0.0813378 
0.123855 
0.172395 
0.0589903 
0.178622 
0.157499 
0.204467 
0.152755 
0.102026 
0.0421115 
0.0570592 
0.066261 
0.0543784 
0.0519953 
0.081606 
0.105257 
0.161813 
0.0934363 
0.0288499 
0.0893649 
0.13714 
0.0560145 
0.0715906 
0.0653299 
0.0322121 
0.0669758 
0.0451391 
0.0316979 
0.0926744 
0.0855202 
0.0372968 
0.0397066 
0.0550899 
0.0658092 
0.0495393 
0.0475181 
0.0457055 
0.0404387 
0.0195055 
0.0249058 
0.0491974 
0.0552599 
0.0509647 
0.0622001 
0.0535961 
0.0571484 
0.0264722 
0.0706917 
0.0623377 
0.030369 
0.0689235 
0.0543287 
0.0536815 
0.0580305 
0.0576402 
0.062958 
0.0595244 
0.0718607 
0.145904 
0.054399 
0.0574245 
0.0883643 
0.100224 
0.0518238 
0.15058 
