0
0.0704802 
0.104217 
0.0364062 
0.0429817 
0.13659 
0.091358 
0.0413495 
0.135851 
0.104066 
0.21167 
0.114179 
0.156425 
0.0784898 
0.0891805 
0.0805878 
0.0693678 
0.0675934 
0.106167 
0.138316 
0.0506256 
0.069717 
0.0794167 
0.0423517 
0.0928457 
0.101366 
0.063888 
0.0897107 
0.0801562 
0.229645 
0.191763 
0.188976 
0.120432 
0.069044 
0.174328 
0.129376 
0.0719038 
0.0622474 
0.0420752 
0.0462077 
0.0839428 
0.0927494 
0.0938526 
0.0661965 
0.0958648 
0.0619126 
0.0637907 
0.0492447 
0.0590764 
0.0981824 
0.0882483 
0.0806702 
0.110448 
0.118065 
0.110552 
0.0678258 
0.10736 
0.0598546 
0.0822695 
0.0632325 
0.0607702 
0.105932 
0.123226 
0.0782289 
0.087779 
0.135657 
0.15475 
0.119099 
0.0826256 
0.0487411 
0.111708 
0.0812634 
0.0824612 
0.0661706 
0.109218 
0.100323 
0.0871092 
0.175077 
0.102703 
0.079318 
0.0458674 
0.0873911 
0.103467 
0.106299 
0.141941 
0.110875 
0.110099 
0.159685 
0.112274 
0.106159 
0.156227 
0.0739943 
0.0780181 
0.144088 
0.0894599 
0.0492538 
0.0931738 
0.0966603 
0.163272 
0.247204 
0.410141 
0.128448 
0.159727 
0.141386 
0.093689 
0.0939508 
0.13506 
0.0594192 
0.0717334 
0.231677 
0.0934573 
0.0966659 
0.0337041 
0.0900307 
0.0562633 
0.0449857 
0.101216 
0.0808942 
0.07453 
0.100932 
