0
0.363271 
0.26399 
0.150186 
0.255711 
0.245105 
0.089588 
0.115175 
1.00678 
0.227521 
0.214922 
0.143097 
0.0612111 
0.201414 
0.0662484 
0.114175 
0.0565714 
0.109173 
0.180962 
0.0991045 
0.14502 
0.196927 
0.206643 
0.24386 
0.201559 
0.168338 
0.146077 
0.183279 
0.395105 
0.159656 
0.253264 
0.131927 
0.155206 
0.116961 
0.11038 
0.0876235 
0.144141 
0.0429787 
0.0908676 
0.0749476 
0.26253 
0.111352 
0.209274 
0.242336 
0.075475 
0.0843825 
0.103231 
0.44056 
0.232801 
0.166668 
0.154733 
0.15107 
0.269196 
0.272221 
0.11345 
0.113853 
0.0771051 
0.072761 
0.0467578 
0.182286 
0.04475 
0.0648523 
0.0885452 
0.0642742 
0.0545591 
0.0477298 
0.0518017 
0.0672429 
0.0483487 
0.10908 
0.267725 
0.191379 
0.0550638 
0.0192301 
0.116133 
0.0920419 
0.093242 
0.099415 
0.070626 
0.0317912 
0.0483323 
0.0570092 
0.0539482 
0.0628194 
0.0337238 
0.0608791 
0.0620287 
0.0408415 
0.0378827 
0.0605192 
0.0392658 
0.0362856 
0.149631 
0.138698 
0.064225 
0.0803765 
0.123862 
0.0656495 
0.162199 
0.133533 
0.0806908 
0.0473487 
0.0353977 
0.0429018 
0.0491199 
0.107012 
0.0674205 
0.0624855 
0.0730312 
0.049985 
0.0590953 
0.115934 
0.0996603 
0.0878058 
0.106281 
0.0754151 
0.0568783 
0.0375566 
0.0422246 
0.075114 
