0
0.0374206 
0.0480974 
0.115145 
0.10678 
0.120801 
0.138508 
0.0807005 
0.0734652 
0.0785046 
0.0635647 
0.0724208 
0.0397846 
0.0692526 
0.0990328 
0.0960748 
0.104731 
0.0572149 
0.0652499 
0.0891667 
0.0946817 
0.078018 
0.0727928 
0.0602938 
0.00587349 
0.024303 
0.0395582 
0.0636543 
0.0688896 
0.0951807 
0.0626607 
0.101008 
0.104695 
0.103666 
0.0861392 
0.113261 
0.0930196 
0.0925244 
0.084393 
0.0489938 
0.0651317 
0.0607976 
0.117329 
0.0725582 
0.114513 
0.101035 
0.138277 
0.0717329 
0.0526953 
0.0314948 
0.073322 
0.078066 
0.111265 
0.0481504 
0.0454891 
0.0771977 
0.035851 
0.0479176 
0.100523 
0.0501707 
0.0743128 
0.077795 
0.0765575 
0.0470024 
0.0961421 
0.0988538 
0.10965 
0.112105 
0.0532361 
0.121961 
0.0812649 
0.0854674 
0.0233663 
0.12752 
0.0999847 
0.0553936 
0.0981091 
0.103606 
0.0671578 
0.0996947 
0.121547 
0.0427555 
0.0486667 
0.0792794 
0.0585204 
0.116079 
0.0842256 
0.0670638 
0.0763808 
0.0826018 
0.1098 
0.0673877 
0.0619997 
0.0255917 
0.0555245 
0.0578297 
0.0202258 
0.0883964 
0.0348307 
0.0581511 
0.0844861 
0.0677982 
0.0568055 
0.071174 
0.058776 
0.081672 
0.0402097 
0.0723344 
0.111715 
0.095962 
0.0666671 
0.0431811 
0.0701361 
0.0556223 
0.0321861 
0.127568 
0.128153 
0.094383 
0.041721 
0.0654707 
