0
0.0275746 
0.0434801 
0.0307497 
0.0636755 
0.0901886 
0.0565754 
0.0474982 
0.122921 
0.118448 
0.0801464 
0.0562816 
0.0460403 
0.0877051 
0.0846023 
0.032765 
0.0480746 
0.110781 
0.047829 
0.0756088 
0.0459511 
0.0589177 
0.01675 
0.048184 
0.0438515 
0.0360679 
0.0553074 
0.0405718 
0.0428004 
0.0452977 
0.0975284 
0.0891486 
0.0885311 
0.0442891 
0.113546 
0.0386465 
0.0445266 
0.0498024 
0.0667398 
0.0549691 
0.035867 
0.0542004 
0.0540908 
0.0352588 
0.0584319 
0.0509077 
0.0968329 
0.0291901 
0.075874 
0.0601557 
0.0672702 
0.048354 
0.0712713 
0.10957 
0.254721 
0.165943 
0.10201 
0.0731688 
0.0674415 
0.048649 
0.0633344 
0.0482121 
0.0882424 
0.0632271 
0.0541255 
0.049276 
0.0344379 
0.0523134 
0.0687443 
0.0761902 
0.0454794 
0.0586418 
0.0522172 
0.0336867 
0.0503167 
0.106329 
0.0378359 
0.0403252 
0.10889 
0.0552214 
0.0528299 
0.0636399 
0.0290037 
0.0324719 
0.0942826 
0.0573181 
0.0909168 
0.0381512 
0.0329985 
0.0344969 
0.062041 
0.0751292 
0.0633381 
0.0985239 
0.0619159 
0.0642612 
0.0417347 
0.0597231 
0.0539743 
0.0382393 
0.0687327 
0.0409528 
0.0679213 
0.0585234 
0.0778882 
0.0865493 
0.0267946 
0.0510452 
0.0812584 
0.0491945 
0.0346522 
0.0295321 
0.0577315 
0.0655683 
0.142078 
0.105601 
0.304516 
0.288349 
0.037713 
0.0351629 
