0
0.0628252 
0.0659302 
0.0383171 
0.0556717 
0.0628537 
0.0790369 
0.0765682 
0.0630177 
0.0430476 
0.0620351 
0.0553053 
0.0232659 
0.0589961 
0.0368922 
0.0502988 
0.0398047 
0.0403065 
0.0504415 
0.0635935 
0.0642929 
0.050783 
0.0385721 
0.075134 
0.0560693 
0.0528685 
0.0520621 
0.105328 
0.0944317 
0.0881946 
0.101855 
0.036507 
0.0488544 
0.0427567 
0.0590952 
0.0362913 
0.0345774 
0.0577207 
0.0410832 
0.0444403 
0.0513153 
0.0646496 
0.0446632 
0.0226017 
0.0445365 
0.0738539 
0.0491976 
0.053011 
0.0543052 
0.0829468 
0.0951582 
0.120249 
0.115966 
0.0518866 
0.0518187 
0.0624779 
0.023415 
0.0719801 
0.0818422 
0.0974527 
0.117795 
0.0637465 
0.0924291 
0.107255 
0.0657936 
0.0664318 
0.0618367 
0.0858226 
0.0491541 
0.103098 
0.0522905 
0.100886 
0.0730274 
0.0607728 
0.0453358 
0.0400089 
0.0450924 
0.0579843 
0.0562397 
0.228221 
0.347271 
0.236787 
0.124287 
0.192656 
0.109343 
0.0898105 
0.171414 
0.0826811 
0.0228989 
0.0772639 
0.0557082 
0.0716667 
0.0444976 
0.122914 
0.0819915 
0.115789 
0.0832719 
0.0564732 
0.0521871 
0.165615 
0.107508 
0.061718 
0.0438758 
0.216581 
0.173496 
0.0493025 
0.039559 
0.0315666 
0.053379 
0.0567474 
0.0472046 
0.0380845 
0.0542352 
0.0317707 
0.0451308 
0.0316164 
0.0821084 
0.0706951 
0.097495 
0.0394151 
