0
0.249278 
0.138267 
0.117365 
0.0344533 
0.0795212 
0.212447 
0.0658293 
0.0322594 
0.139511 
0.105953 
0.100895 
0.0568787 
0.119813 
0.0650752 
0.117573 
0.0628404 
0.0753502 
0.121353 
0.0529892 
0.11579 
0.136961 
0.0374217 
0.0855687 
0.0937522 
0.0712892 
0.0534905 
0.0700357 
0.0625336 
0.0341849 
0.0439483 
0.0418613 
0.0801027 
0.0558653 
0.0727766 
0.0521126 
0.0902452 
0.0689275 
0.099417 
0.0617301 
0.0956526 
0.177909 
0.0793591 
0.100221 
0.0666798 
0.0791519 
0.0221076 
0.0495587 
0.0325901 
0.0513735 
0.0628849 
0.0712357 
0.0949374 
0.0786314 
0.0580501 
0.117942 
0.0395366 
0.0587171 
0.0512271 
0.0764143 
0.144449 
0.118041 
0.0924272 
0.0250311 
0.0191515 
0.0648014 
0.0343514 
0.038761 
0.0668622 
0.0813482 
0.0760234 
0.0561797 
0.141551 
0.0961446 
0.0771682 
0.04809 
0.0296631 
0.0583835 
0.131598 
0.0495667 
0.0337665 
0.056948 
0.0671828 
0.0576495 
0.0475772 
0.0328455 
0.0393414 
0.0485346 
0.0540865 
0.0309564 
0.112185 
0.0792449 
0.103785 
0.0762907 
0.156169 
0.102474 
0.0978887 
0.0694271 
0.0843532 
0.0442196 
0.0412421 
0.130127 
0.0290582 
0.0614067 
0.072078 
0.105142 
0.0456546 
0.0695327 
0.131601 
0.0930063 
0.079424 
0.0343299 
0.121756 
0.111841 
0.1123 
0.0588132 
0.0805454 
0.0609668 
0.114672 
0.0803395 
