0
0.0999442 
0.149234 
0.0834125 
0.0517415 
0.0558672 
0.0927821 
0.0333076 
0.0172492 
0.0675856 
0.0806077 
0.0497574 
0.0382654 
0.0264512 
0.0888763 
0.138616 
0.0750272 
0.0280569 
0.0443884 
0.0259897 
0.0387879 
0.0315498 
0.0734681 
0.0416607 
0.0237635 
0.0770933 
0.0717389 
0.097274 
0.0648265 
0.0876592 
0.0454157 
0.0784612 
0.0783147 
0.0303641 
0.0776507 
0.0952144 
0.108523 
0.0766307 
0.0406244 
0.0353185 
0.0496175 
0.100822 
0.191699 
0.284988 
0.282441 
0.116716 
0.0671204 
0.0581347 
0.0479776 
0.0757621 
0.0806274 
0.074897 
0.415429 
3.48301 
1.87399 
1.62385 
0.455947 
0.182981 
0.32957 
0.178471 
0.173451 
0.122028 
0.10938 
0.0761413 
0.145844 
0.0591001 
0.0784129 
0.0521331 
0.0556352 
0.117726 
0.061566 
0.0540112 
0.121288 
0.0817709 
0.0326946 
0.15168 
0.324259 
0.24563 
0.159964 
0.149963 
0.0989042 
0.073359 
0.075564 
0.0395283 
0.141452 
0.0977357 
0.0495408 
0.0867374 
0.0502396 
0.123579 
0.0454255 
0.0620219 
0.0849793 
0.0616681 
0.0617536 
0.0734263 
0.0413241 
0.0488244 
0.107405 
0.0356048 
0.114283 
0.104869 
0.0621436 
0.0745001 
0.07672 
0.0345585 
0.0276126 
0.0973198 
0.128874 
0.0514461 
0.039835 
0.0921847 
0.128809 
0.0580952 
0.0862456 
0.0457179 
0.078419 
0.0779105 
0.0546192 
0.0861261 
