0
0.184033 
0.164662 
0.151028 
0.104789 
0.0846579 
0.0329128 
0.110493 
0.022032 
0.0606768 
0.143384 
0.199008 
0.142297 
1.06565 
0.258872 
0.951013 
0.808821 
0.804687 
0.247096 
0.232593 
0.148502 
0.0388386 
0.0645921 
0.0360174 
0.13053 
0.0427825 
0.043702 
0.0806117 
0.0610141 
0.0178078 
0.0739906 
0.0342512 
0.0430107 
0.10914 
0.0688926 
0.116967 
0.144422 
0.111916 
0.0204013 
0.0942039 
0.110742 
0.108898 
0.00943821 
0.0438734 
0.024189 
0.0388511 
0.0676412 
0.16135 
0.131851 
0.135854 
0.135661 
0.0923554 
0.0683737 
0.0654473 
0.0639995 
0.0508715 
0.0664892 
0.106967 
0.0749579 
0.0601528 
0.0656759 
0.0270796 
0.0823827 
0.113677 
0.0696307 
0.102998 
0.0878953 
0.0349458 
0.0922459 
0.0710248 
0.0758097 
0.0409834 
0.060908 
0.0298089 
0.098119 
0.0488555 
0.0470627 
0.0454974 
0.18966 
0.46413 
1.23865 
0.915347 
0.419368 
0.264518 
0.078921 
0.0523979 
0.0968399 
0.118973 
0.0842765 
0.110665 
0.374968 
0.5997 
1.20947 
0.948652 
0.628331 
0.241112 
0.155452 
0.185649 
0.160725 
0.0966554 
0.0837407 
0.0687186 
0.136449 
0.0480104 
0.0549735 
0.0717474 
0.117279 
0.0862249 
0.0770209 
0.0578265 
0.0352695 
0.0892038 
0.0960109 
0.138271 
0.158101 
0.237512 
0.0514252 
0.0841755 
0.097486 
0.103436 
