0
0.244017 
0.241255 
0.180057 
0.103116 
0.0355695 
0.0395784 
0.0833543 
0.0665263 
0.0817219 
0.0830398 
0.0516768 
0.0762987 
0.068636 
0.0678503 
0.0464318 
0.0770274 
0.11338 
0.070904 
0.0368771 
0.044651 
0.192788 
0.0615466 
0.0883553 
0.0430934 
0.0511573 
0.15901 
0.0420568 
0.0752055 
0.241447 
0.0590959 
0.149635 
0.0949821 
0.0364297 
0.0476085 
0.0746181 
0.204575 
0.409632 
0.245617 
0.160381 
0.105261 
0.261274 
0.106438 
0.048304 
0.0628411 
0.0500492 
0.0792908 
0.0436873 
0.0338913 
0.0830773 
0.11004 
0.0918174 
0.152613 
0.0504472 
0.0756598 
0.114271 
0.0917269 
0.0809164 
0.0838268 
0.0662135 
0.0552216 
0.049902 
0.0842413 
0.0663583 
0.0529345 
0.0605235 
0.208088 
0.124591 
0.118077 
0.0815307 
0.176106 
0.0725527 
0.0824259 
0.13289 
0.0600067 
0.043623 
0.0322075 
0.0292274 
0.0958434 
0.0500924 
0.0522067 
0.0838075 
0.129219 
0.1266 
0.0817219 
0.101173 
0.173812 
0.325478 
0.254738 
0.350331 
0.184889 
0.257611 
0.188172 
0.158082 
0.233651 
0.227849 
0.0563943 
0.0968879 
0.0809795 
0.130019 
0.0911466 
0.0894113 
0.143137 
0.0381198 
0.217988 
0.196244 
0.866039 
0.48644 
0.464793 
0.263345 
0.0450397 
0.142678 
0.10072 
0.0664921 
0.129271 
0.162346 
0.262071 
0.196109 
0.1678 
0.186302 
