0
0.0400508 
0.159096 
0.121275 
0.13612 
0.0543948 
0.100482 
0.0765208 
0.0911098 
0.0572878 
0.0193008 
0.0680512 
0.0220664 
0.0818071 
0.0678831 
0.0838031 
0.0216215 
0.0178008 
0.0282543 
0.0510715 
0.048856 
0.0406437 
0.0246902 
0.0639823 
0.0459339 
0.431001 
0.203472 
0.0510795 
0.0620632 
0.0785676 
0.0599718 
0.0392154 
0.0960816 
0.0609843 
0.00976335 
0.044619 
0.0218311 
0.0304828 
0.0278717 
0.00954805 
0.0043398 
0.0799789 
0.0446825 
0.0299051 
0.058036 
0.0206603 
0.0261301 
0.0422973 
0.0297662 
0.0220186 
0.0169477 
0.0173933 
0.0419751 
0.10576 
0.0550283 
0.0112158 
0.025627 
0.0233833 
0.0247523 
0.049274 
0 
0.017846 
0.0311245 
0.0142231 
0.0318413 
0.0239551 
0.0984409 
0.138893 
0.0817271 
0.0567987 
0.0503359 
0.100719 
0.0185674 
0.048056 
0.0542118 
0.0374845 
0.0728675 
0.585742 
0.388421 
0.084966 
0.0812802 
0.0709989 
0.0552053 
0.0955223 
0.109832 
0.553739 
0.0984271 
0.0197148 
0.0434733 
0.049762 
0.10721 
0.473606 
0.181525 
0.0856969 
0.0898338 
0.0413526 
0.0623842 
0.0530706 
0.0492624 
0.154807 
0.172071 
0.293115 
0.297632 
0.101174 
0.0793405 
0.0745044 
0.0771738 
0.101218 
0.0875742 
0.0919325 
0.0912895 
0.175711 
0.0762519 
0.113021 
0.0968311 
0.200415 
0.0698399 
0.15402 
0.0915147 
0.100256 
