0
0.170251 
0.171707 
0.0983738 
0.0645873 
0.105824 
0.0773697 
0.0229082 
0.0806919 
0.101917 
0.139543 
0.498049 
0.271792 
0.305813 
0.873814 
0.311486 
0.0808251 
0.141761 
0.0345062 
0.176455 
0.112567 
0.0775085 
0.110045 
0.103133 
0.037978 
0.0691215 
0.0379989 
0.0595489 
0.0527622 
0.0814977 
0.153328 
0.0797928 
0.0887357 
0.0378443 
0.101243 
0.240485 
0.649236 
0.941721 
0.24804 
0.0993505 
0.167371 
0.107295 
0.0265481 
0.024814 
0.0589601 
0.0350248 
0.033257 
0.103295 
0.156247 
0.0947026 
0.0387914 
0.0823707 
0.0622002 
0.119634 
0.0260078 
0.0807548 
0.0643642 
0.0787832 
0.0598275 
0.0595839 
0.0551395 
0.0675037 
0.0901075 
0.0901089 
0.297937 
0.154683 
0.141183 
0.0204947 
0.0385719 
0.101829 
0.083514 
0.10235 
0.0654282 
0.172172 
0.0487073 
0.0261909 
0.0373749 
0.0512044 
0.0321017 
0.0419877 
0.0683615 
0.0456045 
0.119177 
0.075234 
0.176843 
0.0805781 
0.0897907 
0.151521 
0.0507591 
0.0755585 
0.0823859 
0.0382959 
0.071002 
0.0569066 
0.0589879 
0.0406658 
0.0284215 
0.033869 
0.0291876 
0.050301 
0.0673059 
0.0742748 
0.0680362 
0.0318853 
0.0362129 
0.0383858 
0.0607778 
0.0451295 
0.0556543 
0.0653361 
0.0847758 
0.137977 
0.0424776 
0.0692467 
0.0363681 
0.0473148 
0.0196589 
0.0241678 
0.0473063 
0.110818 
