0
0.0428355 
0.0438308 
0.0395073 
0.0337429 
0.0393612 
0.0129702 
0.0644175 
0.0511642 
0.0253995 
0.042158 
0.0405816 
0.0395336 
0.0595035 
0.0393321 
0.0562329 
0.0396095 
0.0514566 
0.0470044 
0.0371945 
0.0397968 
0.0171011 
0.0483236 
0.039928 
0.0937925 
0.0712031 
0.0428328 
0.0361982 
0.175727 
0.123929 
0.0974716 
0.0534151 
0.0935571 
0.0556213 
0.11948 
0.0924283 
0.0490894 
0.0667679 
0.0573675 
0.0465322 
0.028537 
0.018978 
0.00670978 
0.0273973 
0.0209763 
0.042525 
0.0486777 
0.028809 
0.0521072 
0.0618202 
0.0194221 
0.0365468 
0.0360709 
0.0266724 
0.0157227 
0.0423672 
0.0759348 
0.0369109 
0.0187723 
0.0265907 
0.0294674 
0.0125129 
0.0280733 
0.0279736 
0.0438905 
0.0292238 
0.0461469 
0.0465523 
0.0721403 
0.0595898 
0.0884256 
0.0815634 
0.0484477 
0.0533241 
0.0358909 
0.0451951 
0.0326421 
0.0139978 
0.029261 
0.038739 
0.0566972 
0.0157642 
0.00854397 
0.0907225 
0.0417318 
0.0427205 
0.02404 
0.0229353 
0.0219649 
0.0391733 
0.0318473 
0.0378286 
0.0287282 
0.0270751 
0.037121 
0.050672 
0.052709 
0.0230066 
0.0285814 
0.028299 
0.0666936 
0.0641555 
0.0653807 
0.0827423 
0.0394109 
0.0587572 
0.0543927 
0.0299426 
0.0558489 
0.0289749 
0.0533112 
0.0322079 
0.0415567 
0.0327294 
0.0247438 
0.0598224 
0.076452 
0.0508497 
0.0274954 
0.0449213 
