0
0.167319 
0.185823 
0.122366 
0.203116 
0.177303 
0.156761 
0.154904 
0.0899873 
0.0321672 
0.0771732 
0.101703 
0.0994914 
0.116487 
0.108337 
0.0529553 
0.0655295 
0.116439 
0.115722 
0.157258 
0.0630247 
0.0479996 
0.0716688 
0.0383014 
0.058051 
0.153003 
0.0953451 
0.104256 
0.0261276 
0.0271641 
0.124245 
0.0651619 
0.101279 
0.0445505 
0.10034 
0.0774308 
0.0350953 
0.0769945 
0.0330066 
0.0809586 
0.130512 
0.0803356 
0.064174 
0.0373535 
0.0525616 
0.0645224 
0.0559046 
0.115705 
0.0598491 
0.079193 
0.0913118 
0.06504 
0.0554176 
0.0492611 
0.0836051 
0.203265 
0.0664285 
0.031706 
0.0607384 
0.0331372 
0.0136724 
0.083683 
0.0751922 
0.0613238 
0.07668 
0.0523478 
0.0801082 
0.0561362 
0.0456492 
0.0372612 
0.0948052 
0.109517 
0.0803683 
0.0552348 
0.0551871 
0.0442554 
0.069909 
0.047741 
0.0502765 
0.0312479 
0.0270421 
0.0560292 
0.118103 
0.219831 
0.0374895 
0.0838898 
0.0888578 
0.0589852 
0.140081 
0.0205664 
0.0840835 
0.0346277 
0.0430888 
0.0575893 
0.0556669 
0.0457099 
0.0409467 
0.0496702 
0.0305321 
0.0407994 
0.0580773 
0.0439423 
0.0768527 
0.0297044 
0.0380948 
0.0857368 
0.0705257 
0.0619599 
0.105248 
0.0620939 
0.0530073 
0.0251154 
0.0927329 
0.0677058 
0.0511125 
0.0701082 
0.0466581 
0.0600785 
0.083093 
0.0826244 
