0
0.0928858 
0.0332911 
0.0598922 
0.0493102 
0.0607033 
0.0397312 
0.0542583 
0.0612725 
0.0426363 
0.0633206 
0.0444153 
0.033769 
0.0630913 
0.0522888 
0.0688518 
0.0710259 
0.102695 
0.105679 
0.0518673 
0.0560377 
0.0889909 
0.043188 
0.0673886 
0.0781501 
0.0468603 
0.0705645 
0.0468743 
0.0205454 
0.0255576 
0.0592482 
0.0176684 
0.0411984 
0.0571076 
0.0338359 
0.0426696 
0.0302115 
0.069026 
0.0523419 
0.0849296 
0.0492918 
0.0435524 
0.0402004 
0.0307161 
0.0389335 
0.0366373 
0.0560126 
0.117911 
0.0560288 
0.0827159 
0.0602314 
0.0898929 
0.0919682 
0.154454 
0.11292 
0.0472238 
0.110185 
0.0824337 
0.0487608 
0.0561546 
0.0610435 
0.0686745 
0.0275365 
0.0665502 
0.0244177 
0.0783159 
0.0835455 
0.0551383 
0.0257679 
0.04715 
0.1356 
0.0646571 
0.0377316 
0.0400275 
0.0259 
0.0313371 
0.0352702 
0.0447123 
0.0329523 
0.0700487 
0.0460548 
0.0360274 
0.0608982 
0.0427878 
0.0319742 
0.0658322 
0.0654745 
0.10257 
0.0453361 
0.128085 
0.0508729 
0.0706309 
0.0498431 
0.0418068 
0.0653272 
0.0253742 
0.0647825 
0.0578512 
0.0496139 
0.037766 
0.0576715 
0.03574 
0.0993863 
0.0834126 
0.0585568 
0.0660457 
0.029979 
0.0596683 
0.0476279 
0.0413985 
0.0266535 
0.0450399 
0.120705 
0.103555 
0.0504355 
0.0892871 
0.0969434 
0.161695 
0.0864944 
0.13147 
