0
0.374012 
0.23237 
0.307249 
0.177058 
0.248148 
0.0349947 
0.138294 
0.0628828 
0.104672 
0.0439572 
0.107646 
0.0272303 
0.10543 
0.1066 
0.0460617 
0.0672225 
0.0918924 
0.162654 
0.0695463 
0.0767599 
0.0259134 
0.0657786 
0.133398 
0.0630321 
0.0701449 
0.236112 
0.0915633 
0.270588 
0.10657 
0.0967144 
0.0979988 
0.295983 
0.107119 
0.117903 
0.115032 
0.0925872 
0.0783305 
0.127574 
0.114277 
0.161893 
0.082626 
0.0818711 
0.106477 
0.145594 
0.131595 
0.0864876 
0.117819 
0.0923679 
0.138271 
0.113632 
0.0779142 
0.076947 
0.0536309 
0.183837 
0.0432784 
0.15197 
0.0686089 
0.0951584 
0.0636727 
0.0763495 
0.0705042 
0.0544158 
0.168571 
0.0608302 
0.0724935 
0.0370219 
0.334268 
0.429232 
0.17445 
0.0804705 
0.17336 
0.0529326 
0.069676 
0.0710434 
0.0525859 
0.209383 
0.146972 
0.169523 
0.110004 
0.112641 
0.116586 
0.100045 
0.0982847 
0.080158 
0.332496 
0.137722 
0.146236 
0.0808854 
0.0496681 
0.0319754 
0.112816 
0.0591619 
0.154126 
0.179521 
0.0951017 
0.104832 
0.304033 
0.155998 
0.181008 
0.0668261 
0.143064 
0.0467218 
0.0731242 
0.0680822 
0.0543098 
0.0991924 
0.0409732 
0.0408179 
0.0844156 
0.147344 
0.142861 
0.064873 
0.0936161 
0.0684051 
0.162433 
0.133708 
0.0870752 
0.0523729 
0.0891455 
0.0618529 
0.153378 
0.165558 
0.121451 
0.151529 
0.133536 
0.0752146 
0.0678999 
0.129953 
0.165453 
0.189743 
0.117013 
0.0340556 
0.0712424 
0.12338 
0.128732 
0.0578905 
0.211389 
0.1991 
0.142743 
0.0794969 
0.0882518 
0.0668393 
0.0964933 
0.0986276 
0.0956035 
0.196846 
0.129112 
0.0718442 
0.0982878 
0.0618674 
0.122175 
0.0535048 
0.0457697 
0.1775 
0.165072 
0.170567 
0.0879235 
0.133864 
0.0983913 
0.0707925 
0.13416 
0.146808 
0.139652 
0.0320846 
0.0753222 
0.108257 
0.0712039 
0.0949229 
0.0908022 
0.0701112 
0.0665414 
0.234182 
0.28049 
0.0958716 
0.142424 
0.0933015 
0.0732343 
0.045042 
0.0815329 
0.0612598 
0.0367696 
0.0818457 
0.0697082 
0.210262 
0.119172 
0.0843732 
0.112895 
0.148075 
0.401882 
0.10461 
0.13485 
0.173424 
0.142693 
0.0455439 
0.131449 
0.196628 
0.139155 
0.0721394 
0.13933 
0.0880032 
0.244374 
0.385877 
0.264191 
0.151382 
0.112436 
0.0604816 
0.0642627 
0.0690501 
0.100581 
0.0588584 
0.0914608 
0.172973 
0.170063 
0.0746565 
0.156036 
0.178689 
0.0979349 
0.0806438 
0.0828517 
0.11428 
0.12515 
0.0784333 
0.0723807 
0.0460361 
0.10049 
0.0881054 
0.0454966 
0.0317087 
0.0614739 
0.154483 
0.100037 
0.0609721 
0.150564 
0.116272 
0.0349341 
0.0495262 
0.0689518 
0.0449171 
0.0926419 
0.118943 
0.0754121 
0.119719 
0.114358 
0.0544208 
0.0220517 
0.0660546 
0.0325311 
0.0546997 
0.0584659 
0.0571681 
0.113726 
0.178967 
0.154001 
0.164956 
0.0887986 
0.170302 
0.0417161 
0.0940383 
0.0955179 
0.296198 
0.228361 
0.270738 
0.11755 
0.105263 
0.0785047 
0.0723572 
0.193923 
0.180473 
0.0834761 
0.137666 
0.158982 
0.0658044 
0.159807 
0.057788 
0.0874811 
0.0600302 
0.0334566 
0.121487 
0.0993187 
0.0663858 
0.0787911 
0.361758 
0.205997 
0.0997044 
0.224765 
0.170818 
0.0863177 
0.141445 
0.0988712 
0.115012 
0.100074 
0.0843437 
0.162199 
0.0818942 
0.116911 
0.0536051 
0.0752695 
0.263076 
0.322519 
