0
0.047621 
0.0420249 
0.0190609 
0.0803182 
0.0724678 
0.0626512 
0.0462937 
0.0319014 
0.0558311 
0.0398552 
0.0530751 
0.0616661 
0.0657987 
0.0537173 
0.0853087 
0.0590248 
0.107484 
0.0318286 
0.034074 
0.108928 
0.0545745 
0.0292302 
0.0899312 
0.0454339 
0.075795 
0.0856614 
0.0833907 
0.0492627 
0.0670436 
0.0418599 
0.0491412 
0.0350147 
0.0720251 
0.0628708 
0.052695 
0.0760803 
0.06019 
0.0720589 
0.069671 
0.0524993 
0.0637444 
0.103445 
0.0222408 
0.0299321 
0.0324086 
0.0780301 
0.0471176 
0.072307 
0.0584408 
0.0329362 
0.0571078 
0.0339179 
0.0555146 
0.055642 
0.0669563 
0.04138 
0.0536199 
0.0425548 
0.0506301 
0.0508708 
0.0459937 
0.0498903 
0.064807 
0.077345 
0.0757113 
0.0442804 
0.0555015 
0.074309 
0.112763 
0.0707878 
0.0287592 
0.086095 
0.0596669 
0.0711152 
0.0724498 
0.0732109 
0.122131 
0.14524 
0.11166 
0.0535914 
0.0317986 
0.0657352 
0.14786 
0.0578651 
0.0961371 
0.0740849 
0.0644421 
0.0234351 
0.0527673 
0.0547032 
0.0855067 
0.0680044 
0.0238202 
0.086723 
0.0462979 
0.0597562 
0.0673689 
0.041191 
0.0418128 
0.0426595 
0.107219 
0.07563 
0.0760026 
0.0462724 
0.101835 
0.0566233 
0.11001 
0.100089 
0.0595921 
0.0504452 
0.0395751 
0.0537367 
0.0577924 
0.0729236 
0.0365357 
0.0677498 
0.0670767 
0.0717337 
0.031611 
0.0398442 
0.0387029 
0.0486903 
0.0144764 
0.0458427 
0.0262497 
0.0875641 
0.112843 
0.0319931 
0.0820395 
0.0507765 
0.0455469 
0.0639552 
0.0634876 
0.0579026 
0.0653971 
0.0596542 
0.057143 
0.043717 
0.0449153 
0.0797789 
0.0867458 
0.0427128 
0.0299142 
0.0382718 
0.0538965 
0.0968186 
0.0341979 
0.0317528 
0.0520129 
0.0852575 
0.0282618 
0.0789141 
0.0568664 
0.0500267 
0.0518156 
0.0513269 
0.0448262 
0.0658663 
0.0660209 
0.0488001 
0.0412569 
0.0737495 
0.111994 
0.0758698 
0.0419665 
0.0803383 
0.104528 
0.13646 
0.075375 
0.0602249 
0.0532412 
0.0478434 
0.0716636 
0.049546 
0.0494428 
0.0907478 
0.0659837 
0.0851031 
0.0576567 
0.0710402 
0.124662 
0.0960622 
0.0764493 
0.0453275 
0.0527486 
0.116884 
0.0966202 
0.0529646 
0.0597556 
0.0842516 
0.1128 
0.116444 
0.0976889 
0.0719156 
0.059396 
0.0383438 
0.0316079 
0.0321457 
0.0465332 
0.0523998 
0.0453606 
0.0757175 
0.0671415 
0.0907088 
0.0808333 
0.0188146 
0.153068 
0.0705262 
0.0779974 
0.0345814 
0.0515893 
0.0828601 
0.0554513 
0.0471848 
0.0338534 
0.0746752 
0.0334303 
0.0380791 
0.0426173 
0.0733124 
0.0771569 
0.0447568 
0.0652829 
0.0505605 
0.0317797 
0.0635157 
0.0553416 
0.030622 
0.0254206 
0.168544 
0.127356 
0.0299385 
0.056617 
0.0450391 
0.0455005 
0.0570329 
0.0366877 
0.0807129 
0.0391127 
0.061727 
0.0363086 
0.0836226 
0.0618276 
0.0857818 
0.108327 
0.0527494 
0.0515387 
0.0522221 
0.0521771 
0.0682592 
0.0625798 
0.0728475 
0.0427012 
0.0443255 
0.0206997 
0.0750011 
0.0560403 
0.0911945 
0.133713 
0.0786497 
0.0444801 
0.0311543 
0.0886486 
0.0302597 
0.0768273 
0.0833558 
0.0283919 
0.0727631 
0.0961539 
0.0831126 
0.0158306 
0.0560211 
0.0642781 
0.0515143 
0.0557571 
0.0484735 
0.0678605 
0.0668008 
0.0244688 
0.0446096 
0.100778 
0.102153 
0.0717326 
0.0533827 
0.059701 
0.0652535 
0.0952049 
0.0351586 
0.046189 
0.0743446 
0.0691881 
0.0914752 
0.0808711 
0.028844 
0.0616171 
0.054837 
0.0488666 
0.0270371 
0.292059 
