0
0.115305 
0.073935 
0.0377415 
0.0892743 
0.0547347 
0.098295 
0.0251908 
0.144092 
0.0963505 
0.0594432 
0.110459 
0.0894249 
0.132363 
0.12516 
0.177066 
0.151921 
0.110294 
0.0902608 
0.0955273 
0.050297 
0.0244484 
0.126365 
0.078265 
0.0679425 
0.171737 
0.12712 
0.0754165 
0.0774433 
0.0891364 
0.0495013 
0.23699 
0.0983233 
0.0893286 
0.0699515 
0.0663705 
0.116292 
0.0502459 
0.0334275 
0.112396 
0.126734 
0.0456173 
0.0832977 
0.0623674 
0.143167 
0.0745639 
0.061441 
0.102836 
0.122557 
0.0633336 
0.104158 
0.0830369 
0.106162 
0.0463248 
0.060597 
0.0859225 
0.0820852 
0.0802382 
0.0838341 
0.0572034 
0.0497723 
0.0698418 
0.0276424 
0.0548629 
0.0473757 
0.0756561 
0.0536799 
0.075478 
0.0545277 
0.0412392 
0.0792832 
0.0802961 
0.0703099 
0.131053 
0.103846 
0.0891876 
0.0782733 
0.0883797 
0.0867577 
0.0705468 
0.0637433 
0.0925402 
0.0555157 
0.0952475 
0.0605813 
0.0560771 
0.0723254 
0.0422735 
0.0872978 
0.057728 
0.0595994 
0.0501296 
0.060476 
0.0484762 
0.0624238 
0.0799125 
0.152966 
0.124729 
0.0488123 
0.04355 
0.0673029 
0.0583517 
0.0286068 
0.0612622 
0.0607517 
0.0223852 
0.0606392 
0.0379296 
0.101735 
0.051974 
0.103928 
0.121927 
0.0579743 
0.0621836 
0.0512596 
0.0571262 
0.0399587 
0.0868538 
0.027895 
0.0752168 
0.0487031 
0.0474265 
0.0542979 
0.0500389 
0.0986352 
0.0160579 
0.04247 
0.0662332 
0.0828252 
0.0441177 
0.0334859 
0.0925314 
0.0699789 
0.0661915 
0.0502174 
0.0544208 
0.0957405 
0.0827113 
0.0508689 
0.0531634 
0.0429048 
0.0477693 
0.0551058 
0.074984 
0.135179 
0.0386352 
0.0375254 
0.067841 
0.0765982 
0.0573922 
0.0356446 
0.0634182 
0.049664 
0.0123183 
0.0847582 
0.0725648 
0.143975 
0.0441449 
0.0243285 
0.0574572 
0.0756304 
0.030135 
0.105605 
0.046581 
0.0486525 
0.0814265 
0.0659855 
0.0951847 
0.0426407 
0.0405331 
0.0288318 
0.108988 
0.0338984 
0.0703521 
0.0715677 
0.0575305 
0.112374 
0.0474142 
0.0546687 
0.0755854 
0.0569786 
0.106247 
0.117019 
0.0730713 
0.0544875 
0.0645215 
0.0526392 
0.0580506 
0.042541 
0.051514 
0.0528274 
0.0325368 
0.0748902 
0.0425027 
0.0538367 
0.0406624 
0.0533079 
0.0494707 
0.0506679 
0.0583506 
0.0598282 
0.0760181 
0.0387268 
0.0572382 
0.0892958 
0.0551194 
0.0260432 
0.0576531 
0.0479722 
0.0529908 
0.0354777 
0.0638135 
0.0669648 
0.0799007 
0.079693 
0.0733811 
0.0805239 
0.0299428 
0.0625519 
0.0633591 
0.0572117 
0.0586262 
0.0517691 
0.0410777 
0.0628515 
0.0449986 
0.0303809 
0.0729271 
0.0303271 
0.127057 
0.0403693 
0.0562964 
0.0860411 
0.109031 
0.119703 
0.045618 
0.137585 
0.0795387 
0.0881013 
0.0310853 
0.0520401 
0.0497742 
0.0617643 
0.0138232 
0.0857955 
0.0785332 
0.117685 
0.0772887 
0.0642244 
0.0634602 
0.0803147 
0.0576658 
0.0436778 
0.0301855 
0.0842186 
0.0408764 
0.0696947 
0.0367487 
0.0811395 
0.0688629 
0.124544 
0.0491066 
0.107725 
0.0887191 
0.0852094 
0.0713146 
0.0640118 
0.0972319 
0.0646906 
0.0491997 
0.0855929 
0.0548714 
0.0497373 
0.052841 
0.0533376 
0.0428197 
0.118787 
0.0689363 
0.0175318 
0.0661054 
0.0513074 
0.0288731 
0.0731177 
0.0770998 
0.0499338 
0.0608451 
0.0858884 
0.054824 
0.0461093 
0.0434094 
0.083108 
0.0349062 
0.142189 
0.0761111 
0.0501201 
0.0812928 
0.0823725 
0.0834761 
0.0565228 
0.179396 
