0
0.0971061 
0.0890615 
0.114971 
0.0997407 
0.0927712 
0.10132 
0.121003 
0.0312553 
0.0813209 
0.140146 
0.164383 
0.0676879 
0.0567991 
0.0745224 
0.0778474 
0.1213 
0.072917 
0.0720848 
0.0634131 
0.116242 
0.140968 
0.0615383 
0.109902 
0.112855 
0.0831891 
0.0488298 
0.0495114 
0.0348195 
0.046087 
0.0877639 
0.0783947 
0.060382 
0.114682 
0.150811 
0.0442947 
0.0550816 
0.0953637 
0.0637099 
0.121103 
0.0413667 
0.078588 
0.0756308 
0.0677813 
0.105491 
0.0648892 
0.0433778 
0.0702003 
0.0926326 
0.0931945 
0.0803192 
0.126901 
0.0469723 
0.0433301 
0.0654666 
0.0560872 
0.0800934 
0.0418186 
0.0576322 
0.0597346 
0.0651266 
0.0933247 
0.0885943 
0.0546453 
0.0936759 
0.108609 
0.124039 
0.157586 
0.105189 
0.0519309 
0.0540992 
0.0963755 
0.138485 
0.0771096 
0.0265121 
0.116516 
0.107005 
0.0586326 
0.04853 
0.0785136 
0.100417 
0.121613 
0.0669608 
0.0489999 
0.113814 
0.0725495 
0.15347 
0.144085 
0.0785123 
0.0696568 
0.0867843 
0.117291 
0.0621126 
0.059839 
0.0438727 
0.0920517 
0.111624 
0.0907211 
0.0912253 
0.0814191 
0.0357703 
0.031412 
0.0225874 
0.0597682 
0.0342273 
0.103082 
0.0614855 
0.0531205 
0.0705888 
0.0705906 
0.0520994 
0.0689833 
0.0829381 
0.127032 
0.088074 
0.0529971 
0.0933712 
0.0892591 
0.0435172 
0.106266 
0.0785191 
0.114878 
0.093035 
0.101328 
0.126646 
0.0614867 
0.0812328 
0.100916 
0.0552131 
0.11315 
0.130054 
0.102578 
0.0608716 
0.155334 
0.0834015 
0.0497834 
0.0945885 
0.0544012 
0.033707 
0.130256 
0.0324804 
0.0744732 
0.0528775 
0.128697 
0.0759626 
0.0676519 
0.106747 
0.113311 
0.0569607 
0.023125 
0.0934986 
0.0694792 
0.0674633 
0.118522 
0.0761828 
0.0427907 
0.0629012 
0.068255 
0.0667322 
0.0430618 
0.0284683 
0.100633 
0.0738071 
0.110279 
0.13604 
0.050095 
0.0541883 
0.0671302 
0.0734736 
0.0927452 
0.0946636 
0.0666485 
0.0481936 
0.077975 
0.153039 
0.191512 
0.0683022 
0.110405 
0.0695422 
0.0782243 
0.0924043 
0.0796317 
0.0681465 
0.0844079 
0.104802 
0.0721082 
0.0467023 
0.0394937 
0.0729897 
0.101493 
0.115895 
0.0316315 
0.105293 
0.0676987 
0.070815 
0.0881177 
0.0915006 
0.0920293 
0.187677 
0.109169 
0.0654581 
0.0523598 
0.0900369 
0.120396 
0.175208 
0.0472321 
0.139799 
0.169895 
0.130727 
0.0962357 
0.109251 
0.0918453 
0.0686551 
0.0805479 
0.0770569 
0.097165 
0.0547017 
0.0817524 
0.0272342 
0.138509 
0.12868 
0.0538074 
0.170139 
0.174108 
0.0975048 
0.244216 
0.107317 
0.175105 
0.0724242 
0.126359 
0.0816078 
0.209818 
0.217108 
0.247749 
0.0957151 
0.0982781 
0.285204 
0.197992 
0.115642 
0.130408 
0.135466 
0.228114 
0.227349 
0.250738 
0.0140284 
0.135856 
0.289748 
0.281667 
0.191765 
0.0484431 
0.189905 
0.183188 
0.203254 
0.164951 
0.0627121 
0.209925 
0.191191 
0.188809 
0.152616 
0.0776887 
0.110733 
0.217647 
0.262032 
0.141048 
0.118056 
0.0911703 
0.108808 
0.109719 
0.264756 
0.249877 
0.108476 
0.119952 
0.156377 
0.177178 
0.135509 
0.112378 
0.173744 
0.21104 
0.159038 
0.253293 
0.197202 
0.173723 
0.101014 
0.111516 
0.113162 
0.097599 
0.229704 
0.227197 
0.145907 
0.106474 
0.148551 
0.107218 
0.129215 
0.0855663 
0.0364578 
0.109201 
0.0873672 
0.0921211 
0.126587 
0.0824434 
