0
0.158876 
0.12809 
0.174105 
0.124766 
0.406597 
0.46546 
0.656879 
0.443211 
0.481086 
0.823624 
0.361993 
0.278754 
0.165987 
0.227329 
0.295885 
0.0849802 
0.352901 
1.21962 
0.21841 
0.466256 
0.318982 
0.147307 
0.215511 
0.127691 
0.126222 
0.327838 
0.358796 
0.193841 
0.121143 
0.222309 
0.224089 
0.136711 
0.3371 
0.344913 
0.15976 
0.28287 
0.228611 
0.439501 
0.16677 
0.24063 
0.215317 
0.206849 
0.245494 
0.175446 
0.359775 
0.287095 
0.305146 
0.139434 
0.14379 
0.183205 
0.115092 
0.102678 
0.187908 
0.251172 
0.151932 
0.210107 
0.220313 
0.263332 
1.09752 
0.313464 
0.561555 
0.392159 
0.253035 
0.40102 
0.282383 
0.178978 
0.452893 
0.190278 
0.0752159 
0.241574 
0.169192 
0.139891 
0.126557 
0.251636 
0.207079 
0.284608 
0.363865 
0.253675 
0.463373 
0.53041 
0.355973 
0.0961729 
0.201321 
0.414369 
0.219112 
0.246869 
0.0605869 
0.068415 
0.169621 
0.146265 
0.139084 
0.0984648 
0.178848 
0.129247 
0.0969221 
0.117354 
0.0686181 
0.0460772 
0.111473 
0.0498466 
0.103632 
0.0468467 
0.0311841 
0.104961 
0.0677971 
0.161237 
0.0576019 
0.0918316 
0.0441938 
0.0853802 
0.0678621 
0.0138001 
0.0869547 
0.182043 
0.142071 
0.0854733 
0.0650722 
0.0317817 
0.101742 
0.10188 
0.0878704 
0.0955289 
0.061979 
0.104449 
0.0421338 
0.0719091 
0.0736343 
0.0506797 
0.0518827 
0.0510219 
0.0717822 
0.0298588 
0.386501 
0.143493 
0.0969873 
0.0480858 
0.163154 
0.0951561 
0.117873 
0.0979318 
0.0608618 
0.062465 
0.0503409 
0.0710612 
0.0510581 
0.113643 
0.0589829 
0.0982697 
0.0522031 
0.0551281 
0.0631207 
0.0549862 
0.062315 
0.0867014 
0.132903 
0.167535 
0.118788 
0.0504237 
0.0225924 
0.0300729 
0.0622388 
0.0400601 
0.0277865 
0.0476512 
0.0636458 
0.0532061 
0.035896 
0.166587 
1.28669 
1.08375 
0.159032 
0.0764236 
0.102182 
0.149186 
0.139165 
0.0780225 
0.0951364 
0.129356 
0.0794692 
0.0757212 
0.0759135 
0.202382 
0.238317 
0.251511 
0.134076 
0.0799461 
0.0665841 
0.182774 
0.0990174 
0.0581105 
0.11459 
0.080211 
0.0997229 
0.0332245 
0.0617535 
0.0688316 
0.0713294 
0.0380517 
0.0638814 
0.068733 
0.0231917 
0.0563326 
0.0896199 
0.0900708 
0.0393018 
0.0533505 
0.0850223 
0.0658421 
0.0515372 
0.0338635 
0.108344 
0.0387779 
0.0949459 
0.0649733 
0.0808145 
0.08998 
0.0776877 
0.0734214 
0.10202 
0.113259 
0.125238 
0.0816289 
0.0721495 
0.0582949 
0.0913508 
0.0850728 
0.0921057 
0.067783 
0.0807698 
0.0696125 
0.0836492 
0.0825612 
0.0648262 
0.0533234 
0.0962841 
0.0303785 
0.0786233 
0.0512464 
0.062855 
0.0522419 
0.0426061 
0.0597525 
0.0570058 
0.0450641 
0.0651326 
0.0464617 
0.0857393 
0.101578 
0.110398 
0.157536 
0.125599 
0.110968 
0.133787 
0.110894 
0.127695 
0.0744181 
0.0947178 
0.100418 
0.0570897 
0.0839622 
0.176003 
0.11153 
0.265629 
0.28476 
0.123245 
0.159303 
0.184327 
0.0958602 
0.0964643 
0.140123 
0.0501482 
0.0910039 
0.0450938 
0.0708576 
0.0593719 
0.0530909 
0.0850423 
0.066734 
0.0443837 
0.0938477 
0.0810791 
0.166042 
0.111313 
0.0692105 
0.0607909 
0.0651576 
0.0352167 
0.0401582 
0.0724659 
0.178127 
0.115422 
0.161198 
0.0777713 
0.0627536 
0.0959959 
0.118747 
0.105631 
0.0884953 
0.304292 
