0
0.035816 
0.0581521 
0.0717966 
0.046098 
0.0556904 
0.0358649 
0.0403263 
0.0641208 
0.0129604 
0.0469935 
0.0440358 
0.0479245 
0.0303971 
0.10864 
0.077642 
0.0637215 
0.0291654 
0.0327791 
0.0134993 
0.0194788 
0.0609976 
0.0511578 
0.0658533 
0.0680057 
0.071961 
0.12103 
0.0658263 
0.0257917 
0.0804633 
0.0693502 
0.0546258 
0.0501295 
0.0505051 
0.0733405 
0.0558 
0.0275311 
0.0342426 
0.0679116 
0.075788 
0.0731771 
0.105113 
0.0327556 
0.0437436 
0.038767 
0.107599 
0.0920249 
0.0445967 
0.0457674 
0.0546198 
0.0793081 
0.0732185 
0.0941447 
0.0961742 
0.0517954 
0.0343223 
0.0328758 
0.0244824 
0.0829538 
0.0787221 
0.035096 
0.0570867 
0.0286271 
0.0293089 
0.0252866 
0.0576071 
0.0549905 
0.027484 
0.063416 
0.0481546 
0.111807 
0.058054 
0.0878919 
0.0680304 
0.0973997 
0.0544695 
0.0618439 
0.0585318 
0.0360872 
0.0628323 
0.0700214 
0.0575705 
0.0252696 
0.0591646 
0.0544187 
0.0727349 
0.0360204 
0.0469224 
0.0826185 
0.062983 
0.0657214 
0.023181 
0.0517678 
0.0537392 
0.027992 
0.0629644 
0.0585264 
0.0230826 
0.0254801 
0.0548169 
0.0771829 
0.0745432 
0.0338306 
0.0417943 
0.0521935 
0.0375941 
0.00975171 
0.0356093 
0.0275274 
0.0565234 
0.0462109 
0.101033 
0.068955 
0.0776012 
0.0968254 
0.0599563 
0.0496421 
0.0741093 
0.0651455 
0.0355025 
0.0802148 
0.0795677 
0.0666658 
0.0262976 
0.0761081 
0.104485 
0.0619832 
0.0396467 
0.0246594 
0.0573004 
0.0690901 
0.0453029 
0.0391399 
0.0421461 
0.0318031 
0.0472044 
0.062177 
0.04876 
0.0444872 
0.054063 
0.0428831 
0.070418 
0.0688668 
0.038592 
0.0256117 
0.0356652 
0.0375024 
0.0804795 
0.0742476 
0.0813696 
0.0519289 
0.0205241 
0.0369616 
0.0387649 
0.088586 
0.128763 
0.0248563 
0.0316194 
0.077136 
0.108514 
0.081519 
0.0643366 
0.0326075 
0.10797 
0.0818355 
0.0481273 
0.0737642 
0.0837945 
0.0742215 
0.0795575 
0.0599281 
0.0312825 
0.0266217 
0.0254216 
0.0733225 
0.0622302 
0.0482946 
0.0660987 
0.0939154 
0.0466868 
0.0701354 
0.0442911 
0.094539 
0.0820961 
0.0544924 
0.0724449 
0.136546 
0.0902892 
0.0670086 
0.0741854 
0.0416286 
0.0286922 
0.0651033 
0.0759084 
0.131783 
0.0858222 
0.0995859 
0.0761015 
0.103125 
0.110144 
0.144149 
0.0734189 
0.0484708 
0.0484816 
0.0735524 
0.044177 
0.0984084 
0.0731975 
0.0682989 
0.0561254 
0.0760379 
0.145688 
0.0779407 
0.0804106 
0.0619599 
0.0866449 
0.102464 
0.0956539 
0.0889714 
0.0287652 
0.0512894 
0.0348759 
0.11738 
0.0841294 
0.0848786 
0.043874 
0.0827522 
0.0836819 
0.0709751 
0.0654386 
0.0598763 
0.089069 
0.0491765 
0.0549295 
0.09751 
0.0786361 
0.0801297 
0.0792969 
0.101816 
0.0933344 
0.143973 
0.145859 
0.0543569 
0.0900268 
0.107938 
0.0986271 
0.192943 
0.0423739 
0.0328577 
0.0528375 
0.123296 
0.0698942 
0.0580037 
0.171993 
0.0609256 
0.0405348 
0.19739 
0.140186 
0.0902575 
0.0709399 
0.0581383 
0.0739906 
0.00960649 
0.0636404 
0.0269204 
0.111686 
0.0466659 
0.0370014 
0.0396111 
0.069043 
0.113033 
0.0636219 
0.0790713 
0.0400615 
0.0784986 
0.0771033 
0.0727726 
0.0549549 
0.0435996 
0.0876395 
0.0720091 
0.104028 
0.0738644 
0.0960066 
0.104783 
0.0967439 
0.135517 
0.0548133 
0.0795033 
0.0671446 
0.0593827 
0.0677361 
0.092434 
0.0622739 
0.0884808 
0.0407751 
0.0392014 
0.0665394 
0.0476982 
0.0735552 
