0
0.0869574 
0.0521167 
0.114085 
0.0806199 
0.120902 
0.117611 
0.0845168 
0.063681 
0.0610712 
0.0453544 
0.0428302 
0.0275458 
0.0691352 
0.052068 
0.048198 
0.058778 
0.0609061 
0.0375898 
0.0308216 
0.0841275 
0.0710464 
0.164107 
0.241475 
0.0962467 
0.0921565 
0.132568 
0.104042 
0.0630794 
0.0641003 
0.104684 
0.0748519 
0.136491 
0.0997078 
0.102001 
0.106302 
0.089324 
0.229082 
0.728527 
0.233018 
0.300849 
0.112602 
0.230656 
0.108149 
0.137565 
0.0541933 
0.0403367 
0.0337204 
0.0244658 
0.0369757 
0.079607 
0.0649442 
0.077111 
0.105183 
0.0972934 
0.160855 
0.123911 
0.0795336 
0.096357 
0.0898329 
0.0312207 
0.0762803 
0.0383746 
0.0621169 
0.0441362 
0.0522123 
0.0678643 
0.0816024 
0.0781956 
0.159674 
0.238903 
0.111025 
0.0507137 
0.0372072 
0.0935207 
0.0726169 
0.0733057 
0.034586 
0.0206388 
0.0149763 
0.0359929 
0.0204582 
0.0713036 
0.0170485 
0.0153246 
0.0316047 
0.0162956 
0.0524678 
0.0172194 
0.0374928 
0.075674 
0.0613422 
0.0433127 
0.112181 
0.0863607 
0.0472362 
0.0489007 
0.0797507 
0.0745762 
0.0381675 
0.0343859 
0.111021 
0.0819935 
0.101822 
0.0510359 
0.0968355 
0.0859539 
0.0633493 
0.0395416 
0.126557 
0.177821 
0.157354 
0.0394678 
0.102372 
0.09292 
0.0772928 
0.108083 
0.0692153 
0.0621926 
0.0829921 
0.138604 
0.132213 
0.0440205 
0.0624912 
0.121849 
0.105548 
0.0480735 
0.0295035 
0.089025 
0.0659396 
0.0934245 
0.04178 
0.176414 
0.144054 
0.0414582 
0.0733203 
0.124388 
0.0661176 
0.0775519 
0.0759079 
0.0952578 
0.0226619 
0.0403893 
0.0579964 
0.0640862 
0.0511021 
0.0514129 
0.0338337 
0.043943 
0.0318793 
0.0718876 
0.0591881 
0.0216905 
0.0512599 
0.0439092 
0.094403 
0.038415 
0.0377288 
0.0664282 
0.0754097 
0.0774657 
0.0881645 
0.0647536 
0.0508975 
0.149278 
0.169647 
0.0606618 
0.111182 
0.0763838 
0.0246367 
0.0709245 
0.0922541 
0.0851023 
0.0848804 
0.0820156 
0.0960641 
0.0966633 
0.0791558 
0.0429158 
0.0526858 
0.0606228 
0.104842 
0.0430784 
0.0395406 
0.0403644 
0.0731851 
0.0695723 
0.0662173 
0.0678683 
0.0254082 
0.0741698 
0.0690707 
0.0992735 
0.0539578 
0.0535118 
0.0570107 
0.0879307 
0.118789 
0.0851865 
0.100654 
0.0869348 
0.039123 
0.0640526 
0.0577592 
0.0372313 
0.108107 
0.0784412 
0.198228 
0.113168 
0.215158 
0.078116 
0.186337 
0.0837272 
0.0916329 
0.038605 
0.060563 
0.100955 
0.125445 
0.135571 
0.0992526 
0.0640978 
0.0873105 
0.0195281 
0.0531046 
0.392855 
0.232181 
0.112543 
0.0774524 
0.1507 
0.0898491 
0.0710109 
0.0249329 
0.0605691 
0.0491504 
0.0953923 
0.066726 
0.0196341 
0.0199881 
0.0202128 
0.0998988 
0.0942816 
0.0256413 
0.0622542 
0.0324826 
0.0788106 
0.0674907 
0.0413835 
0.0998209 
0.0558835 
0.0669677 
0.0600426 
0.033579 
0.0695696 
0.0325858 
0.127255 
0.0548235 
0.0718254 
0.0492304 
0.0539224 
0.102036 
0.0849526 
0.0157668 
0.176455 
0.141056 
0.0869774 
0.0930007 
0.0471662 
0.0930686 
0.0711429 
0.0875193 
0.0833775 
0.120849 
0.062939 
0.0698969 
0.0354161 
0.05726 
0.0480416 
0.0650164 
0.0423288 
0.0606049 
0.0689594 
0.051397 
0.0344161 
0.0640716 
0.0997407 
0.297765 
0.200939 
0.0967978 
0.113762 
0.100748 
0.0529939 
0.0560388 
0.0519143 
0.0205134 
0.0402785 
0.072613 
0.0556537 
0.0662527 
0.0524016 
0.329236 
