0
0.0949326 
0.104283 
0.10953 
0.19218 
0.18005 
0.244974 
0.0437957 
0.197507 
0.110581 
0.0556354 
0.0602246 
0.190935 
0.0877405 
0.124223 
0.233046 
0.256172 
0.251617 
0.112357 
0.102662 
0.173577 
0.143028 
0.254874 
0.127642 
0.259748 
0.109195 
0.26999 
0.0661926 
0.255858 
0.104416 
0.106631 
0.201124 
0.190368 
0.0280295 
0.0438565 
0.158382 
0.158416 
0.0544134 
0.103104 
0.155876 
0.113135 
0.181513 
0.24536 
0.185518 
0.140098 
0.062234 
0.092471 
0.106426 
0.0532661 
0.0892984 
0.0736098 
0.158022 
0.210302 
0.274225 
0.449305 
0.339036 
0.126031 
0.501445 
0.682714 
0.185043 
0.192522 
0.26727 
0.614739 
0.482577 
0.359481 
0.0942418 
0.0285311 
0.103021 
0.112261 
0.149271 
0.106698 
0.0480144 
0.122028 
0.0436019 
0.0717796 
0.0498868 
0.0603756 
0.0990524 
0.154227 
0.182149 
0.25187 
0.0809572 
0.0491114 
0.0743892 
0.146507 
0.106177 
0.284067 
0.754515 
0.176247 
0.487228 
0.12799 
0.0991106 
0.116213 
0.0660375 
0.0558299 
0.105091 
0.129035 
0.103563 
0.0578461 
0.109207 
0.098127 
0.0699359 
0.0746008 
0.0769641 
0.0829368 
0.0705296 
0.09996 
0.200453 
0.310916 
0.188815 
0.10268 
0.0293434 
0.19411 
0.0697668 
0.181551 
0.171614 
0.105176 
0.0368046 
0.0322253 
0.0938096 
0.150102 
0.0542198 
0.0667077 
0.0622673 
0.0502513 
0.0224871 
0.0836807 
0.102348 
0.0713152 
0.0751446 
0.0876671 
0.0590338 
0.0435048 
0.278385 
0.296628 
0.0935121 
0.0829019 
0.260001 
0.101463 
0.0966963 
0.0869726 
0.0805747 
0.0963909 
0.147161 
0.126254 
0.0711744 
0.0642469 
0.094329 
0.007608 
0.0372593 
0.0227365 
0.438496 
4.37545 
4.20833 
0.692571 
0.711392 
0.733219 
0.106088 
0.223065 
0.079633 
0.250213 
0.041445 
0.0617194 
0.058348 
0.0727925 
0.0496213 
0.0495568 
0.052183 
0.046428 
0.0728429 
0.122626 
0.0664254 
0.081705 
0.0971346 
0.102939 
0.14471 
0.0456987 
0.0967867 
0.0511803 
0.133597 
0.157815 
0.129475 
0.0935381 
0.123353 
0.123185 
0.116127 
0.0337003 
0.0678345 
0.231365 
0.371282 
1.59835 
1.60304 
0.119705 
0.0906833 
0.0567454 
0.0852211 
0.180582 
0.105677 
0.162293 
0.0685069 
0.117272 
0.146167 
0.0915889 
0.0412781 
0.435473 
0.179537 
0.026189 
0.100021 
0.0718926 
0.0976405 
0.0384884 
0.157666 
0.228203 
0.101547 
0.137479 
0.102155 
0.0995084 
0.0617427 
0.0641861 
0.0662473 
0.0935832 
0.120059 
0.0480227 
0.0940635 
0.081505 
0.0380201 
0.0633961 
0.109888 
0.0876469 
0.0998186 
0.0978855 
0.0798286 
0.161165 
0.118655 
0.0781965 
0.0457101 
0.0802971 
0.0501533 
0.101688 
0.0789665 
0.0833465 
0.0692799 
0.0631218 
0.0528234 
0.115949 
0.172739 
0.426838 
0.378974 
0.0356974 
0.0720474 
0.073975 
0.0697142 
0.139723 
0.116237 
0.0717657 
0.0456274 
0.102563 
0.0564075 
0.0687207 
0.112103 
0.0403278 
0.517505 
0.464336 
0.119027 
0.10457 
0.10953 
0.103043 
0.149488 
0.0612043 
0.065963 
0.332759 
0.0980871 
0.180763 
0.0828116 
0.118974 
0.0529619 
0.0799719 
0.0789117 
0.169968 
0.0936834 
0.133616 
0.0567626 
0.0816386 
0.0466302 
0.0632176 
0.0680028 
0.111979 
0.0969109 
0.0810502 
0.0756974 
0.0617871 
0.0644351 
0.120369 
0.0792538 
0.0351894 
0.0966185 
0.0487073 
0.0693587 
0.0670251 
0.210013 
