0
0.125245 
0.0782365 
0.230881 
0.129726 
0.432097 
0.321264 
0.273063 
0.166494 
0.128272 
0.158349 
0.202271 
0.201701 
0.246384 
0.13323 
0.163888 
0.423349 
0.434526 
0.452216 
1.17552 
0.429555 
0.119803 
0.0720422 
0.211885 
0.168159 
0.186174 
0.265553 
0.503457 
0.16253 
0.0913231 
0.10974 
0.187938 
0.172381 
0.125058 
0.10088 
0.154129 
0.0737408 
0.136608 
0.061788 
0.142012 
0.129357 
0.186124 
0.083499 
0.152842 
0.232482 
0.275779 
0.142187 
0.105743 
0.40344 
0.989818 
0.192644 
0.677893 
0.236322 
0.202339 
0.16786 
0.220089 
0.141687 
0.0533802 
0.0557113 
0.117603 
0.0879579 
0.0915666 
0.10245 
0.055902 
0.0593767 
0.247202 
0.351914 
0.103484 
0.0516925 
0.0825935 
0.0425606 
0.103365 
0.229596 
0.337665 
0.224857 
0.232187 
0.0181029 
0.130341 
0.175353 
0.500191 
0.270667 
0.510476 
0.503869 
0.201156 
0.256685 
0.167589 
0.20146 
0.17461 
0.107669 
0.103925 
0.0662716 
0.0782784 
0.350546 
0.401629 
0.591599 
0.401272 
0.0500535 
0.212812 
0.29912 
0.214294 
0.0629394 
0.235684 
0.124459 
0.129622 
0.129673 
0.222249 
0.0860159 
0.104336 
0.107864 
0.117027 
0.201034 
0.136234 
0.080287 
0.0572226 
0.112682 
0.0604186 
0.048814 
0.0665665 
0.0925874 
0.132327 
0.0519101 
0.0518714 
0.0771265 
0.0548547 
0.121869 
0.131907 
0.097071 
0.0883965 
0.0674673 
0.0562016 
0.12615 
0.12488 
0.0625411 
0.0756634 
0.0461019 
0.085786 
0.0753406 
0.05157 
0.136095 
0.0847681 
0.0710426 
0.0576863 
0.1007 
0.0936573 
0.0849298 
0.0981137 
0.134287 
0.066442 
0.106649 
0.0710557 
0.102446 
0.0854732 
0.0781106 
0.0637834 
0.0187573 
0.0408759 
0.143486 
0.160284 
0.0815731 
0.0656211 
0.0532769 
0.207714 
0.189509 
0.285166 
0.130726 
0.148109 
0.150524 
0.083334 
0.0450997 
0.0336915 
0.0752568 
0.151988 
0.179245 
0.195323 
0.144116 
0.0914534 
0.0549522 
0.0372744 
0.0392264 
0.0698954 
0.0934915 
0.068316 
0.130474 
0.0590138 
0.154127 
0.0697244 
0.114662 
0.151381 
0.0687805 
0.0876213 
0.142147 
0.148045 
0.0985164 
0.167883 
0.0855916 
0.108624 
0.10875 
0.105198 
0.0504388 
0.0889999 
0.0776904 
0.105486 
0.147912 
0.180061 
0.142757 
0.0749133 
0.10702 
0.0531812 
0.092661 
0.0353924 
0.0826703 
0.0855761 
0.213419 
0.0954524 
0.122803 
0.172957 
0.106312 
0.189178 
0.128769 
0.186771 
0.190416 
0.0764413 
0.132191 
0.13334 
0.0615758 
0.0657319 
0.138741 
0.414552 
0.313847 
0.0428611 
0.271652 
0.138813 
0.0788349 
0.20575 
0.156434 
0.166355 
0.151916 
0.0699947 
0.0983769 
0.0831738 
0.054333 
0.111608 
0.201309 
0.151235 
0.0856186 
0.481921 
0.11543 
0.208845 
0.0751277 
1.35806 
1.03571 
1.53989 
0.41065 
0.180557 
0.170322 
0.131903 
0.157689 
0.164768 
0.0950719 
0.212843 
0.208887 
0.219631 
0.0543471 
0.123533 
0.171506 
0.108705 
0.177835 
0.178445 
0.0944801 
0.151128 
0.219506 
0.232706 
0.385973 
0.233467 
0.262461 
0.447139 
0.348728 
0.113873 
0.222925 
0.147011 
0.603296 
0.169089 
0.427385 
0.186907 
0.118506 
0.321789 
0.201385 
0.185399 
0.144868 
0.112758 
0.332588 
0.472413 
0.623653 
0.314021 
0.109759 
0.159461 
0.0964302 
0.188461 
0.187383 
0.221703 
