0
0.0884953 
0.0461845 
0.120243 
0.102703 
0.069819 
0.0579234 
0.0777655 
0.092238 
0.0778423 
0.0811264 
0.0693307 
0.0702658 
0.0549127 
0.119153 
0.0986177 
0.079936 
0.145603 
0.26729 
0.141079 
0.16388 
0.258224 
0.155622 
0.1314 
0.120487 
0.18907 
0.187603 
0.193948 
0.0843998 
0.0589307 
0.0763365 
0.0695422 
0.0648383 
0.112872 
0.0657392 
0.0758012 
0.0750289 
0.0854968 
0.0560296 
0.114849 
0.130297 
0.0530692 
0.0931598 
0.0799654 
0.078105 
0.0467713 
0.0340656 
0.0911067 
0.106475 
0.0615075 
0.110977 
0.100214 
0.0887207 
0.127852 
0.0797408 
0.0481016 
0.0546611 
0.118888 
0.130081 
0.0750967 
0.0767385 
0.190182 
0.0366409 
0.116924 
0.146139 
0.123075 
0.0407081 
0.0670289 
0.148076 
0.116485 
0.0746212 
0.0625466 
0.0907889 
0.0157232 
0.046537 
0.0928417 
0.095424 
0.0570085 
0.0793529 
0.0237684 
0.0907729 
0.0673518 
0.105614 
0.120302 
0.120519 
0.0757026 
0.0998245 
0.242435 
0.249699 
0.0686033 
0.0651238 
0.114827 
0.168063 
0.0777658 
0.217342 
0.121364 
0.0854441 
0.125743 
0.0560498 
0.0894714 
0.13092 
0.0481956 
0.171849 
0.186419 
0.10679 
0.0864126 
0.14848 
0.0932434 
0.120567 
0.0698413 
0.285821 
0.197303 
0.120483 
0.113287 
0.0733909 
0.190656 
0.212968 
0.15059 
0.0334099 
0.0789532 
0.0606613 
0.0879976 
0.0842282 
0.078066 
0.083806 
0.0713829 
0.114092 
0.147163 
0.17565 
0.190973 
0.108098 
0.111557 
0.170657 
0.109873 
0.0385095 
0.0770553 
0.0658471 
0.0852929 
0.077802 
0.129878 
0.0970983 
0.037455 
0.0592776 
0.133219 
0.0647941 
0.0893938 
0.0591832 
0.097822 
0.0717294 
0.00462467 
0.0271414 
0.0637186 
0.0415704 
0.0639619 
0.0520595 
0.160935 
0.0997384 
0.0481402 
0.163132 
0.18041 
0.0761384 
0.0601456 
0.124169 
0.0661143 
0.0722749 
0.0954058 
0.171008 
0.196667 
0.093009 
0.126934 
0.104474 
0.110899 
0.110554 
0.102994 
0.0868958 
0.0424167 
0.0563974 
0.0614864 
0.0964497 
0.0682423 
0.0629673 
0.0416959 
0.0556441 
0.230366 
0.309015 
0.353886 
0.25831 
0.149615 
0.0657609 
0.114322 
0.0953344 
0.0871314 
0.184351 
0.15849 
0.192152 
0.167451 
0.149565 
0.0910421 
0.112068 
0.0767616 
0.107805 
0.117734 
0.187222 
0.0560286 
0.196155 
0.19179 
0.220623 
0.0809274 
0.135886 
0.101027 
0.121329 
0.0783732 
0.108081 
0.250587 
0.235677 
0.141315 
0.183518 
0.100508 
0.0767984 
0.113693 
0.122289 
0.041189 
0.061708 
0.154906 
0.137151 
0.128638 
0.0865875 
0.0576137 
0.132272 
0.0518435 
0.130646 
0.191229 
0.181564 
0.0565252 
0.0632528 
0.0593205 
0.0952021 
0.0604579 
0.0537754 
0.0554159 
0.0563665 
0.0800878 
0.139966 
0.051229 
0.0959164 
0.112479 
0.1181 
0.029661 
0.245318 
0.401672 
0.188003 
0.122985 
0.140454 
0.122293 
0.0778186 
0.181181 
0.107008 
0.059614 
0.0846901 
0.0740964 
0.104803 
0.0687415 
0.081677 
0.0717024 
0.0822921 
0.215238 
0.044368 
0.325945 
0.274828 
0.0975654 
0.0542529 
0.269356 
0.134456 
0.170885 
0.190974 
0.0955794 
0.0766865 
0.215293 
0.0983107 
0.0795455 
0.119711 
0.231578 
0.264047 
0.183744 
0.157442 
0.0886042 
0.0748032 
0.0923363 
0.0738221 
0.102045 
0.133301 
0.066472 
0.0856777 
0.150259 
0.147477 
0.151399 
0.104773 
0.0911553 
0.273601 
0.234243 
