0
0.0919148 
0.105352 
0.117449 
0.0963228 
0.0339174 
0.119211 
0.066658 
0.0447161 
0.0838495 
0.0825225 
0.0705484 
0.0478741 
0.0652883 
0.0934353 
0.039057 
0.0391947 
0.0538845 
0.103641 
0.137207 
0.114495 
0.0345527 
0.0487076 
0.0394285 
0.0369531 
0.0809848 
0.109751 
0.0894592 
0.101308 
0.0629615 
0.0949012 
0.0676229 
0.0370394 
0.0552766 
0.134664 
0.0675216 
0.0678432 
0.0480911 
0.0628999 
0.0811384 
0.0920647 
0.0412024 
0.035945 
0.0366124 
0.080307 
0.102674 
0.106606 
0.0529423 
0.059297 
0.0411429 
0.0491659 
0.0416267 
0.107543 
0.113111 
0.120695 
0.112018 
0.0714824 
0.0378139 
0.0630224 
0.0567141 
0.0506516 
0.0458917 
0.0651949 
0.0393953 
0.0324912 
0.0573694 
0.0420655 
0.0369675 
0.0677992 
0.255336 
0.0929185 
0.123648 
0.0454117 
0.0320224 
0.0802175 
0.042527 
0.0815558 
0.0715397 
0.0791996 
0.058996 
0.0356449 
0.0739757 
0.0400104 
0.0457511 
0.042051 
0.0426859 
0.0357013 
0.0571349 
0.0454257 
0.0807752 
0.0284928 
0.0569582 
0.122977 
0.0577637 
0.0453885 
0.0469545 
0.0555079 
0.0632856 
0.0336407 
0.0260619 
0.0476784 
0.0702334 
0.0661921 
0.0275466 
0.105985 
0.0793859 
0.0812201 
0.0496204 
0.0456818 
0.0437279 
0.0196251 
0.0513194 
0.290635 
0.120068 
0.0626669 
0.0470153 
0.0873044 
0.0625869 
0.0489654 
0.035352 
0.0482165 
0.0369518 
0.0401608 
0.0491849 
0.0627541 
0.0981279 
0.0996158 
0.0737166 
0.050391 
0.0609417 
0.0181587 
0.0731908 
0.062475 
0.0863637 
0.0567195 
0.122167 
0.0717841 
0.0348269 
0.0445033 
0.082153 
0.0425252 
0.0420614 
0.0351094 
0.0267869 
0.0509378 
0.183392 
0.0336611 
0.0664597 
0.0636535 
0.13843 
0.122364 
0.0804704 
0.0861233 
0.134494 
0.0702229 
0.045453 
0.0438936 
0.0480354 
0.0564811 
0.053262 
0.0759134 
0.0787274 
0.0428872 
0.0946995 
0.0961592 
0.102277 
0.0549825 
0.0682125 
0.118254 
0.0620053 
0.0466894 
0.0219822 
0.0356832 
0.0648138 
0.0269248 
0.0770279 
0.0323575 
0.110289 
0.0575141 
0.0477066 
0.0994192 
0.125653 
0.149455 
0.155061 
0.0662675 
0.0283032 
0.0678198 
0.0489764 
0.0572806 
0.0412322 
0.0456413 
0.0353207 
0.0180954 
0.0389861 
0.0435407 
0.120218 
0.0769168 
0.0718571 
0.064511 
0.074748 
0.0417614 
0.0640708 
0.0491531 
0.0145927 
0.0651044 
0.114 
0.0317047 
0.0543958 
0.0941023 
0.0573555 
0.0790631 
0.0929002 
0.162385 
0.119049 
0.039861 
0.0635067 
0.0433364 
0.0339569 
0.0338028 
0.0581363 
0.0728928 
0.0757612 
0.0758511 
0.0923121 
0.143931 
0.0832197 
0.0708655 
0.0860079 
0.0976379 
0.0606385 
0.0401496 
0.0529954 
0.0587707 
0.0426969 
0.0534307 
0.0499176 
0.041756 
0.0353622 
0.0662893 
0.0743741 
0.092849 
0.100324 
0.102711 
0.0721176 
0.106565 
0.110366 
0.0351385 
0.0882472 
0.0587061 
0.0367496 
0.122303 
0.112868 
0.0949351 
0.0465105 
0.0234792 
0.0912024 
0.0571329 
0.052842 
0.0211666 
0.0497292 
0.0426756 
0.0667787 
0.0715228 
0.0339373 
0.0706525 
0.0333577 
0.0532509 
0.0736902 
0.0309647 
0.123427 
0.0523227 
0.0423457 
0.0411055 
0.0683006 
0.0698115 
0.104507 
0.0698593 
0.0762233 
0.231552 
0.328842 
0.0865509 
0.0603388 
0.0620495 
0.0534502 
0.0895322 
0.112834 
0.143332 
0.0917297 
0.0765822 
0.204428 
0.105076 
0.145855 
0.124546 
0.219763 
0.0576954 
0.0497924 
0.0624285 
0.101708 
0.0341118 
0.362698 
