0
0.22217 
0.130547 
0.147157 
0.233931 
0.0918943 
0.19075 
0.122164 
0.138423 
0.0662742 
0.108207 
0.12827 
0.0545092 
0.1617 
0.0693774 
0.0987251 
0.0921021 
0.194274 
0.0992538 
0.164169 
0.177113 
0.111018 
0.151605 
0.408261 
0.390748 
1.06466 
0.112238 
0.191146 
0.184578 
0.0925722 
0.467458 
0.121004 
0.0564003 
0.0794391 
0.102739 
0.156719 
0.110011 
0.0893195 
0.176166 
0.227539 
0.32546 
0.618302 
0.180357 
0.073744 
0.0558209 
0.0645071 
0.115867 
0.175565 
0.305942 
0.116096 
0.254818 
0.1372 
0.124656 
0.259013 
0.201153 
0.114579 
0.348569 
0.367335 
0.173621 
0.258505 
0.198174 
0.0604629 
0.165374 
0.0917101 
0.0422147 
0.0841963 
0.145235 
0.0702844 
0.0824274 
0.102976 
0.0429423 
0.0538827 
0.161871 
0.0382132 
0.0790068 
0.0990755 
0.0415031 
0.0538589 
0.167395 
0.0697057 
0.225013 
0.27549 
0.0894169 
0.130653 
0.0889617 
0.171365 
0.165663 
0.0897295 
0.0519992 
0.0344038 
0.0514074 
0.119112 
0.0369925 
0.0932495 
0.0839289 
0.0180973 
0.0170311 
0.0315407 
0.0503913 
0.0461381 
0.0305276 
0.0722256 
0.0711726 
0.0762245 
0.0435834 
0.0939438 
0.118702 
0.0998858 
0.169846 
0.189446 
0.456558 
0.11738 
0.330076 
0.182174 
0.154115 
0.376607 
0.102074 
0.125183 
0.107087 
0.516612 
1.72051 
1.30851 
0.371981 
0.278911 
0.023438 
0.131838 
0.0725965 
0.145009 
0.159057 
0.200756 
0.0484281 
0.136282 
0.0390386 
0.0671165 
0.045092 
0.213408 
0.114683 
0.0798031 
0.106876 
0.0904319 
0.0818193 
0.0564539 
0.0681117 
0.0929308 
0.0760444 
0.0775322 
0.191085 
0.471167 
0.261289 
0.181929 
0.0369388 
0.0773215 
0.15516 
0.253295 
0.234425 
0.139894 
0.0906077 
0.196293 
0.138988 
0.0500605 
0.0791726 
0.207564 
2.51724 
2.03695 
1.67126 
0.824194 
0.389263 
0.344979 
0.506073 
0.506285 
0.185434 
0.207242 
0.163979 
0.0672797 
0.0362464 
0.158169 
0.281143 
0.22867 
0.621644 
0.869912 
0.332403 
0.15414 
0.0886959 
0.0946019 
0.0463518 
0.0744423 
0.120949 
0.0584001 
0.145942 
0.124247 
0.0516732 
0.0536424 
0.0470957 
0.0647785 
0.0478259 
0.116478 
0.0447974 
0.0749882 
0.0592119 
0.0586756 
0.135839 
0.0937967 
0.300995 
0.230373 
0.0458974 
0.164147 
0.14573 
0.0822652 
0.0712569 
0.0487528 
0.0911074 
0.137664 
0.131121 
0.532091 
0.22985 
0.331061 
0.402438 
0.344009 
0.148333 
0.127925 
0.0395465 
0.0689417 
0.0595711 
0.0595682 
0.0644084 
0.0987824 
0.145087 
0.0688438 
0.0629366 
0.125972 
0.0692343 
0.061871 
0.0538895 
0.0414746 
0.160789 
0.31928 
0.414612 
0.370614 
0.173777 
0.317175 
0.347558 
0.129964 
0.145889 
0.134514 
0.137915 
0.22878 
0.5453 
1.09409 
0.251691 
0.248474 
0.0599366 
0.0525468 
0.0959491 
0.0912535 
0.0234255 
0.11206 
0.157847 
0.313505 
0.0599826 
0.10127 
0.0777569 
0.175927 
0.0915553 
0.0829629 
0.141604 
0.221173 
0.0765637 
0.17642 
0.0717516 
0.134693 
0.368151 
0.10031 
0.0987197 
0.038857 
0.0848586 
0.191418 
0.143139 
0.117256 
0.0759176 
0.13634 
0.0368095 
0.0316716 
0.0712217 
0.301227 
0.182365 
0.825057 
0.522664 
0.197898 
0.143958 
0.248547 
0.307568 
1.0905 
0.644777 
0.685779 
1.21336 
0.827698 
0.37274 
0.240963 
0.2893 
0.246469 
