0
0.0316893 
0.0874234 
0.0608839 
0.0364357 
0.0979542 
0.0646722 
0.0160954 
0.0409327 
0.0379211 
0.019528 
0.0242426 
0.0618748 
0.0676957 
0.0413645 
0.0904659 
0.0576427 
0.030553 
0.0672889 
0.0354351 
0.0460205 
0.0535426 
0.104334 
0.191812 
0.150596 
0.169512 
0.0648012 
0.0542745 
0.0331974 
0.0740963 
0.0358645 
0.0560726 
0.0690452 
0.0243077 
0.0690994 
0.0444964 
0.0587801 
0.0961946 
0.075644 
0.0813556 
0.0488344 
0.0716089 
0.0564165 
0.0600105 
0.0569014 
0.0582057 
0.0439298 
0.0434633 
0.0563624 
0.0834885 
0.0753057 
0.0478602 
0.0772865 
0.0511927 
0.0563841 
0.0372167 
0.0379308 
0.0326856 
0.0452521 
0.0591362 
0.0367941 
0.110059 
0.0780341 
0.0611551 
0.0699529 
0.0340156 
0.100386 
0.0796906 
0.0896325 
0.0574633 
0.0429403 
0.0529916 
0.0679951 
0.0335108 
0.0778732 
0.12787 
0.160411 
0.0612219 
0.0241498 
0.0318208 
0.0428596 
0.0304163 
0.0849405 
0.108108 
0.0611998 
0.0775568 
0.0247049 
0.0289949 
0.0230254 
0.0340503 
0.0899379 
0.0590486 
0.0979214 
0.0394079 
0.0494818 
0.045064 
0.0586934 
0.101518 
0.039589 
0.0518095 
0.0520116 
0.0607654 
0.0528847 
0.0169249 
0.0875267 
0.0512384 
0.0404673 
0.00907725 
0.0354567 
0.0524176 
0.0588848 
0.0509294 
0.0178996 
0.103279 
0.0440363 
0.0363036 
0.0479662 
0.0796743 
0.0697401 
0.0348457 
0.0231881 
0.0461642 
0.0806677 
0.0941298 
0.0228986 
0.0611937 
0.0385961 
0.0357761 
0.0370061 
0.0606965 
0.0563794 
0.078617 
0.0280666 
0.0843243 
0.101559 
0.0833727 
0.102177 
0.045598 
0.0649199 
0.0775965 
0.0529283 
0.063293 
0.0630521 
0.0252916 
0.0201548 
0.0173472 
0.037464 
0.0554632 
0.0344762 
0.0418842 
0.0167536 
0.0193615 
0.0120687 
0.0282081 
0.0226941 
0.0387542 
0.0453801 
0.0873539 
0.0235187 
0.0532178 
0.0428195 
0.0316523 
0.0594984 
0.04297 
0.0364429 
0.0355801 
0.119734 
0.0938524 
0.0963133 
0.0552119 
0.092168 
0.121365 
0.0339917 
0.0522118 
0.059748 
0.0587376 
0.0503518 
0.0360507 
0.0316694 
0.0537597 
0.0672312 
0.0368509 
0.0343306 
0.0306966 
0.0675734 
0.0801527 
0.342917 
0.180002 
0.368063 
0.373904 
0.35489 
0.105453 
0.0657974 
0.168414 
0.0637399 
0.115699 
0.0543069 
0.0504081 
0.107977 
0.0369069 
0.0971844 
0.0707658 
0.0612727 
0.0655529 
0.103468 
0.0520341 
0.0584938 
0.077044 
0.0436494 
0.0854795 
0.0558643 
0.037015 
0.0720905 
0.0392933 
0.138434 
0.0532563 
0.0595808 
0.0523532 
0.0505065 
0.0248873 
0.0223026 
0.0333396 
0.027704 
0.0324888 
0.0176599 
0.116028 
0.110564 
0.0401519 
0.0312607 
0.0740917 
0.0222341 
0.0251992 
0.035724 
0.0163147 
0.0281552 
0.0168991 
0.0265741 
0.0429213 
0.0859402 
0.0884636 
0.083739 
0.0842974 
0.0715541 
0.0552908 
0.0720889 
0.0504942 
0.0250725 
0.0286686 
0.0542675 
0.038428 
0.0572471 
0.0456143 
0.0291595 
0.0221087 
0.0584552 
0.0473375 
0.0483149 
0.0272533 
0.0622321 
0.0294513 
0.0325786 
0.0555049 
0.0427114 
0.0537563 
0.0606371 
0.0313281 
0.0445122 
0.0587661 
0.0442049 
0.0673415 
0.0798355 
0.0341703 
0.051378 
0.0552265 
0.0490258 
0.0387122 
0.0655205 
0.0688732 
0.102921 
0.106655 
0.0475622 
0.0743776 
0.041727 
0.0862172 
0.0339813 
0.0555562 
0.0474018 
0.0518012 
0.044381 
0.0111179 
0.050421 
0.0497996 
0.0552739 
0.0393139 
0.0541941 
0.0161655 
0.0251121 
0.030457 
0.0614275 
0.393919 
