0
0.022528 
0.132513 
0.202858 
0.13682 
0.0602368 
0.47628 
0.303634 
0.315831 
0.16248 
0.545468 
0.185337 
0.114481 
1.05668 
0.938986 
0.216462 
0.489 
0.320816 
0.264475 
0.305416 
0.176344 
0.259546 
0.377924 
0.143642 
0.229211 
0.329526 
0.391829 
0.194252 
0.301758 
0.152552 
0.261739 
0.255787 
0.424635 
0.218161 
0.0700796 
0.347762 
0.515138 
0.982456 
1.00775 
1.03113 
0.63375 
0.112991 
0.989823 
0.418312 
0.248884 
1.18259 
0.157514 
0.38401 
0.30669 
0.415672 
0.119497 
0.358776 
0.316662 
0.487639 
1.34124 
0.423968 
0.342596 
1.21887 
0.145827 
0.552688 
0.323947 
0.463488 
0.779204 
0.377826 
0.132144 
0.219724 
0.22817 
0.200077 
0.377767 
0.310118 
0.415214 
0.393066 
0.503664 
0.202952 
0.353642 
0.26611 
0.12549 
0.223357 
0.157346 
0.193619 
0.161919 
0.235951 
0.246352 
0.232825 
0.196922 
0.171074 
0.126888 
0.141635 
0.43366 
0.336692 
0.333388 
0.215209 
0.0647357 
0.0966684 
0.0502195 
0.210162 
0.120868 
0.104239 
0.0762117 
0.238592 
0.156378 
0.134366 
0.60277 
0.198442 
0.171155 
0.18358 
0.220219 
0.214662 
0.0974704 
0.24139 
0.111793 
0.157151 
0.121166 
0.159446 
0.113893 
0.14803 
0.985607 
0.834168 
0.269265 
0.225887 
0.212608 
0.408227 
0.179386 
0.222312 
0.0426791 
0.167707 
0.163496 
0.151277 
0.0886729 
0.428504 
0.820397 
0.779337 
0.199732 
0.118433 
0.0907057 
0.127721 
0.163807 
0.111618 
0.0769099 
0.132057 
0.24066 
0.122944 
0.163217 
0.174415 
0.330321 
0.41721 
0.332959 
0.134237 
0.268848 
0.382124 
0.34728 
0.128278 
0.150774 
0.0377365 
0.132779 
0.100986 
0.103517 
0.0765577 
0.0779315 
0.297582 
0.0828209 
0.183392 
0.069177 
0.281338 
0.274535 
0.171685 
0.393221 
0.177973 
0.319759 
0.242395 
0.106134 
0.165601 
0.112431 
0.0555123 
0.0353014 
0.117629 
0.100383 
0.0880201 
0.0969262 
0.101899 
0.204917 
0.202299 
0.216302 
0.0840408 
0.217887 
0.302507 
0.222741 
0.153339 
0.0981196 
0.0789848 
0.0702903 
0.140708 
0.107117 
0.136965 
0.305185 
0.158909 
0.0873363 
0.195939 
0.162778 
0.0831209 
0.138798 
0.141783 
0.0701933 
0.0561762 
0.0667243 
0.0596105 
0.086906 
0.189145 
0.0934338 
0.102798 
0.110501 
0.120839 
0.217737 
0.146926 
0.107111 
0.193661 
0.233892 
0.244431 
0.372015 
0.383566 
0.295959 
0.125405 
0.235767 
0.0605399 
0.0927175 
0.175071 
0.119911 
0.0765385 
0.121755 
0.156112 
0.157025 
0.218286 
0.173257 
0.0303784 
0.088157 
0.188442 
0.184574 
0.154017 
0.244496 
0.201652 
0.33058 
0.606214 
0.514719 
0.291577 
0.127617 
0.129007 
0.173336 
0.119295 
0.229605 
0.156663 
0.106998 
0.116616 
0.115612 
0.0601373 
0.151805 
0.17026 
0.163684 
0.367203 
0.264662 
0.168094 
0.125763 
0.247517 
0.176945 
0.0923312 
0.119934 
0.0837007 
0.126571 
0.0502447 
0.0850325 
0.111184 
0.0367625 
0.182662 
0.117183 
0.059421 
0.179094 
0.337825 
0.23524 
0.163416 
0.339373 
0.0786767 
0.146483 
0.14424 
0.124084 
0.39993 
0.161819 
0.108019 
0.0955697 
0.151802 
0.136699 
0.0486169 
0.0626663 
0.0890439 
0.0950133 
0.199837 
0.301656 
0.156547 
0.0657988 
0.0685489 
0.078932 
0.316531 
