0
0.057729 
0.036487 
0.0381235 
0.0382935 
0.0587795 
0.051348 
0.0369156 
0.035816 
0.06127 
0.065516 
0.073606 
0.0353265 
0.0689595 
0.0510325 
0.049556 
0.0612425 
0.039475 
0.053732 
0.034972 
0.0572345 
0.0342275 
0.071908 
0.0645675 
0.0694255 
0.0521835 
0.0434365 
0.0256835 
0.0698315 
0.0539156 
0.0308025 
0.020776 
0.043047 
0.02943 
0.0533715 
0.06752 
0.0829151 
0.0779206 
0.035896 
0.0513795 
0.033341 
0.061803 
0.0498725 
0.0638495 
0.0544835 
0.110349 
0.105178 
0.12622 
0.0857728 
0.051846 
0.0492356 
0.0381437 
0.0508096 
0.0514432 
0.063143 
0.0309595 
0.0756831 
0.0735349 
0.0466254 
0.0694158 
0.0522224 
0.0467558 
0.0600515 
0.0523443 
0.0373585 
0.0549933 
0.0171521 
0.0571996 
0.058957 
0.0468675 
0.0501466 
0.0387331 
0.0420487 
0.0679176 
0.0393484 
0.0410675 
0.0847131 
0.0394249 
0.0178978 
0.0565222 
0.0333902 
0.0809548 
0.0311803 
0.0992248 
0.142081 
0.0964284 
0.0342565 
0.0596164 
0.0545802 
0.0639404 
0.0379047 
0.0316725 
0.0468916 
0.0426112 
0.0325223 
0.0573437 
0.0465488 
0.0711483 
0.0709166 
0.0441057 
0.0745849 
0.0877081 
0.148464 
0.106214 
0.0970626 
0.0348371 
0.0408496 
0.0712079 
0.0288156 
0.0486289 
0.0549139 
0.0283953 
0.0432912 
0.0495861 
0.0599743 
0.175257 
0.191267 
0.0499409 
0.0384426 
0.0532783 
0.0558754 
0.0660748 
0.049655 
0.0287776 
0.118595 
0.0975749 
0.330673 
0.112705 
0.140679 
0.0705746 
0.0846952 
0.0779825 
0.132408 
0.037481 
0.073141 
0.0935122 
0.148125 
0.152259 
0.0958536 
0.118603 
0.104661 
0.133956 
0.0707611 
0.1057 
0.235871 
0.0490378 
0.257047 
0.167372 
0.0583903 
0.068351 
0.119356 
0.175666 
0.158116 
0.18839 
0.027176 
0.124863 
0.208587 
0.0535232 
0.203857 
0.155371 
0.137354 
0.172493 
0.102285 
0.072149 
0.0680195 
0.0597832 
0.0833609 
0.252024 
0.15123 
0.222664 
0.224466 
0.194472 
0.281317 
0.311981 
0.0621584 
0.0891535 
0.0577803 
0.0878547 
0.128297 
0.0897052 
0.128199 
0.0546051 
0.095119 
0.110802 
0.0518707 
0.0567513 
0.124588 
0.0919207 
0.0885782 
0.069708 
0.167212 
0.113228 
0.122406 
0.107903 
0.0904581 
0.0738396 
0.0965414 
0.15696 
0.0513306 
0.0933193 
0.0971778 
0.0720267 
0.224507 
0.141638 
0.0530476 
0.256257 
0.345665 
0.222018 
0.108516 
0.0793532 
0.0818444 
0.106355 
0.0905728 
0.093303 
0.190173 
0.177394 
0.115444 
0.136512 
0.0632824 
0.0428213 
0.0839468 
0.04886 
0.0835852 
0.0735231 
0.0884318 
0.0829025 
0.10622 
0.172564 
0.16475 
0.107552 
0.089766 
0.0438131 
0.0501827 
0.0638098 
0.174876 
0.063466 
0.142535 
0.165667 
0.280141 
0.134612 
0.0781723 
0.101631 
0.100536 
0.0451301 
0.0683044 
0.135837 
0.239655 
0.261561 
0.0885038 
0.0652333 
0.0341686 
0.044954 
0.0785249 
0.0628815 
0.102624 
0.0816181 
0.0471822 
0.121422 
0.0825029 
0.194439 
0.0883117 
0.0644013 
0.0701507 
0.129916 
0.108639 
0.0559186 
0.119849 
0.199775 
0.136365 
0.0372958 
0.0964721 
0.100584 
0.130746 
0.0483087 
0.119959 
0.117778 
0.0768523 
0.0488055 
0.0233381 
0.0289487 
0.0401118 
0.080149 
0.0989442 
0.0862267 
0.11562 
0.0956142 
0.111457 
0.0539591 
0.0813358 
0.0341837 
0.0765356 
0.150966 
0.102322 
0.127892 
0.0691667 
0.0443549 
0.123708 
0.0670246 
0.0513679 
0.401339 
