0
0.042777 
0.0649102 
0.0698151 
0.0729328 
0.0797825 
0.0310943 
0.0360908 
0.0316768 
0.0564171 
0.0537039 
0.0106914 
0.0743349 
0.0485013 
0.043333 
0.0474437 
0.016588 
0.0222837 
0.0418216 
0.0414972 
0.0512113 
0.050265 
0.0850628 
0.0481301 
0.0613502 
0.0568205 
0.0245356 
0.0211018 
0.0076457 
0.00702351 
0.0204871 
0.0461828 
0.0739426 
0.0426365 
0.0672531 
0.0486708 
0.0495815 
0.0304469 
0.0763909 
0.0689729 
0.0546798 
0.0340991 
0.0200213 
0.0327094 
0.0198067 
0.0469688 
0.0540276 
0.0400239 
0.0304524 
0.0304136 
0.0653678 
0.0213883 
0.0266687 
0.0413042 
0.088096 
0.108268 
0.0380789 
0.064443 
0.0551031 
0.0546627 
0.0564854 
0.023065 
0.0363133 
0.0354766 
0.0720189 
0.00475505 
0.0511101 
0.0404531 
0.0473693 
0.0773606 
0.0730179 
0.0301089 
0.0570351 
0.0588745 
0.065825 
0.0669429 
0.0282487 
0.0408523 
0.0574982 
0.0464324 
0.042752 
0.0712573 
0.0595672 
0.0366384 
0.0664156 
0.0267024 
0.0638988 
0.0294087 
0.029783 
0.0452918 
0.067997 
0.0448323 
0.047684 
0.0164488 
0.0548503 
0.0590393 
0.0157185 
0.0435767 
0.0459902 
0.0343973 
0.0288649 
0.0682295 
0.0696931 
0.0750661 
0.0406084 
0.0630994 
0.0597223 
0.0507068 
0.0722896 
0.0565509 
0.0449422 
0.0407267 
0.0858603 
0.0530511 
0.0405053 
0.0288053 
0.037718 
0.0544261 
0.0552278 
0.0843225 
0.062853 
0.0943213 
0.0333947 
0.206071 
0.164537 
0.208692 
0.373684 
0.234709 
0.0590099 
0.132714 
0.0898417 
0.0405322 
0.101762 
0.384164 
0.289899 
0.122753 
0.132031 
0.0418591 
0.125247 
0.0892846 
0.0382078 
0.0741158 
0.0733511 
0.0512213 
0.0872804 
0.107045 
0.0883387 
0.0856865 
0.0570409 
0.062024 
0.0326655 
0.0293704 
0.0104843 
0.0689842 
0.0572151 
0.0318081 
0.0773194 
0.0723411 
0.0870258 
0.0604671 
0.0785405 
0.0400492 
0.0283641 
0.0323916 
0.0531463 
0.0582666 
0.0877764 
0.0780282 
0.0399333 
0.0357478 
0.067639 
0.0562173 
0.0763704 
0.0632743 
0.0678576 
0.0507546 
0.0407132 
0.0710207 
0.0539372 
0.0684805 
0.0975011 
0.0795922 
0.0623988 
0.0346386 
0.0326947 
0.0350485 
0.0426367 
0.0451173 
0.0287941 
0.0568631 
0.0590359 
0.0396485 
0.0235771 
0.0503215 
0.0504055 
0.0548131 
0.057331 
0.042109 
0.0936064 
0.0671612 
0.0578791 
0.0684443 
0.0629622 
0.0789611 
0.0797559 
0.0389659 
0.0413108 
0.051018 
0.0517773 
0.0454314 
0.0435703 
0.0534838 
0.0607303 
0.0384747 
0.0720953 
0.0811654 
0.0705213 
0.0469979 
0.0483661 
0.0450212 
0.0505743 
0.0383239 
0.0353537 
0.0667518 
0.0648494 
0.121622 
0.0952369 
0.0302178 
0.050084 
0.0644783 
0.0266261 
0.075424 
0.0456367 
0.0522821 
0.0438893 
0.0291724 
0.040971 
0.049181 
0.0278467 
0.0236925 
0.0352869 
0.0402559 
0.0438777 
0.0348854 
0.0660087 
0.038879 
0.016463 
0.045594 
0.0281737 
0.103914 
0.115177 
0.0758395 
0.0882865 
0.100124 
0.0635315 
0.0433072 
0.0386676 
0.105148 
0.0915327 
0.0155165 
0.0804154 
0.0367082 
0.0712553 
0.078366 
0.109955 
0.048422 
0.0757053 
0.0542566 
0.0663538 
0.0639973 
0.0654974 
0.0795139 
0.0627082 
0.0732618 
0.0985848 
0.110646 
0.130341 
0.0759161 
0.130766 
0.129787 
0.100532 
0.0905597 
0.0659616 
0.0719026 
0.0869754 
0.0380055 
0.0270867 
0.0672976 
0.110491 
0.0615587 
0.118944 
0.0457293 
0.078743 
0.0340134 
0.0482059 
0.049565 
0.0472227 
0.0621923 
0.0527205 
0.381843 
