0
0.0247642 
0.0946355 
0.592115 
0.136218 
0.0906153 
0.147088 
0.0805038 
0.0936034 
0.228219 
0.191731 
0.165229 
0.137234 
0.134441 
0.0817782 
0.143431 
0.198506 
0.157745 
0.0797661 
0.0398361 
0.105378 
0.102241 
0.120379 
0.091242 
0.0908802 
0.0917177 
0.0664021 
0.0463203 
0.0700384 
0.100638 
0.170864 
0.119845 
0.104366 
0.185312 
0.238857 
0.12013 
0.190867 
0.204538 
0.167423 
0.111325 
0.142971 
0.168945 
0.474769 
0.133561 
0.32744 
0.106342 
0.145832 
0.146597 
0.10825 
0.165007 
0.0480185 
0.028813 
0.0515065 
0.063048 
0.364725 
0.1145 
0.0643889 
0.0424137 
0.106802 
0.0643853 
0.0807797 
0.0824966 
0.138311 
0.0677899 
0.38551 
0.0664202 
0.208192 
0.0719728 
0.0673093 
0.0833157 
0.0864748 
0.0881179 
0.084857 
0.0568095 
0.064722 
0.0534583 
0.11869 
0.157165 
0.0841894 
0.0232882 
0.0372929 
0.115426 
0.120616 
0.0769463 
0.0918128 
0.116706 
0.0757958 
0.0670738 
0.0707129 
0.141817 
0.0902371 
0.135029 
0.0790417 
0.0608601 
0.423339 
0.299767 
0.0474834 
0.0641289 
0.0794355 
0.0699611 
0.0837998 
0.0395861 
0.0708911 
0.0705037 
0.089983 
0.126601 
0.0875626 
0.135063 
0.114177 
0.0998723 
0.0943352 
0.185039 
0.0533675 
0.0620858 
0.136269 
0.0645495 
0.0569435 
0.061169 
0.070739 
0.15608 
0.124786 
0.0624723 
0.210161 
0.100571 
0.0441811 
0.0855498 
0.0552046 
0.0296951 
0.212408 
0.0907708 
0.200215 
0.127237 
0.0500909 
0.0665978 
0.069126 
0.141656 
0.0840751 
0.052064 
0.050489 
0.164962 
0.116353 
0.581137 
0.472016 
0.509335 
0.603693 
0.486037 
0.101047 
0.125333 
0.123653 
0.201221 
0.0880655 
0.272749 
0.0962629 
0.0641669 
0.101357 
0.0497219 
0.0817842 
0.0784574 
0.0750816 
0.0276958 
0.112337 
0.143508 
0.0679349 
0.0505707 
0.0640298 
0.0869048 
0.0285856 
0.0275358 
0.0932183 
0.0977321 
0.077548 
0.0872568 
0.0778011 
0.0662376 
0.0860493 
0.0296677 
0.102622 
0.121344 
0.0787941 
0.124318 
0.0231816 
0.0368003 
0.0735814 
0.0855457 
0.0983661 
0.0278698 
0.0255679 
0.076591 
0.112537 
0.0572664 
0.101616 
0.0421909 
0.136291 
0.0872512 
0.0921043 
0.0713064 
0.0683208 
0.0561847 
0.0374012 
0.0491448 
0.078703 
0.0928726 
0.0990831 
0.147078 
0.054742 
0.055682 
0.0876904 
0.0825744 
0.0902323 
0.0940798 
0.130276 
0.0512392 
0.113486 
0.140979 
0.329719 
0.208374 
0.0991782 
0.0626948 
0.027278 
0.086181 
0.132383 
0.0379367 
0.0975019 
0.109135 
0.0749657 
0.15538 
0.47125 
0.0744822 
0.510096 
0.616816 
0.285507 
0.143213 
0.142494 
0.232286 
0.0616298 
0.117608 
0.103455 
0.231558 
0.104928 
0.069824 
0.12205 
0.30508 
0.0930814 
0.18032 
0.0911286 
0.107708 
0.163228 
0.147007 
0.0964183 
0.064011 
0.0809549 
0.0752601 
0.0987022 
0.0755842 
0.0466912 
0.170073 
0.0445216 
0.0888718 
0.0469879 
0.373945 
0.176775 
0.128786 
0.117309 
0.0828576 
0.0567816 
0.109939 
0.127101 
0.0848304 
0.0966879 
0.0766811 
0.0964775 
0.0578287 
0.1661 
0.185561 
0.117023 
0.208132 
0.178688 
0.155607 
0.167056 
0.0736104 
0.0817017 
0.144708 
0.105933 
0.0692447 
0.0582206 
0.0949558 
0.0964723 
0.0702313 
0.123436 
0.162606 
0.0817613 
0.111963 
0.143814 
0.159658 
0.0631485 
0.116027 
0.0808002 
0.350972 
0.142963 
0.194775 
