0
0.0451545 
0.0690773 
0.0769967 
0.0651662 
0.0529756 
0.0482416 
0.0493542 
0.0417353 
0.0501579 
0.0587364 
0.0418326 
0.0320139 
0.0595182 
0.0741859 
0.0693054 
0.185684 
0.560188 
0.57996 
0.0319212 
0.079629 
0.0761528 
0.0269227 
0.0294978 
0.0867874 
0.0511553 
0.0896768 
0.0366441 
0.0469506 
0.0463168 
0.061381 
0.0453244 
0.0098411 
0.0386206 
0.020817 
0.0176459 
0.0519961 
0.0504671 
0.0588778 
0.0432127 
0.0782294 
0.0756471 
0.0694374 
0.0522811 
0.0641827 
0.0714949 
0.0299382 
0.0507588 
0.0790351 
0.0479391 
0.0242732 
0.0755034 
0.099659 
0.0216573 
0.0336283 
0.0258795 
0.0323768 
0.037755 
0.0779591 
0.0536698 
0.0394411 
0.0337446 
0.0179818 
0.043997 
0.0369706 
0.0505869 
0.0357697 
0.0375815 
0.0532424 
0.0238473 
0.0456514 
0.0523643 
0.0282046 
0.0290915 
0.0775094 
0.0976437 
0.0720278 
0.0028548 
0.0170526 
0.0371392 
0.0701212 
0.0498301 
0.0492196 
0.0468733 
0.0790323 
0.0366642 
0.132319 
0.0690761 
0.0370494 
0.0513662 
0.050703 
0.0498298 
0.046422 
0.0482375 
0.026265 
0.044627 
0.0463386 
0.0721225 
0.0406039 
0.029626 
0.0312529 
0.0780688 
0.0694304 
0.035938 
0.0374785 
0.0528698 
0.0850485 
0.0618654 
0.0346524 
0.0432039 
0.0328942 
0.0443592 
0.058399 
0.0816765 
0.0735318 
0.0507222 
0.0285879 
0.015338 
0.0648111 
0.0497483 
0.0412517 
0.0596632 
0.0270035 
0.0317168 
0.0614356 
0.0616724 
0.0487808 
0.0275902 
0.0507864 
0.0760674 
0.0310078 
0.0406885 
0.0420112 
0.0251055 
0.0306467 
0.0143706 
0.0304409 
0.0672171 
0.0345864 
0.0865972 
0.0851274 
0.0764409 
0.0651594 
0.0651645 
0.0406279 
0.0259387 
0.0157118 
0.0679616 
0.067832 
0.0431925 
0.0202259 
0.0332297 
0.0614013 
0.0396592 
0.061267 
0.0195513 
0.0395976 
0.0648133 
0.0475133 
0.0409039 
0.0395782 
0.0487854 
0.0347197 
0.0294027 
0.0534985 
0.0407447 
0.0193151 
0.0436204 
0.0233079 
0.0490026 
0.0517006 
0.030037 
0.0346985 
0.0324844 
0.00814656 
0.0522339 
0.057546 
0.0627376 
0.039162 
0.0143683 
0.0536213 
0.061834 
0.0301331 
0.0245886 
0.0369547 
0.0373168 
0.0372951 
0.0294726 
0.0311386 
0.0433389 
0.0739491 
0.0564059 
0.0495006 
0.0622729 
0.0748732 
0.0433172 
0.0245738 
0.0560348 
0.0887974 
0.0639005 
0.054232 
0.0365686 
0.0152719 
0.0453077 
0.0648319 
0.0687108 
0.0639086 
0.0491774 
0.0328641 
0.0454142 
0.0619937 
0.0504404 
0.036781 
0.0320621 
0.0336143 
0.0260987 
0.0522708 
0.0490873 
0.0163182 
0.0286145 
0.0438419 
0.0459895 
0.0493656 
0.0591005 
0.0719021 
0.0888235 
0.0795198 
0.0556504 
0.0513769 
0.0373324 
0.0425728 
0.0738524 
0.0493942 
0.0382296 
0.0239707 
0.0794896 
0.0971328 
0.125325 
0.0584219 
0.0390118 
0.0317666 
0.0382747 
0.0320137 
0.0346014 
0.0480827 
0.0339618 
0.0532895 
0.0771003 
0.052454 
0.101317 
0.0529327 
0.0625622 
0.037162 
0.0526211 
0.0610372 
0.0554504 
0.0988218 
0.0757009 
0.0428005 
0.032671 
0.0824851 
0.100408 
0.041854 
0.0877176 
0.0609648 
0.0969198 
0.0680424 
0.0704812 
0.0884885 
0.0560208 
0.0459954 
0.0497519 
0.0493853 
0.0986646 
0.296991 
0.38072 
0.14912 
0.309693 
0.128579 
0.131336 
0.0737735 
0.064469 
0.070262 
0.0704122 
0.0699652 
0.0464154 
0.0773112 
0.0580703 
0.0746037 
0.0544555 
0.0533374 
0.0330462 
0.0527608 
0.0545413 
0.0435162 
0.0865206 
0.0364312 
0.0825256 
0.0834653 
0.373882 
