0
0.0640997 
0.0419566 
0.056806 
0.0678892 
0.0245925 
0.0647384 
0.0617079 
0.048692 
0.0508851 
0.0288038 
0.0770457 
0.0813758 
0.0707838 
0.0817903 
0.0590965 
0.0788334 
0.0424167 
0.0998653 
0.0912582 
0.0262657 
0.0776017 
0.0326374 
0.0411027 
0.0958977 
0.0731509 
0.0617103 
0.0664715 
0.0673297 
0.043819 
0.0922534 
0.102571 
0.0580802 
0.0522111 
0.0299772 
0.0603907 
0.11206 
0.0264948 
0.0731765 
0.0639311 
0.0773771 
0.0950059 
0.0186579 
0.0168988 
0.0672119 
0.0720226 
0.0676555 
0.0711764 
0.078266 
0.0552964 
0.0836499 
0.035346 
0.0240504 
0.0206156 
0.0286348 
0.0500883 
0.069364 
0.028148 
0.0352654 
0.0387475 
0.0135106 
0.0476226 
0.029825 
0.0438512 
0.082191 
0.0291059 
0.0598125 
0.0393966 
0.0560184 
0.058694 
0.0657219 
0.0544707 
0.0405792 
0.0565118 
0.0108052 
0.0949546 
0.095879 
0.112472 
0.0658478 
0.0436391 
0.0606863 
0.0279339 
0.027267 
0.0188938 
0.0257118 
0.149184 
0.132149 
0.0391281 
0.0145808 
0.0416792 
0.0222687 
0.0700245 
0.0764299 
0.0523281 
0.0632047 
0.00822657 
0.0386885 
0.0169001 
0.0146961 
0.0360219 
0.0241276 
0.0477197 
0.0327805 
0.0403325 
0.0204768 
0.0281942 
0.0189138 
0.0780573 
0.0606137 
0.0244298 
0.0596609 
0.076703 
0.0755844 
0.0424713 
0.0393127 
0.0595394 
0.079925 
0.05283 
0.0321989 
0.107066 
0.0663443 
0.0179298 
0.0321794 
0.0288386 
0.0407848 
0.0441399 
0.0213135 
0.0948738 
0.0639892 
0.04089 
0.113513 
0.0334673 
0.0418278 
0.0502253 
0.0346761 
0.0356816 
0.0184428 
0.0486938 
0.0395818 
0.0639493 
0.0294557 
0.05737 
0.0575542 
0.0605366 
0.058941 
0.0278676 
0.0281326 
0.0445875 
0.109261 
0.0217178 
0.0527485 
0.0505249 
0.0340617 
0.0473625 
0.05981 
0.0126247 
0.0294039 
0.0672017 
0.0315783 
0.0385504 
0.0596948 
0.0543999 
0.0566988 
0.161953 
0.152515 
0.176119 
0.0943824 
0.101116 
0.0789588 
0.0395061 
0.094561 
0.0778715 
0.0837538 
0.0516235 
0.179865 
0.062388 
0.0894626 
0.106214 
0.16851 
0.148342 
0.102478 
0.0479168 
0.0691347 
0.0619206 
0.0317297 
0.0503408 
0.0580215 
0.0373057 
0.0309042 
0.0780445 
0.0490267 
0.0645621 
0.0216838 
0.019962 
0.0781562 
0.0713294 
0.0340718 
0.038676 
0.0503663 
0.0193516 
0.0574176 
0.116847 
0.0418101 
0.0647428 
0.0719476 
0.054623 
0.0529795 
0.0511109 
0.0443108 
0.0737146 
0.054461 
0.0277369 
0.0469142 
0.0549278 
0.0341698 
0.06869 
0.0448413 
0.0479628 
0.0366475 
0.0152458 
0.0200641 
0.0372742 
0.0624229 
0.0578261 
0.059627 
0.0698533 
0.135338 
0.0829212 
0.0517431 
0.0564792 
0.0272531 
0.0314714 
0.0555664 
0.0354813 
0.109979 
0.0731624 
0.0504359 
0.0538302 
0.0945226 
0.101772 
0.0511479 
0.0600323 
0.0419521 
0.0740736 
0.0928533 
0.0320379 
0.0334704 
0.0592618 
0.0680655 
0.0706658 
0.0286193 
0.128001 
0.0518211 
0.0826572 
0.0301594 
0.0607513 
0.0369302 
0.0592945 
0.0751365 
0.0887291 
0.114107 
0.0740561 
0.0724199 
0.0591392 
0.0641714 
0.0595654 
0.0379463 
0.0579613 
0.0451597 
0.0447605 
0.0281913 
0.0638271 
0.0587539 
0.0608073 
0.0874978 
0.121861 
0.117355 
0.0942242 
0.0709243 
0.0585305 
0.0636583 
0.104025 
0.0520913 
0.0245017 
0.324984 
0.124782 
0.196726 
0.146007 
0.057982 
0.0365574 
0.059811 
0.0925594 
0.0756722 
0.0627959 
0.031317 
0.0632454 
0.0755043 
0.0751654 
0.0628445 
0.338036 
