0
0.184243 
0.0905137 
0.11672 
0.0886704 
0.40712 
0.192465 
0.132273 
0.133685 
0.0656671 
0.128029 
0.225464 
0.0627161 
0.114667 
0.118295 
0.102214 
0.253971 
0.0786398 
0.153534 
0.195759 
0.126961 
0.228315 
0.239895 
0.109142 
0.0545805 
0.041389 
0.135024 
0.254314 
0.0690541 
0.0487291 
0.10763 
0.201319 
0.0996177 
0.112904 
0.156437 
0.0602503 
0.151738 
0.0792728 
0.08642 
0.0905631 
0.0640427 
0.109066 
0.329214 
0.149976 
0.148341 
0.0859543 
0.182092 
0.154773 
0.139321 
0.101952 
0.161334 
0.147702 
0.200556 
0.254154 
0.0890233 
0.153441 
0.0510896 
0.0407451 
0.0662364 
0.109933 
0.162127 
0.108988 
0.107059 
0.0962718 
0.0193601 
0.0785713 
0.0615695 
0.128944 
0.167067 
0.161175 
0.198958 
0.165322 
0.232176 
0.136374 
0.11959 
0.123594 
0.0649639 
0.0906521 
0.157321 
0.173855 
0.0825307 
0.274638 
0.164264 
0.157725 
0.153635 
0.240203 
0.0975035 
0.109971 
0.124116 
0.211559 
0.198635 
0.207512 
0.164274 
0.103326 
0.11456 
0.0633304 
0.0612127 
0.106337 
0.0857128 
0.128099 
0.0201374 
0.18682 
0.12522 
0.174678 
0.160772 
0.102766 
0.0799257 
0.117253 
0.03468 
0.304328 
0.245714 
0.0841725 
0.426417 
0.14625 
0.169318 
0.15782 
0.135462 
0.0861535 
0.165345 
0.127917 
0.240101 
0.0938209 
0.0639605 
0.176935 
0.143382 
0.167338 
0.123714 
0.139309 
0.0721856 
0.0957058 
0.148204 
0.184045 
0.124977 
0.0687484 
0.111267 
0.0449533 
0.0575956 
0.0809193 
0.146156 
0.141648 
0.0937084 
0.0502597 
0.143187 
0.121561 
0.0888965 
0.15822 
0.090719 
0.140792 
0.0461802 
0.101938 
0.0403213 
0.0957674 
0.105114 
0.0743591 
0.129507 
0.120408 
0.0785351 
0.139226 
0.136337 
0.0978648 
0.167439 
0.116837 
0.206589 
0.234502 
0.0715312 
0.160774 
0.12889 
0.156972 
0.0707754 
0.0975171 
0.0549151 
0.132108 
0.0667546 
0.0646861 
0.101484 
0.0962254 
0.144234 
0.0771828 
0.06197 
0.0625798 
0.0584388 
0.0519185 
0.0851671 
0.222823 
0.131975 
0.161831 
0.297694 
0.175694 
0.0958864 
0.0854323 
0.0514945 
0.0809371 
0.0567544 
0.145486 
0.0576322 
0.129202 
0.0552131 
0.122778 
0.105376 
0.129943 
0.0547804 
0.0671903 
0.103982 
0.0924079 
0.0768309 
0.15461 
0.10729 
0.105815 
0.079464 
0.119673 
0.107228 
0.0791352 
0.0741289 
0.0870483 
0.0611064 
0.249985 
0.140767 
0.289169 
0.283027 
0.0818449 
0.100044 
0.166505 
0.136777 
0.074866 
0.239715 
0.105933 
0.0802319 
0.151745 
0.160672 
0.121706 
0.0562273 
0.10166 
0.120169 
0.153453 
0.092289 
0.0697847 
0.122957 
0.106957 
0.0847816 
0.318949 
0.121712 
0.0549734 
0.0261966 
0.113937 
0.0638673 
0.0850204 
0.0601226 
0.0854337 
0.0911864 
0.127306 
0.109721 
0.116881 
0.121277 
0.132621 
0.107636 
0.0915728 
0.0811768 
0.147058 
0.147647 
0.172699 
0.148086 
0.0898748 
0.0652334 
0.382676 
0.154181 
0.107207 
0.144184 
0.333046 
0.0864415 
0.236474 
0.169182 
0.0884089 
0.272794 
0.415626 
0.426743 
0.384758 
0.102793 
0.284515 
0.58097 
0.315602 
0.142081 
0.172116 
0.150918 
0.2247 
0.19373 
0.113252 
0.128041 
0.110847 
0.132399 
0.098104 
0.144158 
0.179227 
0.126135 
0.0678821 
0.117231 
0.0729486 
0.0833725 
0.0998662 
0.0669994 
0.430398 
