0
0.0773727 
0.0859166 
0.0654473 
0.102793 
0.0915317 
0.106137 
0.110966 
0.102079 
0.0843478 
0.0927396 
0.0945661 
0.0648782 
0.16368 
0.0929213 
0.114418 
0.134934 
0.0885449 
0.0783128 
0.0897987 
0.0710356 
0.0405945 
0.0897467 
0.0499829 
0.084668 
0.113029 
0.0655463 
0.0546048 
0.0909315 
0.0793816 
0.0672866 
0.065667 
0.0411462 
0.0828871 
0.129956 
0.122152 
0.117846 
0.0880117 
0.0835808 
0.0975252 
0.0424634 
0.0167847 
0.0426346 
0.0620669 
0.0901975 
0.10122 
0.0344584 
0.0509147 
0.0295192 
0.00135261 
0.00386467 
0.040613 
0.0359321 
0.0770403 
0.0967795 
0.0597196 
0.0646046 
0.102481 
0.116864 
0.0883041 
0.119456 
0.0537646 
0.0402605 
0.0882645 
0.104822 
0.0663778 
0.07269 
0.0658182 
0.0617321 
0.0439554 
0.0288521 
0.0186489 
0.0438436 
0.0648813 
0.0605761 
0.042751 
0.0509336 
0.0581065 
0.0709084 
0.0495406 
0.100274 
0.0661738 
0.0689613 
0.0816227 
0.109505 
0.0674222 
0.0976132 
0.0548688 
0.06667 
0.0612389 
0.0700849 
0.061188 
0.0762323 
0.0642068 
0.0469276 
0.101978 
0.0501359 
0.132456 
0.138976 
0.107529 
0.0272474 
0.097009 
0.110538 
0.0684986 
0.0658628 
0.0449305 
0.0785718 
0.147843 
0.133883 
0.100551 
0.0865038 
0.108492 
0.0925741 
0.0605313 
0.0323889 
0.0385806 
0.078323 
0.0718962 
0.0455629 
0.0275269 
0.067164 
0.0811536 
0.0706 
0.0968611 
0.093302 
0.0695395 
0.0497729 
0.106757 
0.118184 
0.0770289 
0.0927252 
0.0524797 
0.103115 
0.0327785 
0.0597724 
0.0546845 
0.0792647 
0.183272 
0.118826 
0.137869 
0.100497 
0.0641013 
0.0373986 
0.0608033 
0.0848547 
0.0590482 
0.0395978 
0.0942062 
0.0612707 
0.0760991 
0.0459095 
0.0410668 
0.0791769 
0.097791 
0.147909 
0.043955 
0.100086 
0.0934877 
0.0794188 
0.0605041 
0.0407096 
0.0924599 
0.0611359 
0.0332406 
0.0787821 
0.0611566 
0.0744946 
0.103418 
0.0928372 
0.0641004 
0.0353848 
0.0523105 
0.0872455 
0.0828702 
0.0463129 
0.0801919 
0.111564 
0.0881575 
0.0792906 
0.0545098 
0.0613505 
0.097367 
0.0516401 
0.0506436 
0.0335766 
0.0983538 
0.0530657 
0.0852687 
0.0857232 
0.0808253 
0.0845603 
0.0851863 
0.0926123 
0.0721046 
0.0797228 
0.0521344 
0.0926789 
0.0966623 
0.0665096 
0.0349989 
0.0817157 
0.110091 
0.11532 
0.115002 
0.0731467 
0.095149 
0.0864415 
0.0485399 
0.0267488 
0.0469253 
0.0407411 
0.0472442 
0.0640849 
0.0722107 
0.111772 
0.0877915 
0.0544032 
0.084969 
0.156009 
0.10275 
0.0569297 
0.0917732 
0.0677738 
0.0633283 
0.105029 
0.0602027 
0.0624205 
0.0466932 
0.0292543 
0.116229 
0.0543909 
0.0636311 
0.0431495 
0.0815022 
0.101895 
0.0690252 
0.0343102 
0.101303 
0.0855127 
0.101108 
0.0500345 
0.0819865 
0.0881464 
0.0955275 
0.0875418 
0.0545889 
0.0672782 
0.115687 
0.0827891 
0.0633504 
0.0467705 
0.0636131 
0.0445308 
0.0934804 
0.0687322 
0.0514706 
0.0824304 
0.108124 
0.0621348 
0.0489578 
0.103689 
0.104608 
0.0698647 
0.0349734 
0.0602167 
0.0659189 
0.0888481 
0.07799 
0.0720397 
0.0482496 
0.0588722 
0.106603 
0.0979956 
0.0879937 
0.111434 
0.0948211 
0.081346 
0.0581075 
0.031346 
0.0718126 
0.0424746 
0.0495647 
0.116815 
0.0810312 
0.0507638 
0.0275555 
0.0369607 
0.0827158 
0.0326361 
0.0676318 
0.187384 
0.134888 
0.088911 
0.105225 
0.131722 
0.132692 
0.0895113 
0.0679037 
0.0568286 
0.316083 
