0
0.0568761 
0.0882826 
0.0550634 
0.0379437 
0.0654506 
0.0479066 
0.0279524 
0.104706 
0.0742321 
0.0420062 
0.0616054 
0.0592852 
0.0409747 
0.0226262 
0.0681994 
0.0652023 
0.0309033 
0.0466242 
0.0782984 
0.0894738 
0.0936692 
0.059677 
0.0365553 
0.0812722 
0.0380097 
0.0289243 
0.0667121 
0.0706168 
0.0859995 
0.0924571 
0.093459 
0.19793 
0.0599721 
0.224526 
0.0709662 
0.072939 
0.0950249 
0.0600619 
0.0535731 
0.0463179 
0.0261621 
0.0859157 
0.0899131 
0.0637235 
0.0744072 
0.114174 
0.0663541 
0.141063 
0.0381689 
0.0480633 
0.0479452 
0.0347663 
0.0425206 
0.108663 
0.0423693 
0.0864941 
0.0899333 
0.012191 
0.122189 
0.0998008 
0.0652705 
0.0863049 
0.0951615 
0.0370525 
0.0528499 
0.0773489 
0.0486762 
0.0923673 
0.0572918 
0.0570372 
0.0897596 
0.0887188 
0.0808248 
0.0766092 
0.0791137 
0.0934907 
0.0937599 
0.127025 
0.0925327 
0.114745 
0.0795309 
0.0335432 
0.0882676 
0.0696668 
0.0303988 
0.0635431 
0.0728105 
0.0504682 
0.0286543 
0.095789 
0.057457 
0.0836284 
0.033717 
0.0421037 
0.0966724 
0.0746393 
0.0526557 
0.0632697 
0.0465959 
0.0957846 
0.0418454 
0.0469939 
0.0886399 
0.104544 
0.0522542 
0.043782 
0.0700848 
0.085805 
0.0978126 
0.133704 
0.0351935 
0.0664577 
0.0627386 
0.116253 
0.0648301 
0.152426 
0.131005 
0.0471614 
0.073142 
0.0588782 
0.065464 
0.101754 
0.0701161 
0.0430621 
0.0468145 
0.0206295 
0.0581676 
0.0238224 
0.0852603 
0.0781615 
0.0534593 
0.0500341 
0.141565 
0.105458 
0.0375948 
0.098986 
0.0691631 
0.0598901 
0.100577 
0.0897586 
0.0399242 
0.0715192 
0.108155 
0.0992867 
0.0979478 
0.0757532 
0.0965801 
0.104526 
0.0415586 
0.0327082 
0.0799496 
0.106531 
0.0632387 
0.0953411 
0.112144 
0.0558939 
0.0426931 
0.0799333 
0.145406 
0.0799181 
0.0713161 
0.0406428 
0.032927 
0.0578226 
0.111006 
0.0784379 
0.121444 
0.10912 
0.0566107 
0.0195262 
0.0950202 
0.106115 
0.113813 
0.0545667 
0.0830896 
0.100286 
0.10543 
0.0532184 
0.0798125 
0.10517 
0.0526901 
0.104523 
0.1172 
0.0695277 
0.130111 
0.0392712 
0.102041 
0.125741 
0.130924 
0.104743 
0.0440653 
0.0957898 
0.0935342 
0.041321 
0.0394055 
0.0554251 
0.0523291 
0.0287684 
0.0688011 
0.0464184 
0.0686397 
0.088194 
0.0325625 
0.0829389 
0.0701552 
0.0358811 
0.075931 
0.0885589 
0.0369279 
0.0895108 
0.105253 
0.0360226 
0.0696242 
0.0771021 
0.0744778 
0.0469815 
0.0330949 
0.104157 
0.038689 
0.15391 
0.102438 
0.0591278 
0.040777 
0.110556 
0.102722 
0.0518235 
0.0704063 
0.10226 
0.162642 
0.165863 
0.121833 
0.118313 
0.0475998 
0.105335 
0.132415 
0.132193 
0.0681969 
0.117738 
0.154155 
0.130941 
0.0806931 
0.0430624 
0.0885864 
0.108361 
0.0704772 
0.0628172 
0.124992 
0.154306 
0.16125 
0.0333097 
0.0507757 
0.109847 
0.097186 
0.097901 
0.0378459 
0.122194 
0.0571036 
0.0883166 
0.043672 
0.0668829 
0.0645191 
0.125887 
0.129048 
0.0794221 
0.0468937 
0.0916907 
0.113986 
0.0650187 
0.047794 
0.0978235 
0.102839 
0.0767595 
0.0371538 
0.0233631 
0.0929515 
0.0719752 
0.041999 
0.0932613 
0.0991639 
0.0979176 
0.0504364 
0.100097 
0.0839596 
0.0654705 
0.0448726 
0.0544518 
0.121992 
0.0643627 
0.101112 
0.100327 
0.0795064 
0.0720667 
0.118719 
0.127133 
0.0981775 
0.0416008 
0.102417 
0.0754706 
0.418382 
