0
0.378127 
0.137846 
0.18805 
0.0814219 
0.0754842 
0.0669121 
0.132648 
0.0748271 
0.0579392 
0.0426407 
0.0226984 
0.104694 
0.0577212 
0.0737035 
0.10485 
0.0355579 
0.0744557 
0.0455757 
0.0658797 
0.0664109 
0.188865 
0.223072 
0.0783479 
0.0600388 
0.101805 
0.0575012 
0.109284 
0.0446018 
0.0660871 
0.348434 
0.323862 
0.235076 
0.24763 
0.244661 
0.0715447 
0.0998193 
0.0981934 
0.0971192 
0.0958997 
0.12172 
0.0851786 
0.0833417 
0.0570551 
0.0883975 
0.0836568 
0.0943284 
0.0253983 
0.0906556 
0.0469145 
0.0921996 
0.0399954 
0.0732727 
0.0392736 
0.0938686 
0.0260894 
0.0305918 
0.0646317 
0.0414749 
0.300059 
0.285277 
0.0740776 
0.0256684 
0.0285818 
0.0907805 
0.0933962 
0.146232 
0.272561 
0.170724 
0.295424 
0.238523 
0.093914 
0.0742835 
0.074724 
0.0932777 
0.0474537 
0.135041 
0.0734911 
0.0537798 
0.0720843 
0.0604027 
0.0506723 
0.0509436 
0.0499671 
0.0757112 
0.0597908 
0.074596 
0.0790903 
0.029307 
0.0560868 
0.0966193 
0.0580599 
0.0557123 
0.0571458 
0.0495619 
0.0600588 
0.10053 
0.0524569 
0.0394979 
0.0428325 
0.0524076 
0.0075057 
0.0682343 
0.0617497 
0.11094 
0.115538 
0.0888815 
0.0334096 
0.178609 
0.1501 
0.0943234 
0.070291 
0.0566716 
0.0454786 
0.0616962 
0.075047 
0.111174 
0.0570628 
0.033918 
0.0412019 
0.0364137 
0.040148 
0.0389331 
0.021447 
0.040601 
0.0214561 
0.0446907 
0.043063 
0.0625873 
0.0663608 
0.0961813 
0.0410097 
0.0284051 
0.0521569 
0.0277351 
0.0387202 
0.0596962 
0.0451741 
0.0494798 
0.0557976 
0.0277391 
0.0698308 
0.0662977 
0.0417162 
0.0901244 
0.0307882 
0.0543087 
0.0324204 
0.0761245 
0.101222 
0.0363077 
0.0561149 
0.0374209 
0.0355773 
0.0465323 
0.0734459 
0.0272329 
0.0507126 
0.0499761 
0.0447587 
0.0589551 
0.0635014 
0.0975794 
0.0202899 
0.164203 
0.059905 
0.0899863 
0.133559 
0.0336037 
0.0635882 
0.0892039 
0.0665351 
0.0802519 
0.0471618 
0.0404979 
0.0232281 
0.050878 
0.0497274 
0.0410738 
0.0471769 
0.0720976 
0.140636 
0.065499 
0.0704817 
0.034803 
0.316648 
0.239949 
0.155461 
0.345744 
0.190815 
0.137247 
0.122304 
0.102174 
0.137598 
0.128305 
0.0847036 
0.0694615 
0.0806863 
0.0757335 
0.0828815 
0.118429 
0.0989612 
0.0793881 
0.0678572 
0.0541909 
0.0932038 
0.0528106 
0.0618064 
0.0686623 
0.0503053 
0.0858595 
0.038081 
0.04674 
0.0462864 
0.035086 
0.0350493 
0.0739108 
0.0509359 
0.0367555 
0.0422498 
0.222406 
0.241974 
0.189385 
0.255681 
0.105191 
0.119421 
0.638239 
0.405938 
0.0691104 
0.694569 
0.599406 
0.240244 
0.202913 
0.0505052 
0.0678268 
0.0757105 
0.0688387 
0.105433 
0.0811442 
0.0750818 
0.0541686 
0.118122 
0.0363458 
0.0920918 
0.0708674 
0.105891 
0.180782 
0.0618358 
0.0966176 
0.153162 
0.488343 
0.405526 
0.239868 
0.0944745 
0.0522217 
0.0798962 
0.152173 
0.17004 
0.270667 
0.218941 
0.0708425 
0.0829425 
0.049635 
0.0571065 
0.135384 
0.115686 
0.0953535 
0.136109 
0.0592085 
0.035704 
0.28924 
0.321833 
0.101911 
0.075424 
0.065806 
0.0504435 
0.085127 
0.128446 
0.0990908 
0.29994 
0.208306 
0.204834 
0.163727 
0.440724 
0.452124 
0.317715 
0.262869 
0.113122 
0.181359 
0.132683 
0.0762821 
0.144516 
0.203579 
0.183818 
0.162345 
0.157025 
0.410548 
0.173822 
0.120462 
0.197473 
