0
0.7313 
0.0679359 
0.0555387 
0.188084 
0.0898991 
0.0650707 
0.111485 
0.114289 
0.187466 
0.316874 
0.106825 
0.0968075 
0.178633 
0.09504 
0.0531985 
0.05921 
0.0959265 
0.0879668 
0.110925 
0.105659 
0.184408 
0.302145 
0.281379 
0.257154 
0.139713 
0.153372 
0.166215 
0.0974841 
0.106122 
0.149949 
0.074174 
0.066469 
0.103411 
0.545647 
0.276473 
0.387279 
0.18941 
0.101319 
0.152352 
0.194187 
0.0902134 
0.114928 
0.0879243 
0.0367589 
0.0772368 
0.124551 
0.0665796 
0.0153823 
0.0551545 
0.139711 
0.0986875 
0.424906 
0.220533 
0.1374 
0.169268 
0.0643046 
0.127856 
0.0526132 
0.0724064 
0.0646444 
0.0420785 
0.0669166 
0.0757289 
0.0933376 
0.0586938 
0.104821 
0.0481837 
0.0455727 
0.0850212 
0.0805722 
0.0945745 
0.0564413 
0.0762822 
0.067826 
0.204054 
0.0960738 
0.0554798 
0.227252 
0.136466 
0.112718 
0.0746632 
0.0728232 
0.115155 
0.0648408 
0.111388 
0.0865374 
0.0867391 
0.0640636 
0.154115 
0.0552526 
0.297191 
0.228508 
0.0379534 
0.0479667 
0.102733 
0.098026 
0.0732273 
0.0773273 
0.149532 
0.0474956 
0.0686359 
0.0447885 
0.0194096 
0.0472899 
0.0522694 
0.0807348 
0.0485617 
0.0825159 
0.426761 
0.116345 
0.113718 
0.13528 
0.0951889 
0.157188 
0.113837 
0.0832835 
0.127893 
0.0546328 
0.142754 
0.143992 
0.1001 
0.0950215 
0.219835 
0.164146 
0.0645915 
0.0663743 
0.0689256 
0.0428266 
0.0500323 
0.0675604 
0.06467 
0.0903167 
0.0445992 
0.0360451 
0.151558 
0.076318 
0.0406482 
0.092867 
0.0564931 
0.0866301 
0.103786 
0.313267 
0.240674 
0.183515 
0.344042 
0.290786 
0.0729769 
0.0857868 
0.133225 
0.0224661 
0.0452741 
0.0501958 
0.043518 
0.0761013 
0.0509263 
0.0689626 
0.100741 
0.0915248 
0.301853 
0.338597 
0.245469 
0.155927 
0.0785372 
0.0414111 
0.0766694 
0.0549154 
0.12135 
0.0987161 
0.137657 
0.110182 
0.0777464 
0.0482794 
0.159552 
0.2231 
0.348476 
0.25498 
0.148182 
0.14029 
0.16864 
0.0854279 
0.038777 
0.111358 
0.0615031 
0.080924 
0.0573842 
0.368089 
0.160824 
0.155086 
0.17764 
0.131285 
0.771689 
0.501897 
0.386076 
0.137077 
0.205638 
0.479949 
0.179784 
0.160829 
0.124167 
0.121676 
0.0628635 
0.121452 
0.0552191 
0.13676 
0.0667381 
0.0788846 
0.0910556 
0.168975 
0.145359 
0.172677 
0.367847 
0.475657 
0.518236 
0.190434 
0.0524621 
0.203509 
0.149836 
0.109986 
0.104281 
0.107052 
0.0865568 
0.403407 
0.787409 
0.222385 
0.191124 
0.162113 
0.173068 
0.0622185 
0.0949025 
0.146678 
0.551947 
0.479189 
0.462134 
0.583102 
0.269012 
0.125739 
0.250942 
0.195989 
0.102128 
0.125586 
0.137952 
0.0857549 
0.210996 
0.102072 
0.0915405 
0.119675 
0.114536 
0.401389 
0.244279 
0.184892 
0.116933 
0.11033 
0.11694 
0.0888891 
0.0415262 
0.0410086 
0.0424712 
0.0510628 
0.0895044 
0.0557472 
0.0981311 
0.107565 
0.156903 
0.182897 
0.221046 
0.197714 
0.099707 
0.300738 
0.259312 
0.202608 
0.144257 
0.435069 
0.552284 
0.263597 
0.607811 
0.215563 
0.18731 
0.180717 
0.216793 
0.234119 
0.222852 
0.172395 
0.123471 
0.132666 
0.163557 
0.647145 
0.253861 
0.374991 
0.123931 
0.203622 
0.187584 
0.413696 
0.636639 
0.618304 
0.651043 
0.956394 
0.639563 
0.922117 
1.68761 
