0
0.116693 
0.093968 
0.148224 
0.114335 
0.096482 
0.10656 
0.030872 
0.0719629 
0.232018 
0.106455 
0.0812427 
0.0815755 
0.106671 
0.189227 
0.16315 
0.23543 
0.165289 
0.0716096 
0.0891706 
0.0567714 
0.112526 
0.125953 
0.0822983 
0.139061 
0.0646211 
0.0965252 
0.0441967 
0.0395999 
0.0577988 
0.13988 
0.0382327 
0.0692689 
0.168002 
0.199326 
0.162233 
0.0898804 
0.0625171 
0.150001 
0.0279786 
0.132987 
0.144447 
0.0501239 
0.0433829 
0.0161136 
0.0497716 
0.0828022 
0.0349261 
0.22131 
0.0981605 
0.083801 
0.20503 
0.0846831 
0.121862 
0.053646 
0.104146 
0.0686182 
0.0406945 
0.0438484 
0.0891216 
0.0927027 
0.140327 
0.0889075 
0.11151 
0.0951386 
0.0898205 
0.0503387 
0.0947623 
0.00735729 
0.0869315 
0.269949 
0.322227 
0.10821 
0.0463627 
0.106204 
0.0590677 
0.0758807 
0.0543275 
0.0283765 
0.0675788 
0.143191 
0.296955 
0.143283 
0.0662015 
0.0352481 
0.170801 
0.170979 
0.149718 
0.0714486 
0.116611 
0.0766663 
0.0693118 
0.191758 
0.0774452 
0.0946621 
0.0597208 
0.0357426 
0.0875967 
0.0580816 
0.084346 
0.0668056 
0.0717365 
0.0831384 
0.0653241 
0.0268268 
0.0645863 
0.0670938 
0.0604394 
0.0775943 
0.0572424 
0.065772 
0.0965239 
0.0500406 
0.0658332 
0.162682 
0.123695 
0.0752751 
0.075675 
0.0536766 
0.0876674 
0.0981939 
0.0596597 
0.0722538 
0.0820286 
0.0646301 
0.184714 
0.0952686 
0.0536952 
0.0653202 
0.0907048 
0.074338 
0.0709817 
0.113435 
0.0777573 
0.0783347 
0.0495353 
0.0605712 
0.0539507 
0.0487334 
0.0579725 
0.0572518 
0.112997 
0.0746197 
0.127956 
0.11079 
0.106025 
0.0735384 
0.0511044 
0.0579209 
0.0309425 
0.0529763 
0.00432319 
0.0132696 
0.0452333 
0.0488537 
0.0639244 
0.0313616 
0.0501299 
0.0358389 
0.0543076 
0.065759 
0.0612041 
0.051721 
0.11498 
0.0794354 
0.0237517 
0.0533534 
0.0412997 
0.0335676 
0.0718288 
0.0656671 
0.134405 
0.117522 
0.0395934 
0.0550155 
0.0915029 
0.0964289 
0.196485 
0.100411 
0.0842214 
0.0417493 
0.0707433 
0.0879646 
0.0730789 
0.0378314 
0.0386885 
0.0276638 
0.0864483 
0.0760799 
0.0871275 
0.0516923 
0.102406 
0.0621323 
0.0669545 
0.0247792 
0.0408968 
0.0867358 
0.0715916 
0.0538441 
0.0980998 
0.076631 
0.152448 
0.241487 
0.109545 
0.100931 
0.0326369 
0.0742885 
0.0977822 
0.140484 
0.0467934 
0.118512 
0.0785858 
0.109528 
0.0233136 
0.0735214 
0.0309253 
0.0534402 
0.0818241 
0.0444758 
0.0493355 
0.0215735 
0.0880282 
0.0599639 
0.0615826 
0.0472616 
0.0474285 
0.0626509 
0.0701966 
0.108604 
0.0554199 
0.0548624 
0.0340023 
0.0440036 
0.0822872 
0.0522455 
0.0463425 
0.0754149 
0.0166426 
0.0516554 
0.0640988 
0.076513 
0.135834 
0.130721 
0.078197 
0.0391386 
0.100915 
0.15041 
0.0747409 
0.039857 
0.0553756 
0.0772341 
0.0322858 
0.0485101 
0.0521301 
0.0761316 
0.0878513 
0.0462971 
0.0427585 
0.0599885 
0.0783436 
0.0685113 
0.105622 
0.100733 
0.106279 
0.0494683 
0.0449301 
0.023151 
0.0329984 
0.0451012 
0.0248334 
0.0451015 
0.0694836 
0.0496517 
0.0722559 
0.0369198 
0.0259452 
0.136542 
0.0616616 
0.0858242 
0.0427697 
0.0850834 
0.0957702 
0.0518111 
0.13693 
0.0850975 
0.051291 
0.0940804 
0.0630423 
0.0669796 
0.0619175 
0.0236274 
0.0688876 
0.0456087 
0.0268146 
0.0714915 
0.0928418 
0.0569546 
0.0227522 
0.0699065 
0.272999 
