0
0.0504918 
0.0813318 
0.0710818 
0.0962424 
0.088338 
0.0526902 
0.0773583 
0.0333399 
0.0509315 
0.0582667 
0.0556288 
0.0272748 
0.0761163 
0.048167 
0.152669 
0.138733 
0.123868 
0.136179 
0.102508 
0.088523 
0.080264 
0.0634779 
0.0729384 
0.0881576 
0.036377 
0.0840403 
0.049893 
0.079951 
0.0232502 
0.0186781 
0.0981338 
0.0928755 
0.413334 
0.241318 
0.170404 
0.170265 
0.313344 
0.149138 
0.288485 
0.0995128 
0.0618013 
0.0547181 
0.0842704 
0.224129 
0.0860096 
0.0500867 
0.0725064 
0.0582102 
0.0582783 
0.0671437 
0.172316 
0.0702093 
0.0904477 
0.111509 
0.119797 
0.0224086 
0.0386844 
0.0381089 
0.0702354 
0.0677664 
0.133155 
0.0694204 
0.0436055 
0.025749 
0.0528698 
0.0304167 
0.041303 
0.0388575 
0.042755 
0.064199 
0.0318133 
0.0698141 
0.0607145 
0.0409304 
0.145801 
0.0840786 
0.0660457 
0.0701175 
0.0540754 
0.0775821 
0.0726046 
0.0651033 
0.0639902 
0.0572058 
0.114674 
0.0462238 
0.0719551 
0.0522555 
0.0437577 
0.0331288 
0.0856564 
0.0916231 
0.112771 
0.101001 
0.0427832 
0.168175 
0.179224 
0.0842589 
0.0922867 
0.116939 
0.290117 
0.0836432 
0.156776 
0.117459 
0.0890038 
0.0585823 
0.0548443 
0.0214903 
0.14687 
0.168846 
0.0495996 
0.0718798 
0.111956 
0.0592842 
0.0787407 
0.0784931 
0.133574 
0.0508653 
0.0657825 
0.0764954 
0.0430806 
0.111709 
0.0937393 
0.109854 
0.0418851 
0.0174341 
0.119914 
0.039127 
0.0612892 
0.318164 
0.129745 
0.165947 
0.111557 
0.0928398 
0.216172 
0.194754 
0.299794 
0.103301 
0.0628071 
0.107935 
0.041473 
0.0643968 
0.0430977 
0.0800205 
0.038634 
0.0652971 
0.0830946 
0.0702503 
0.0901986 
0.0572095 
0.0261801 
0.0547306 
0.055543 
0.112203 
0.0615977 
0.0719361 
0.0978602 
0.0373507 
0.239307 
0.116826 
0.0487944 
0.136434 
0.0657121 
0.0903677 
0.164207 
0.0805573 
0.0595439 
0.110733 
0.0622232 
0.143781 
0.0622155 
0.0341572 
0.193915 
0.12993 
0.0849389 
0.1053 
0.140894 
0.0696857 
0.1584 
0.265108 
0.116057 
0.0794451 
0.0944423 
0.0577003 
0.0637857 
0.0721949 
0.0852738 
0.153235 
0.0536449 
0.115224 
0.0606275 
0.130624 
0.111515 
0.0551769 
0.0437614 
0.0849214 
0.0626028 
0.0790566 
0.0194731 
0.067032 
0.14052 
0.0590281 
0.0637486 
0.032903 
0.0657186 
0.0993314 
0.265107 
0.0772461 
0.0712749 
0.10155 
0.0338171 
0.0622899 
0.105892 
0.0695862 
0.0831824 
0.0472257 
0.0767151 
0.0907791 
0.0578117 
0.093497 
0.35613 
0.162341 
0.0905384 
0.0392168 
0.0253492 
0.124701 
0.0685623 
0.0658935 
0.0364036 
0.0382973 
0.057843 
0.0516186 
0.0440413 
0.0351928 
0.0370077 
0.0620081 
0.0177107 
0.0534204 
0.0788207 
0.044967 
0.106033 
0.0904437 
0.0604232 
0.101164 
0.0869052 
0.0697778 
0.0708842 
0.113909 
0.0947116 
0.0314313 
0.0512986 
0.0555106 
0.0479525 
0.0346553 
0.0409172 
0.0432748 
0.0546075 
0.0411254 
0.05021 
0.0949669 
0.0632488 
0.0701125 
0.128996 
0.0830598 
0.0848078 
0.140678 
0.0728629 
0.112662 
0.139626 
0.0402321 
0.0819204 
0.0675593 
0.0403687 
0.0941864 
0.0646035 
0.0481467 
0.082334 
0.105972 
0.120534 
0.078215 
0.232035 
0.0389558 
0.0861158 
0.0316074 
0.159409 
0.229992 
0.244501 
0.0902025 
0.157179 
0.192926 
0.17013 
0.108942 
0.149413 
0.085416 
0.0644774 
0.0598343 
0.106184 
0.0506828 
0.070928 
