0
0.0788663 
0.125751 
0.0617731 
0.0608236 
0.124942 
0.144412 
0.0765619 
0.0775155 
0.204876 
0.114482 
0.0598829 
0.139385 
0.100578 
0.119268 
0.100957 
0.0379696 
0.0767198 
0.107331 
0.0559523 
0.144275 
0.0876615 
0.109624 
0.129284 
0.0834654 
0.0406074 
0.10877 
0.0600055 
0.0951632 
0.0727859 
0.156178 
0.0747511 
0.336718 
0.151738 
0.241361 
0.165402 
0.0657151 
0.107911 
0.145655 
0.0609845 
0.0706652 
0.0683652 
0.0762004 
0.0953265 
0.0795068 
0.0453011 
0.0665378 
0.0427347 
0.149435 
0.127137 
0.104075 
0.0676262 
0.100041 
0.0553924 
0.0560308 
0.0789379 
0.0679221 
0.129442 
0.0985334 
0.131299 
0.0444169 
0.0611941 
0.0720199 
0.0754128 
0.0513763 
0.0934008 
0.105988 
0.145467 
0.120429 
0.125947 
0.110942 
0.0992055 
0.132305 
0.0356224 
0.0510541 
0.0365456 
0.0658845 
0.0645691 
0.0858241 
0.0900126 
0.0615233 
0.0463168 
0.0816142 
0.0281001 
0.0392716 
0.0643859 
0.0831353 
0.0619184 
0.0761157 
0.0884788 
0.0408821 
0.0461582 
0.0686494 
0.0676416 
0.123478 
0.111738 
0.0591151 
0.108843 
0.05241 
0.117551 
0.0586133 
0.0427034 
0.0566813 
0.102898 
0.0895233 
0.110199 
0.0641695 
0.0672437 
0.0544983 
0.0594504 
0.035372 
0.0390183 
0.0775659 
0.054721 
0.0512675 
0.0373821 
0.0794473 
0.0488643 
0.0937397 
0.110409 
0.0501963 
0.170414 
0.158495 
0.0417751 
0.0540388 
0.113897 
0.0712679 
0.101413 
0.0843232 
0.0515798 
0.0315194 
0.0987859 
0.087174 
0.0810682 
0.0811059 
0.116715 
0.0801078 
0.111591 
0.0967723 
0.122488 
0.11327 
0.110267 
0.0664621 
0.0730549 
0.0605934 
0.115305 
0.063761 
0.026081 
0.0671964 
0.096902 
0.0625478 
0.0496202 
0.0585371 
0.0733981 
0.0964852 
0.105148 
0.0528404 
0.0499254 
0.0418934 
0.186538 
0.164918 
0.0727175 
0.116819 
0.0849608 
0.214811 
0.552225 
0.0979965 
0.0669877 
0.0934162 
0.125135 
0.06135 
0.0329178 
0.063319 
0.078234 
0.0412013 
0.0676228 
0.0935678 
0.069893 
0.06913 
0.113583 
0.126913 
0.0472673 
0.104042 
0.0815345 
0.077096 
0.183401 
0.104576 
0.0730092 
0.0635253 
0.0763726 
0.0571536 
0.040384 
0.0620406 
0.0696089 
0.101426 
0.0593591 
0.0733483 
0.141843 
0.088132 
0.0989804 
0.0786961 
0.0525848 
0.0770575 
0.0336702 
0.0896776 
0.0516529 
0.0730352 
0.0489987 
0.09361 
0.179953 
0.142883 
0.0911201 
0.0502844 
0.057592 
0.0652653 
0.0477636 
0.0741231 
0.0602078 
0.0616456 
0.0776044 
0.0714252 
0.0840089 
0.0928025 
0.105328 
0.0679778 
0.0608168 
0.0867226 
0.0250019 
0.0916486 
0.0970058 
0.0461857 
0.108568 
0.103698 
0.109207 
0.0867787 
0.0603147 
0.0688312 
0.0562347 
0.0913319 
0.0284394 
0.0826775 
0.0743451 
0.0628773 
0.0736425 
0.0688793 
0.0727488 
0.078059 
0.109337 
0.0466449 
0.0491364 
0.0603519 
0.066011 
0.080852 
0.0703501 
0.0315432 
0.064888 
0.0952782 
0.0742872 
0.0581426 
0.132274 
0.0589436 
0.0452123 
0.0635058 
0.0722684 
0.0797248 
0.0782414 
0.0749983 
0.0481513 
0.0468286 
0.0743335 
0.0614572 
0.084943 
0.0451285 
0.0620795 
0.0679887 
0.0808984 
0.025054 
0.126975 
0.077873 
0.0838004 
0.0758384 
0.147169 
0.0329898 
0.0663498 
0.0708421 
0.0603729 
0.0790188 
0.107772 
0.115113 
0.0952266 
0.082935 
0.0785369 
0.0914305 
0.0749009 
0.0874154 
0.0558197 
0.0557831 
0.0379513 
0.063322 
0.29834 
