0
0.0656731 
0.0470421 
0.0958698 
0.121498 
0.101555 
0.0857809 
0.0502893 
0.0255324 
0.0412442 
0.0611206 
0.0531346 
0.0580486 
0.0639282 
0.0422593 
0.0342134 
0.0530632 
0.101968 
0.0623475 
0.0758417 
0.0779411 
0.149615 
0.0353885 
0.150534 
0.0639996 
0.0461103 
0.0376412 
0.0444671 
0.0605438 
0.169784 
0.331091 
0.319823 
0.204693 
0.104062 
0.385034 
0.431049 
0.554688 
0.376603 
0.0779563 
0.0837597 
1.13301 
1.52785 
0.983884 
0.501133 
1.00177 
0.518994 
0.194328 
0.194722 
0.350971 
0.106578 
0.0927577 
0.0806592 
0.0916608 
0.0754847 
0.333325 
0.192771 
0.225994 
0.138459 
0.125866 
0.101537 
0.0495206 
0.0956614 
0.133883 
0.136028 
0.076584 
0.167585 
0.162142 
0.190138 
0.142719 
0.0662856 
0.134086 
0.354425 
0.484584 
0.134415 
0.110406 
0.157305 
0.115081 
0.10685 
0.0484973 
0.137169 
0.110706 
0.17812 
0.0951028 
0.114007 
0.15088 
0.104369 
0.0979584 
0.137836 
0.287569 
0.228378 
0.24381 
0.703132 
0.441936 
0.0911442 
0.0749088 
0.233251 
0.347721 
0.123554 
0.0650572 
0.109798 
0.0849234 
0.386725 
0.396328 
0.296802 
0.238885 
0.0960829 
0.0909367 
0.132317 
0.116685 
0.131293 
0.12885 
0.0926884 
0.144496 
0.104061 
0.0886026 
0.170794 
0.195453 
0.164011 
0.11109 
0.085082 
0.05599 
0.0252876 
0.153588 
0.0327944 
0.158675 
0.183864 
0.123616 
0.144969 
0.617243 
0.607157 
0.370931 
0.173844 
0.15749 
0.0772283 
0.194339 
1.91318 
0.740222 
0.930221 
0.996555 
1.39655 
0.446254 
0.2414 
0.564838 
0.693329 
0.0564496 
0.152455 
0.26611 
0.230632 
0.105223 
0.767415 
0.480094 
0.910062 
0.153387 
0.108637 
0.0763637 
0.063682 
0.133958 
0.108202 
0.0899036 
0.0506827 
0.0712541 
0.0794163 
0.167108 
0.08113 
0.14805 
0.522155 
0.0960647 
0.0964064 
0.0859382 
0.430586 
0.89412 
0.445443 
0.200001 
0.469208 
0.469475 
0.96266 
0.208514 
0.521894 
0.612719 
0.416601 
0.465644 
0.381419 
0.429973 
0.918194 
0.282441 
1.37974 
0.559819 
1.03988 
0.344667 
0.412038 
0.265431 
0.749876 
0.756391 
0.676302 
0.361415 
0.109865 
0.0723812 
0.152196 
0.141186 
0.169085 
0.237361 
0.0326079 
0.0698295 
0.0770998 
0.0948838 
0.162878 
0.211928 
0.0775359 
0.103477 
0.0456157 
0.146476 
0.124216 
0.116655 
0.110147 
0.0605818 
0.154254 
0.135143 
0.088942 
0.182963 
0.0867042 
0.0626759 
0.073881 
0.0499124 
0.123358 
0.244363 
0.11084 
0.0584212 
0.39366 
0.434363 
0.231826 
0.812615 
0.610821 
0.105309 
0.068381 
0.219148 
0.0836994 
0.0847431 
0.0372611 
0.160796 
0.071476 
0.112687 
0.0576058 
0.0712303 
0.0598417 
0.078525 
0.0967801 
0.125034 
0.107832 
0.32108 
0.280765 
0.151861 
0.199358 
0.228529 
0.0468245 
0.131253 
0.116571 
0.294154 
0.416833 
0.157625 
0.133654 
0.112854 
0.0987144 
0.127435 
0.424602 
0.0430919 
0.130409 
0.0948859 
0.146185 
0.0719001 
0.114224 
0.17207 
0.0976434 
0.143836 
0.219838 
0.113262 
0.390283 
0.258031 
0.139947 
0.0787451 
0.159047 
0.114841 
0.100674 
0.0894264 
0.16507 
0.176864 
0.397201 
0.199172 
0.278631 
0.0906757 
0.123077 
0.123764 
0.172122 
0.329475 
0.146644 
0.452229 
1.4965 
0.250143 
0.359156 
0.943027 
0.547188 
