0
0.0506739 
0.0946649 
0.116885 
0.189538 
0.096781 
0.191569 
0.0413315 
0.0669525 
0.0907244 
0.200092 
0.093803 
0.097219 
0.055544 
0.0927032 
0.152384 
0.0687758 
0.0990065 
0.0639275 
0.090866 
0.0746911 
0.095138 
0.0690955 
0.064299 
0.0892414 
0.0562142 
0.0829735 
0.0868746 
0.0719323 
0.0856815 
0.0893512 
0.0555933 
0.0418805 
0.0925174 
0.0821838 
0.0924938 
0.0446545 
0.078824 
0.0989709 
0.106007 
0.0602852 
0.0593557 
0.0791164 
0.091814 
0.0731009 
0.0584804 
0.0956011 
0.0686093 
0.122626 
0.0761923 
0.0853511 
0.0769965 
0.0828673 
0.0607606 
0.0925488 
0.071058 
0.0732296 
0.0519307 
0.0851309 
0.057152 
0.106734 
0.0846632 
0.0517668 
0.0542783 
0.0479735 
0.0870028 
0.0271682 
0.0568634 
0.139107 
0.373362 
0.10759 
0.0387535 
0.0412819 
0.0492899 
0.0726492 
0.136648 
0.123671 
0.0694503 
0.0863964 
0.0810395 
0.0750089 
0.0636705 
0.104573 
0.0704621 
0.0783317 
0.066966 
0.077281 
0.0027333 
0.0520075 
0.0293452 
0.0492519 
0.0603478 
0.0322589 
0.0323399 
0.0439801 
0.090948 
0.0488289 
0.0434698 
0.0950728 
0.0804054 
0.070213 
0.046439 
0.044015 
0.112515 
0.0103144 
0.104513 
0.0618131 
0.0871399 
0.0443884 
0.0706974 
0.304254 
0.159701 
0.144323 
0.0741986 
0.0733827 
0.0527237 
0.0629783 
0.0990053 
0.0764146 
0.155004 
0.107413 
0.055515 
0.0585317 
0.0427914 
0.027025 
0.0688662 
0.0855729 
0.127212 
0.109842 
0.0635445 
0.101913 
0.0643561 
0.0964319 
0.126735 
0.170584 
0.0839662 
0.0852041 
0.0543368 
0.0678119 
0.126577 
0.134189 
0.0610202 
0.0797212 
0.0858144 
0.124534 
0.0425608 
0.0499599 
0.0623914 
0.0456705 
0.0369486 
0.130749 
0.0240021 
0.0817478 
0.0817428 
0.100439 
0.0513078 
0.0620469 
0.0784597 
0.0925937 
0.0618289 
0.0257133 
0.0558409 
0.0433664 
0.0667627 
0.0486912 
0.0223396 
0.0680662 
0.0494756 
0.0323579 
0.0872493 
0.112272 
0.0181587 
0.0717796 
0.0448412 
0.0513134 
0.0675823 
0.148961 
0.0734006 
0.0421098 
0.0686554 
0.124681 
0.116926 
0.0561893 
0.045184 
0.105058 
0.0918776 
0.105461 
0.0942202 
0.175303 
0.156818 
0.0667497 
0.0400315 
0.118368 
0.0443301 
0.19053 
0.19954 
0.115905 
0.0600707 
0.0817446 
0.0644092 
0.0794196 
0.0645226 
0.0962173 
0.0859496 
0.0751293 
0.0591466 
0.0378774 
0.0453964 
0.0329349 
0.0529073 
0.0830201 
0.0389509 
0.0387091 
0.0438048 
0.064771 
0.0668435 
0.114576 
0.0845478 
0.03464 
0.0949512 
0.0653002 
0.0437227 
0.0753791 
0.0592937 
0.0699565 
0.075786 
0.0700593 
0.115953 
0.0884518 
0.0791773 
0.0859694 
0.0701357 
0.124183 
0.0829228 
0.0756664 
0.0359071 
0.0483638 
0.0581303 
0.05603 
0.0751693 
0.0576706 
0.102108 
0.131481 
0.0573467 
0.0492445 
0.118103 
0.0995419 
0.094095 
0.0532519 
0.0873123 
0.0809465 
0.0427987 
0.0383698 
0.030142 
0.0306731 
0.117414 
0.0501332 
0.0314951 
0.0998954 
0.0311101 
0.0465005 
0.0549711 
0.0769083 
0.0537417 
0.0403705 
0.0669722 
0.0489401 
0.0667389 
0.096068 
0.0995431 
0.0572556 
0.043455 
0.0549429 
0.0393361 
0.0623518 
0.054789 
0.031204 
0.0627743 
0.0451324 
0.0485243 
0.0412497 
0.0342658 
0.101845 
0.0688941 
0.0931019 
0.0504906 
0.0471165 
0.0305014 
0.0420396 
0.0703463 
0.0334254 
0.0523739 
0.0371584 
0.0836626 
0.107049 
0.100135 
0.0144013 
0.0661604 
0.105136 
0.350926 
