0
0.140288 
0.414288 
0.711871 
0.709223 
0.113729 
0.466697 
0.532137 
0.307369 
0.167018 
0.140381 
0.107372 
0.132598 
0.0949295 
0.13723 
0.28298 
0.091506 
0.154961 
0.131211 
0.129651 
0.201048 
0.149981 
0.0511626 
0.206023 
0.199102 
0.196057 
0.082646 
0.0791401 
0.0888191 
0.208748 
0.17704 
0.127034 
0.0930064 
0.405159 
0.194312 
0.130033 
0.0569422 
0.0433482 
0.102572 
0.208554 
0.227013 
0.0391999 
0.121385 
0.10054 
0.0983237 
0.136327 
0.144839 
0.0958556 
0.0847985 
0.119798 
0.058371 
0.191468 
0.133223 
0.107188 
0.467915 
0.188135 
0.168822 
0.211548 
0.146967 
0.0914088 
0.0487827 
0.0611695 
0.118827 
0.165229 
0.243112 
0.19087 
0.199182 
0.268553 
0.170077 
0.229443 
0.218057 
0.141748 
0.179501 
0.341847 
0.541597 
0.545932 
0.178541 
0.145023 
0.172028 
0.100766 
0.148103 
0.0325093 
0.0954117 
0.0473551 
0.105896 
0.100686 
0.0853581 
0.139647 
0.152573 
0.171544 
0.189452 
0.23309 
0.441251 
0.355118 
0.0800125 
0.169382 
0.126275 
0.0686881 
0.179947 
0.0588202 
0.0507495 
0.111204 
0.0980736 
0.0691871 
0.118077 
0.146409 
0.154845 
0.0863208 
0.152966 
0.0909691 
0.144498 
0.125954 
0.414934 
0.739734 
0.216758 
0.173894 
0.334751 
0.374331 
0.0572857 
0.282194 
0.213885 
0.10545 
0.047391 
0.0846175 
0.136075 
0.0408777 
0.0839392 
0.0426287 
0.142756 
0.0608059 
0.0807321 
0.0788006 
0.0849135 
0.114221 
0.0828201 
0.0377167 
0.0589661 
0.0488084 
0.0608882 
0.0731775 
0.082826 
0.0658795 
0.084537 
0.166041 
0.142722 
0.114004 
0.050451 
0.0971041 
0.143306 
0.118954 
0.152824 
0.0686687 
0.0839931 
0.0400481 
0.030975 
0.126753 
0.0224429 
0.0669551 
0.0346341 
0.0581587 
0.0302977 
0.0679812 
0.0378547 
0.0523136 
0.0325842 
0.0336462 
0.137933 
0.0893465 
0.152687 
0.096387 
0.0581452 
0.057018 
0.0900892 
0.123026 
0.112407 
0.118848 
0.148552 
0.104405 
0.0688275 
0.0404791 
0.0439536 
0.0607583 
0.0574025 
0.0643955 
0.104821 
0.0730124 
0.157141 
0.406346 
0.241329 
0.182065 
0.197917 
0.204446 
0.11565 
0.201872 
0.111539 
0.118888 
0.148679 
0.0974308 
0.0813022 
0.0243305 
0.081891 
0.049542 
0.155497 
0.276116 
0.40683 
0.214522 
0.107101 
0.0774144 
0.0871098 
0.116247 
0.0992124 
0.0359655 
0.0809549 
0.0634387 
0.107293 
0.0622632 
0.0512365 
0.112696 
0.0643693 
0.0404336 
0.083868 
0.0797545 
0.105383 
0.0358232 
0.0871816 
0.0920191 
0.0712727 
0.0203873 
0.0469498 
0.0454869 
0.0698581 
0.094276 
0.100674 
0.0551329 
0.0728379 
0.0889887 
0.071096 
0.0761957 
0.145337 
0.283556 
0.13377 
0.0639138 
0.0759234 
0.0813852 
0.100262 
0.0141113 
0.0422505 
0.0496281 
0.0680214 
0.023883 
0.0757124 
0.0690839 
0.0670081 
0.125073 
0.208581 
0.104407 
0.077265 
0.130399 
0.226849 
0.0255471 
0.0516014 
0.179442 
0.0639359 
0.144997 
0.0379459 
0.0283324 
0.0851008 
0.153963 
0.11021 
0.0786191 
0.0856348 
0.113592 
0.203417 
0.0714248 
0.133205 
0.0537383 
0.05999 
0.0899057 
0.0553526 
0.0543729 
0.14392 
0.192422 
0.366075 
0.285196 
0.254771 
0.188806 
0.118907 
0.0973252 
0.268795 
0.115799 
0.0776407 
0.0570658 
0.133103 
0.172717 
0.114178 
0.156671 
0.0601681 
0.0545639 
0.110416 
0.143271 
