0
0.129397 
0.116281 
0.129827 
0.121736 
0.0361828 
0.189544 
0.136033 
0.0768281 
0.0682433 
0.0749808 
0.110629 
0.0632661 
0.0565911 
0.101921 
0.116779 
0.144001 
0.183451 
0.129973 
0.101458 
0.1529 
0.175487 
0.161493 
0.137468 
0.131291 
0.107921 
0.12329 
0.121894 
0.145727 
0.134772 
0.105612 
0.137197 
0.100022 
0.0793425 
0.113479 
0.109444 
0.107769 
0.101713 
0.140111 
0.103166 
0.128273 
0.157193 
0.0615446 
0.104952 
0.107842 
0.106924 
0.132445 
0.130221 
0.114446 
0.0797108 
0.109689 
0.108088 
0.146799 
0.0950963 
0.109574 
0.144447 
0.127584 
0.127155 
0.137355 
0.153787 
0.164012 
0.149623 
0.0579127 
0.137416 
0.120708 
0.148802 
0.118688 
0.0668643 
0.109076 
0.0953716 
0.0632996 
0.086637 
0.106689 
0.0834219 
0.0765024 
0.0927166 
0.116603 
0.141227 
0.133891 
0.101607 
0.0930082 
0.0890035 
0.0816965 
0.0824422 
0.0675461 
0.0358422 
0.0502712 
0.0652381 
0.117423 
0.118341 
0.13492 
0.141703 
0.138716 
0.0981226 
0.0689773 
0.0936678 
0.1039 
0.107763 
0.0803368 
0.112346 
0.102616 
0.0876674 
0.0851631 
0.107278 
0.105916 
0.0643019 
0.107571 
0.158563 
0.158139 
0.146375 
0.120886 
0.0865181 
0.0695181 
0.0651393 
0.123228 
0.0768623 
0.0418154 
0.0872236 
0.070428 
0.795183 
0.427282 
0.150313 
0.113298 
0.147611 
0.0844975 
0.0684107 
0.107353 
0.134229 
0.0992391 
0.0810804 
0.0764852 
0.0288482 
0.0807118 
0.0996097 
0.0683485 
0.087273 
0.0429691 
0.0684818 
0.0803048 
0.0799815 
0.0747527 
0.0902268 
0.063563 
0.0657553 
0.0586539 
0.0547865 
0.0489978 
0.0557051 
0.103967 
0.0921371 
0.0570688 
0.0633538 
0.134712 
0.124634 
0.101612 
0.0690764 
0.0661069 
0.0711342 
0.0783494 
0.0902239 
0.0787341 
0.0812675 
0.0859108 
0.0574327 
0.327139 
0.322797 
0.12257 
0.105851 
0.0570394 
0.0908224 
0.0942014 
0.0988612 
0.0625164 
0.100447 
0.0678864 
0.109395 
0.104357 
0.0936642 
0.091854 
0.0634112 
0.10411 
0.104832 
0.0673528 
0.0656287 
0.107028 
0.0739111 
0.119955 
0.135065 
0.0753216 
0.0610424 
0.0486842 
0.0730205 
0.0931204 
0.0898495 
0.113028 
0.108875 
0.103278 
0.0229254 
0.131614 
0.0720728 
0.0711975 
0.0639333 
0.0283072 
0.0404258 
0.0474452 
0.0536877 
0.0455387 
0.0497598 
0.059702 
0.062515 
0.0683281 
0.058182 
0.0549669 
0.118609 
0.0957785 
0.0626896 
0.0157426 
0.0595519 
0.0961889 
0.0664332 
0.0511822 
0.0778188 
0.666056 
0.256132 
0.0682471 
0.133693 
0.172019 
0.0595081 
0.0807521 
0.0716832 
0.0258464 
0.102826 
0.0717125 
0.0868628 
0.102024 
0.10585 
0.0572654 
0.0562467 
0.100013 
0.0818417 
0.104942 
0.117989 
0.100111 
0.0965 
0.0799566 
0.0398354 
0.0355469 
0.0666427 
0.0772144 
0.0803782 
0.0617618 
0.0855645 
0.0490559 
0.0840474 
0.152842 
0.0877015 
0.0593569 
0.0708328 
0.111589 
0.0863211 
0.11639 
0.0516758 
0.0686832 
0.0765837 
0.0898007 
0.0466382 
0.022227 
0.13467 
0.134833 
0.0628243 
0.0580558 
0.116677 
0.0723664 
0.0415522 
0.0604611 
0.049317 
0.0700225 
0.0563715 
0.0371488 
0.0932843 
0.0884017 
0.112621 
0.0749169 
0.0676866 
0.058683 
0.044642 
0.0689937 
0.0839213 
0.076604 
0.107048 
0.0696878 
0.0539446 
0.119492 
0.0484806 
0.0581901 
0.0858251 
0.0784209 
0.0652604 
0.055154 
0.328985 
