0
0.0618762 
0.084818 
0.0931862 
0.0488637 
0.0533186 
0.0418267 
0.0462999 
0.105267 
0.0833722 
0.0614282 
0.0276795 
0.0222447 
0.0623328 
0.0612578 
0.13556 
0.136825 
0.109314 
0.0681131 
0.0607705 
0.0375284 
0.0632673 
0.0181748 
0.0281421 
0.0534905 
0.090552 
0.0520401 
0.0551583 
0.0868955 
0.0558673 
0.0439346 
0.0569789 
0.041466 
0.0393539 
0.0447511 
0.0432431 
0.022523 
0.100974 
0.0479806 
0.0475144 
0.0366427 
0.026666 
0.030568 
0.0508345 
0.0510833 
0.0699805 
0.0430011 
0.055825 
0.370634 
0.916409 
0.804496 
0.0638465 
0.11516 
0.0680875 
0.0426602 
0.0312491 
0.0527706 
0.0894016 
0.0654045 
0.012289 
0.0686695 
0.0678466 
0.0195198 
0.0260748 
0.0475386 
0.0704723 
0.123328 
0.151548 
0.116291 
0.0822805 
0.0645812 
0.0282053 
0.0324389 
0.030666 
0.128924 
0.0978069 
0.0437563 
0.099993 
0.0755517 
0.0685199 
0.0370182 
0.0504713 
0.0449044 
0.0656124 
0.0489504 
0.0921727 
0.0266445 
0.0400152 
0.0560653 
0.036143 
0.0546926 
0.138631 
0.255103 
0.177802 
0.132947 
0.228375 
0.0968577 
0.0775649 
0.0546695 
0.056037 
0.0504829 
0.0443776 
0.01635 
0.0408338 
0.0138404 
0.0771168 
0.0506741 
0.0340713 
0.0646115 
0.0854819 
0.086329 
0.0438388 
0.0271956 
0.0558046 
0.113825 
0.0901586 
0.0824597 
0.0486097 
0.0348074 
0.0678573 
0.0502177 
0.0326315 
0.0304726 
0.059958 
0.0751062 
0.137923 
0.051579 
0.0498581 
0.0155589 
0.0768639 
0.0474586 
0.0180592 
0.0390385 
0.0334994 
0.0684161 
0.0348505 
0.0352587 
0.0380655 
0.0316328 
0.0214877 
0.081171 
0.066276 
0.0775035 
0.0647882 
0.0238164 
0.0396352 
0.0374963 
0.0550135 
0.0317526 
0.0829441 
0.0109498 
0.0113766 
0.0224224 
0.0586692 
0.0542697 
0.00522401 
0.0584322 
0.0593893 
0.052703 
0.0447978 
0.050562 
0.0442603 
0.0378484 
0.02603 
0.025844 
0.0404252 
0.0220945 
0.0659753 
0.0362359 
0.0113989 
0.0320598 
0.0649415 
0.0627329 
0.00638669 
0.0188687 
0.0498101 
0.0455021 
0.0213871 
0.0296074 
0.0545592 
0.0312415 
0.0292558 
0.0556315 
0.0596943 
0.0436468 
0.0245024 
0.03404 
0.0579002 
0.0270303 
0.0524011 
0.0309232 
0.0428901 
0.0285098 
0.0633928 
0.0126377 
0.0460077 
0.0512364 
0.0478471 
0.0431578 
0.0347396 
0.130664 
0.0685792 
0.0582464 
0.0688343 
0.0362771 
0.0189854 
0.0168554 
0.0558073 
0.0384277 
0.0172036 
0.0594323 
0.0522846 
0.0245144 
0.0514751 
0.0408632 
0.0245052 
0.0356419 
0.0523319 
0.0470042 
0.0356728 
0.0350269 
0.0137551 
0.0265683 
0.0468189 
0.0223246 
0.037754 
0.0513091 
0.0568164 
0.0320412 
0.0597963 
0.0370208 
0.0314498 
0.0589726 
0.0390181 
0.0218919 
0.0387283 
0.0502386 
0.0566098 
0.0816337 
0.0527324 
0.0204908 
0.0247994 
0.0545956 
0.0710715 
0.0253595 
0.0236808 
0.0396669 
0.0577475 
0.0914698 
0.149914 
0.325532 
0.138654 
0.160048 
0.0627199 
0.0490399 
0.100185 
0.081963 
0.0236571 
0.195525 
0.270367 
0.194451 
0.12092 
0.049875 
0.0905579 
0.0843727 
0.11221 
0.0632736 
0.0418264 
0.0891604 
0.0756231 
0.0582337 
0.119483 
0.0713448 
0.0454763 
0.0406788 
0.036336 
0.0344086 
0.0418771 
0.045195 
0.0785153 
0.0527714 
0.0735759 
0.068858 
0.0379841 
0.0470409 
0.0396444 
0.0534106 
0.0452373 
0.0852544 
0.102567 
0.0522893 
0.0664586 
0.0373791 
0.0853534 
0.0876675 
0.0937705 
0.0689176 
0.0256208 
0.0420815 
0.388004 
