0
0.0677284 
0.142366 
0.399967 
0.154136 
0.030947 
0.0866159 
0.0813917 
0.0306785 
0.0156866 
0.049688 
0.0668067 
0.0872224 
0.111154 
0.0565885 
0.0644263 
0.0981569 
0.114266 
0.0716174 
0.0457739 
0.0560636 
0.0653797 
0.0894369 
0.101 
0.11075 
0.201805 
0.0617821 
0.0776753 
0.0731379 
0.101339 
0.10532 
0.0734628 
0.0912604 
0.0901933 
0.0790846 
0.0844676 
0.0821068 
0.043259 
0.0882733 
0.0864426 
0.0573088 
0.059394 
0.0803793 
0.104434 
0.110705 
0.100559 
0.105798 
0.101825 
0.14057 
0.103308 
0.0763712 
0.035702 
0.0834203 
0.185759 
0.122382 
0.0666075 
0.0465861 
0.0597463 
0.0722574 
0.0805042 
0.0928716 
0.0629982 
0.0448037 
0.0795731 
0.0930886 
0.119545 
0.0600386 
0.0649569 
0.507055 
0.286831 
0.0580757 
0.0848556 
0.0555881 
0.0599447 
0.0442374 
0.0918139 
0.0602014 
0.03103 
0.062062 
0.102011 
0.111804 
0.089712 
0.0467393 
0.12791 
0.044071 
0.109234 
0.106986 
0.0846983 
0.100971 
0.0822307 
0.0400999 
0.0430395 
0.0483094 
0.0822049 
0.0937565 
0.0505158 
0.0430169 
0.0801562 
0.0850388 
0.102353 
0.0773882 
0.103626 
0.0774196 
0.0947454 
0.0704961 
0.0485432 
0.0721145 
0.0901664 
0.0548198 
0.0610827 
0.0511422 
0.0604922 
0.0296766 
0.0462955 
0.0535654 
0.0578585 
0.0622863 
0.0441087 
0.0796035 
0.0486397 
0.0622337 
0.114926 
0.0624575 
0.092636 
0.111291 
0.0380323 
0.051347 
0.111956 
0.0878177 
0.0651755 
0.0794364 
0.103916 
0.0615431 
0.0219804 
0.050753 
0.0443355 
0.0945943 
0.0931652 
0.0665137 
0.0576192 
0.0773117 
0.0820447 
0.0963561 
0.0860327 
0.0931979 
0.044473 
0.10646 
0.0708531 
0.0602388 
0.0416811 
0.0227079 
0.0570531 
0.0503662 
0.0572602 
0.0167853 
0.042611 
0.0365091 
0.0681195 
0.0887543 
0.0650746 
0.0373601 
0.0633405 
0.0655217 
0.0785601 
0.113313 
0.0942482 
0.063504 
0.0394188 
0.0553697 
0.109864 
0.055537 
0.0394882 
0.0514367 
0.0863987 
0.0978976 
0.103396 
0.0972337 
0.0843212 
0.0480087 
0.0740982 
0.0631363 
0.0187886 
0.0362458 
0.0638601 
0.0591968 
0.049097 
0.0996677 
0.109804 
0.0843205 
0.0444671 
0.0648043 
0.0390924 
0.0267175 
0.0511118 
0.0583102 
0.0428 
0.0350113 
0.050912 
0.0784094 
0.0423637 
0.0177606 
0.0382827 
0.0637924 
0.0484299 
0.048902 
0.048947 
0.0631126 
0.0579487 
0.0204487 
0.0891892 
0.0525454 
0.0379559 
0.0361129 
0.0605988 
0.0879751 
0.0542766 
0.0593546 
0.0738435 
0.0728632 
0.0476846 
0.0730763 
0.1089 
0.113373 
0.07149 
0.0903116 
0.038664 
0.0975977 
0.0873964 
0.0870708 
0.0525328 
0.0814544 
0.111961 
0.121691 
0.107067 
0.0937485 
0.113642 
0.0408755 
0.0656765 
0.0370512 
0.0403077 
0.0226855 
0.0445004 
0.0455449 
0.0615828 
0.0251802 
0.0395048 
0.0511834 
0.047851 
0.0910448 
0.0954051 
0.167753 
0.155279 
0.0639038 
0.15113 
0.0711671 
0.050003 
0.0520646 
0.0805398 
0.0662299 
0.0434142 
0.0633294 
0.0520271 
0.10058 
0.0966814 
0.0794582 
0.0764039 
0.0894161 
0.102998 
0.0549764 
0.100474 
0.0677302 
0.0296946 
0.0761411 
0.0482796 
0.0573123 
0.0973948 
0.107263 
0.0823191 
0.0436867 
0.0425171 
0.080876 
0.0685703 
0.117226 
0.101672 
0.0645697 
0.10738 
0.0789455 
0.0767786 
0.0963296 
0.0714951 
0.0483583 
0.07027 
0.0696066 
0.0761594 
0.0480322 
0.097585 
0.0494869 
0.0434866 
0.102682 
0.227466 
