0
0.125765 
0.0956088 
0.0823964 
0.104863 
0.131791 
0.0805761 
0.0769631 
0.168127 
0.0942338 
0.0823787 
0.0849563 
0.0663825 
0.0596928 
0.0426071 
0.0384257 
0.0894053 
0.0946496 
0.0637261 
0.120011 
0.0806758 
0.058791 
0.0389886 
0.0641163 
0.0784636 
0.0453258 
0.0325195 
0.0600049 
0.0971013 
0.231449 
0.261467 
0.35116 
0.111931 
0.0640851 
0.0803022 
0.0801317 
0.13616 
0.0807285 
0.238486 
0.0897569 
0.433882 
0.119954 
0.0988197 
0.0793714 
0.048611 
0.102815 
0.0142185 
0.0339025 
0.0282494 
0.10622 
0.114312 
0.0979006 
0.124639 
0.387427 
0.233381 
0.129982 
0.0815655 
0.0745079 
0.121555 
0.183441 
0.288599 
1.85539 
1.68096 
0.249066 
0.0839811 
0.103592 
0.125066 
0.249082 
0.359457 
0.109869 
0.141166 
0.34844 
0.249521 
0.188775 
0.0497537 
0.0960778 
0.0422603 
0.0474099 
0.0959232 
0.0462434 
0.0520339 
0.120639 
0.0712578 
0.0644561 
0.182862 
0.0748184 
0.105718 
0.0894646 
0.0985363 
0.0893206 
0.0357662 
0.29214 
0.555498 
0.408476 
0.0981148 
0.106813 
0.0535413 
0.0725595 
0.115613 
0.0605563 
0.0340543 
0.0433851 
0.0402491 
0.046644 
0.035909 
0.0355297 
0.134599 
0.052618 
0.0328101 
0.053497 
0.0792101 
0.0803199 
0.0456472 
0.0492641 
0.0890464 
0.0477355 
0.0435202 
0.145926 
0.080601 
0.0459287 
0.108184 
0.15729 
0.0520558 
0.0332674 
0.054786 
0.114409 
0.0380285 
0.155067 
1.12468 
0.517509 
0.0598364 
0.0817501 
0.109275 
0.157095 
0.182036 
0.0742672 
0.267983 
0.172278 
0.131004 
0.0813877 
0.0876753 
0.077787 
0.133387 
0.0679054 
0.121647 
0.300174 
0.290361 
0.183287 
0.174607 
0.155194 
0.0922773 
0.0179499 
0.195746 
0.0989872 
0.0679206 
0.153593 
0.0825841 
0.115887 
0.0825001 
0.0432123 
0.145243 
0.519426 
0.522386 
0.291973 
0.230504 
0.30346 
0.117149 
0.120125 
0.0915787 
0.0779846 
0.117748 
0.0377029 
0.0636891 
0.0848712 
0.0981195 
0.0864725 
0.0318479 
0.064691 
0.0952121 
0.0884975 
0.116014 
0.0702768 
0.0572889 
0.104133 
0.145445 
0.0716368 
0.136901 
0.16424 
0.0709624 
0.0855188 
0.0641997 
0.0799093 
0.05037 
0.0612632 
0.0949272 
0.0515209 
0.0789635 
0.0613481 
0.0656413 
0.135918 
0.0418035 
0.0898434 
0.0448814 
0.0650859 
0.0683865 
0.0530076 
0.063974 
0.112052 
0.0523794 
0.0746463 
0.071859 
0.137465 
0.0727775 
0.0590561 
0.100299 
0.0828268 
0.0605009 
0.106918 
0.123049 
0.256936 
0.202798 
0.131421 
0.0668818 
0.057037 
0.0835533 
0.135648 
0.0952509 
0.144704 
0.155099 
0.0301105 
0.0710267 
0.0453961 
0.161458 
0.102922 
0.131647 
0.188922 
0.125138 
0.1061 
0.13757 
0.0911477 
0.0978446 
0.182238 
0.0752988 
0.0954425 
0.111077 
0.0864279 
0.11576 
0.122707 
0.160124 
0.151811 
0.0864976 
0.145554 
0.129731 
0.154595 
0.1493 
0.115923 
0.0581097 
0.0690616 
0.108777 
0.388596 
0.206469 
0.0976035 
0.180513 
0.300383 
0.0935856 
0.0602979 
0.050724 
0.0397424 
0.0391708 
0.0982525 
0.0808522 
0.116012 
0.0741175 
0.0190056 
0.0479863 
0.0480717 
0.0709328 
0.0709271 
0.0622404 
0.0593527 
0.0409231 
0.103558 
0.0686944 
0.209481 
0.0825012 
0.0828138 
0.0175144 
0.0683474 
0.0773252 
0.099097 
0.0713474 
0.0805267 
0.0479656 
0.0802618 
0.0550388 
0.075896 
0.0319154 
0.0707577 
0.0657003 
0.09751 
