0
0.14025 
0.0554813 
0.0535498 
0.0904882 
0.021942 
0.0771701 
0.0756507 
0.0556655 
0.0326287 
0.0651763 
0.0738251 
0.0499644 
0.0559529 
0.05474 
0.0492982 
0.0293185 
0.0611959 
0.0436528 
0.0332455 
0.0594813 
0.0547999 
0.0449808 
0.0264548 
0.0653604 
0.0337351 
0.043558 
0.0926442 
0.0465128 
0.136817 
0.0294578 
0.039342 
0.0714831 
0.0909106 
0.0657941 
0.0915405 
0.0401827 
0.0471866 
0.0568371 
0.0451377 
0.0325085 
0.0652254 
0.0983286 
0.0818628 
0.0532947 
0.0550509 
0.0723219 
0.0607438 
0.0251879 
0.0794172 
0.0638854 
0.140102 
0.105656 
0.0891357 
0.0397184 
0.0336494 
0.0589738 
0.115781 
0.0596019 
0.0752057 
0.0474035 
0.0994202 
0.0532504 
0.0792311 
0.0582769 
0.0988249 
0.0527367 
0.0521739 
0.021468 
0.0662464 
0.0202943 
0.110702 
0.211543 
0.0556802 
0.101192 
0.131422 
0.0922057 
0.0808918 
0.0311141 
0.047678 
0.045163 
0.0688862 
0.0451196 
0.077478 
0.0208475 
0.0700627 
0.0282913 
0.0501778 
0.0880655 
0.0660053 
0.0284293 
0.0379338 
0.0398697 
0.0385242 
0.088048 
0.0559194 
0.249283 
0.117481 
0.0912042 
0.0338639 
0.0300492 
0.0539972 
0.0728379 
0.0967717 
0.100881 
0.0350836 
0.0896706 
0.0813661 
0.0629863 
0.0411567 
0.046654 
0.0394122 
0.0615057 
0.042982 
0.0826616 
0.053735 
0.0119461 
0.0156717 
0.0445974 
0.0761307 
0.0502681 
0.0621297 
0.0850738 
0.0476506 
0.023179 
0.033035 
0.0697802 
0.0247386 
0.034523 
0.0324653 
0.0260807 
0.0410186 
0.0668 
0.0258335 
0.0427874 
0.0487158 
0.049567 
0.0276407 
0.110538 
0.129047 
0.0531349 
0.019333 
0.0283503 
0.0383016 
0.020854 
0.019219 
0.0404304 
0.0736784 
0.0718652 
0.0298062 
0.0369334 
0.0769433 
0.0421298 
0.0154102 
0.0579418 
0.0342821 
0.0227843 
0.0460646 
0.0312012 
0.0461483 
0.0485042 
0.0400085 
0.063317 
0.0395851 
0.0216578 
0.0361769 
0.0492294 
0.0163817 
0.0206862 
0.0435474 
0.0468061 
0.041579 
0.0386121 
0.0362576 
0.0398786 
0.129097 
0.0603587 
0.0416819 
0.0535272 
0.0439421 
0.0217625 
0.0841028 
0.0779515 
0.031418 
0.0680482 
0.0682992 
0.0743074 
0.0808536 
0.243813 
0.0946706 
0.0535999 
0.093713 
0.0274331 
0.0455337 
0.0522006 
0.0439925 
0.0478855 
0.0559128 
0.0369218 
0.0465348 
0.0362885 
0.0331214 
0.0523541 
0.0357538 
0.0355392 
0.0683157 
0.0374127 
0.0418273 
0.0784716 
0.0118141 
0.0433243 
0.0197933 
0.0259464 
0.0509977 
0.0459837 
0.0431729 
0.0253234 
0.0186341 
0.0250379 
0.012205 
0.0309053 
0.100471 
0.143296 
0.0317748 
0.0283114 
0.0615208 
0.0256377 
0.0479767 
0.0854851 
0.0280371 
0.0498405 
0.0568348 
0.0456472 
0.0284523 
0.0603887 
0.0705791 
0.0318562 
0.0409743 
0.034646 
0.0294571 
0.0211285 
0.00824025 
0.0291833 
0.0652667 
0.055357 
0.0375585 
0.0212418 
0.0215371 
0.0118415 
0.0985974 
0.0869505 
0.0893848 
0.0574488 
0.0443198 
0.0535402 
0.020628 
0.0477031 
0.0463359 
0.0645216 
0.0424054 
0.0359327 
0.0176066 
0.0664985 
0.0548762 
0.0507785 
0.0312113 
0.0382688 
0.0479977 
0.0756836 
0.0391361 
0.0312073 
0.0789927 
0.0396256 
0.0658649 
0.0578375 
0.0355622 
0.0603096 
0.0665619 
0.0336555 
0.0215875 
0.0559188 
0.0216406 
0.0388836 
0.0381082 
0.0653264 
0.0140259 
0.0658277 
0.0153859 
0.0510613 
0.0268837 
0.0491944 
0.0439215 
0.0464697 
0.0418529 
0.0430969 
0.0301805 
0.0343696 
0.0510292 
0.0223723 
0.220886 
