0
0.165965 
0.0519265 
0.135897 
0.132366 
0.107544 
0.061244 
0.0833435 
0.0733815 
0.080646 
0.151027 
0.16103 
0.096359 
0.129572 
0.0722815 
0.098871 
0.0687945 
0.075206 
0.106504 
0.117285 
0.20092 
0.074676 
0.194347 
0.176849 
0.099974 
0.0658935 
0.100838 
0.0760535 
0.153055 
0.0801215 
0.0999185 
0.090593 
0.0867555 
0.113789 
0.137008 
0.308655 
0.0972603 
0.049384 
0.134597 
0.0844705 
0.160017 
0.0948834 
0.0921504 
0.14947 
0.0622226 
0.148343 
0.146896 
0.100294 
0.0820786 
0.149862 
0.178574 
0.075986 
0.0386675 
0.068538 
0.17335 
0.178123 
0.160853 
0.12612 
0.109085 
0.336985 
2.20251 
1.67528 
0.265428 
0.181736 
0.264644 
0.267403 
0.161626 
0.114343 
0.244578 
0.0700804 
0.12176 
0.178607 
0.161618 
0.0850466 
0.148743 
0.108895 
0.181192 
0.0867439 
0.283083 
0.170445 
0.0901688 
0.102329 
0.0809757 
0.0607341 
0.101848 
0.0971596 
0.0892373 
0.0775182 
0.0806872 
0.38135 
0.21318 
0.0970601 
0.134503 
0.0310144 
0.0416233 
0.192356 
0.264864 
0.311138 
0.19592 
0.0530936 
0.173079 
0.109674 
0.571442 
0.206312 
0.126873 
0.127318 
0.149563 
0.163858 
0.217441 
0.599863 
0.231577 
0.161829 
0.115116 
0.134605 
0.111237 
0.101049 
0.102271 
0.15554 
0.145455 
0.102935 
0.0394269 
0.031632 
0.0576958 
0.0478604 
0.0385473 
0.215085 
0.190825 
0.0636479 
0.167206 
0.14973 
0.0811704 
0.234291 
0.140009 
0.0926507 
0.0526086 
0.108094 
0.0901078 
0.0727724 
0.128798 
0.0719224 
0.0636587 
0.0841775 
0.0524568 
0.0744793 
0.185895 
0.270918 
0.331814 
0.128407 
0.126306 
0.0882379 
0.0315576 
0.0340753 
0.0667628 
0.116673 
0.093965 
0.0726555 
0.04713 
0.0790091 
0.0322455 
0.0280985 
0.0521972 
0.0692878 
0.0373155 
0.107006 
0.113083 
0.0856322 
0.0592466 
0.040623 
0.251668 
0.145299 
0.0610246 
0.0454591 
0.0595421 
0.036237 
0.0720661 
0.144527 
0.0836816 
0.0774792 
0.160276 
0.163786 
0.0635259 
0.0733382 
0.0546865 
0.0885506 
0.0897884 
0.058981 
0.0994936 
0.0771301 
0.0688046 
0.139148 
0.0847659 
0.131737 
0.1412 
0.118957 
0.0979497 
0.118846 
0.180914 
0.11967 
0.0659282 
0.069044 
0.0988869 
0.138717 
0.128045 
0.132416 
0.359528 
0.0916751 
0.0949552 
0.0409076 
0.121001 
0.0401634 
0.0752156 
0.244163 
0.60796 
0.819383 
0.23986 
0.151171 
0.136157 
0.0640775 
0.0567984 
0.0604157 
0.0620678 
0.0880593 
0.162148 
0.148427 
0.183715 
0.0436863 
0.132179 
0.0889404 
0.178267 
0.134421 
0.139976 
0.0449017 
0.127591 
0.11444 
0.0945615 
0.063572 
0.0562718 
0.0227576 
0.0858493 
0.0854285 
0.0881943 
0.0546278 
0.0503003 
0.206166 
0.325509 
0.157448 
0.0967456 
0.0577855 
0.102159 
0.134556 
0.0852163 
0.0624197 
0.115898 
0.14158 
0.142192 
0.310754 
0.235874 
0.0492459 
0.0983603 
0.0738049 
0.0419941 
0.099096 
0.0731546 
0.0243455 
0.300709 
0.109228 
0.0934427 
0.0663765 
0.0553959 
0.101063 
0.109003 
0.0960796 
0.12789 
0.105115 
0.0547826 
0.0709042 
0.0475443 
0.157 
0.0360127 
0.0863111 
0.0447551 
0.127413 
0.497138 
0.270391 
0.0591366 
0.115352 
0.129328 
0.16017 
0.131597 
0.102553 
0.0963301 
0.257948 
0.149416 
0.145814 
0.0889468 
0.0792821 
0.0934092 
0.101893 
0.0774276 
0.325403 
