0
0.0585703 
0.104194 
0.0494476 
0.0836515 
0.135624 
0.107054 
0.0785672 
0.0251629 
0.0683651 
0.0839843 
0.0667483 
0.0392375 
0.100969 
0.0685323 
0.0453096 
0.0301741 
0.0340308 
0.0960251 
0.0495888 
0.0583112 
0.0432882 
0.0658822 
0.0498669 
0.0362804 
0.0347749 
0.0985529 
0.080722 
0.0447512 
0.0681513 
0.148696 
0.0940284 
0.059266 
0.0403579 
0.0428514 
0.0623792 
0.0816719 
0.109186 
0.0685092 
0.0593469 
0.0412551 
0.0624314 
0.0634403 
0.0497493 
0.150054 
0.105431 
0.0823906 
0.0823316 
0.0912308 
0.0600877 
0.111446 
0.0852214 
0.0540693 
0.0557374 
0.0982262 
0.090602 
0.069761 
0.0369289 
0.0284621 
0.125441 
0.0781393 
0.0902636 
0.160823 
0.0645605 
0.0491711 
0.0546175 
0.0514285 
0.0610049 
0.0625613 
0.0710041 
0.0331253 
0.0500258 
0.0353962 
0.0517551 
0.0753603 
0.102688 
0.122955 
0.0679313 
0.0390426 
0.0430391 
0.0398658 
0.0479775 
0.0541237 
0.038152 
0.103079 
0.0813724 
0.0869005 
0.100332 
0.121191 
0.210928 
0.247055 
0.133613 
0.0895593 
0.126809 
0.0686926 
0.136981 
0.148143 
0.0792022 
0.0719451 
0.114999 
0.118365 
0.0887486 
0.0937862 
0.060126 
0.115713 
0.0941609 
0.294926 
0.279186 
0.10334 
0.188894 
0.029938 
0.0883814 
0.0538527 
0.104343 
0.07907 
0.0488289 
0.0510593 
0.0494286 
0.0629939 
0.0890104 
0.0376605 
0.0434368 
0.0701036 
0.028699 
0.0346059 
0.0279368 
0.0427998 
0.0883723 
0.0912394 
0.0408907 
0.0802279 
0.038328 
0.0892325 
0.064445 
0.0488779 
0.07722 
0.0546979 
0.148153 
0.110223 
0.0776709 
0.100563 
0.0201759 
0.052027 
0.124104 
0.126266 
0.0710078 
0.0868943 
0.0611965 
0.107653 
0.103765 
0.0564857 
0.0426857 
0.0745309 
0.0387798 
0.0211016 
0.0371197 
0.0565181 
0.0561045 
0.0879172 
0.0226068 
0.151187 
0.109665 
0.120752 
0.089318 
0.0959205 
0.155454 
0.119978 
0.0626555 
0.0749182 
0.0521215 
0.102793 
0.0657826 
0.11717 
0.0596936 
0.0566219 
0.0357106 
0.0249326 
0.0453725 
0.0362497 
0.0886203 
0.04678 
0.0296571 
0.0659945 
0.0957815 
0.0213913 
0.0422314 
0.0526753 
0.0503418 
0.178094 
0.136635 
0.142774 
0.062796 
0.107408 
0.077544 
0.0688564 
0.0899489 
0.231146 
0.186445 
0.103596 
0.113381 
0.0621273 
0.0391582 
0.119955 
0.0633073 
0.0594076 
0.0430825 
0.0634909 
0.0624471 
0.122453 
0.0664499 
0.048453 
0.0863201 
0.0417465 
0.0587283 
0.0565393 
0.0319227 
0.0442022 
0.074257 
0.049988 
0.0887093 
0.14126 
0.0838841 
0.0594018 
0.0658399 
0.0762822 
0.0661408 
0.0828624 
0.0361216 
0.10005 
0.216585 
0.12641 
0.283941 
0.112133 
0.0492539 
0.0689228 
0.14886 
0.170797 
0.0787639 
0.153476 
0.0430604 
0.060126 
0.0302512 
0.0486821 
0.0697034 
0.0214331 
0.091126 
0.0175233 
0.0251277 
0.0613749 
0.0742667 
0.050782 
0.0907049 
0.0354519 
0.0785173 
0.176663 
0.0991791 
0.0912802 
0.0506439 
0.10045 
0.0626052 
0.0701948 
0.0232969 
0.0640199 
0.0728459 
0.121577 
0.0713145 
0.049539 
0.066819 
0.0383755 
0.0660929 
0.0882085 
0.0847824 
0.0346285 
0.101427 
0.204327 
0.159495 
0.0877695 
0.210694 
0.347676 
0.155027 
0.697951 
0.322875 
0.342712 
0.0479107 
0.161932 
0.0761322 
0.124435 
0.0724816 
0.145308 
0.231484 
0.168777 
0.0632329 
0.0814414 
0.068156 
0.128795 
0.127501 
0.09031 
0.0464337 
0.0610115 
0.286397 
