0
0.120467 
0.112445 
0.0987733 
0.0887205 
0.0843741 
0.0609998 
0.0939107 
0.0921553 
0.144909 
0.136765 
0.0711614 
0.0198493 
0.0685809 
0.100604 
0.0526363 
0.0491186 
0.0543832 
0.0815861 
0.161873 
0.0377727 
0.0578564 
0.12358 
0.130066 
0.114287 
0.168169 
0.191049 
0.118077 
0.143073 
0.102932 
0.0681042 
0.0556469 
0.07455 
0.122807 
0.10264 
0.0953336 
0.0523572 
0.224698 
0.177626 
0.141204 
0.116637 
0.187204 
0.156091 
0.0765495 
0.136887 
0.161828 
0.114532 
0.196676 
0.0527361 
0.0586509 
0.0700712 
0.0652694 
0.0586786 
0.0569984 
0.0394687 
0.009404 
0.0390164 
0.0438027 
0.0486467 
0.0336371 
0.0614764 
0.0687689 
0.0752357 
0.10221 
0.0789328 
0.188621 
0.125039 
0.0561724 
0.150039 
0.1808 
0.0996135 
0.0276087 
0.04426 
0.0460581 
0.0497184 
0.0584328 
0.12002 
0.113479 
0.0773882 
0.0738374 
0.0506318 
0.0715564 
0.0340747 
0.0555806 
0.114632 
0.0807456 
0.152751 
0.0903107 
0.0784944 
0.0952513 
0.0862519 
0.0812453 
0.0462412 
0.0402906 
0.0931063 
0.070975 
0.112236 
0.154895 
0.105153 
0.073607 
0.0416536 
0.0902248 
0.0936294 
0.105305 
0.0667507 
0.0458707 
0.0650057 
0.0630765 
0.0867821 
0.0707814 
0.132629 
0.13737 
0.145936 
0.0812669 
0.0883576 
0.102719 
0.073072 
0.167472 
0.107148 
0.076985 
0.0977327 
0.162957 
0.116411 
0.0581381 
0.0615706 
0.0276786 
0.0451512 
0.0724184 
0.116012 
0.0759593 
0.101557 
0.142354 
0.0569155 
0.0448209 
0.0896769 
0.0323436 
0.0966314 
0.12187 
0.0630999 
0.0515254 
0.0784433 
0.0662679 
0.0757231 
0.0988535 
0.0674208 
0.103898 
0.0511269 
0.108354 
0.0628204 
0.125296 
0.0541072 
0.187833 
0.159173 
0.30771 
0.116318 
0.0595658 
0.223211 
0.202074 
0.0456848 
0.0181585 
0.178863 
0.159733 
0.210133 
0.178321 
0.0523895 
0.0953587 
0.0721759 
0.0655946 
0.097588 
0.107426 
0.102477 
0.0772069 
0.0678688 
0.0787039 
0.0682684 
0.0974675 
0.0779034 
0.0751035 
0.0939141 
0.0920535 
0.1108 
0.0711663 
0.0837787 
0.094445 
0.0701404 
0.0613255 
0.0449307 
0.0431921 
0.0919272 
0.0289705 
0.0734263 
0.104683 
0.0825513 
0.0874529 
0.0777494 
0.0372554 
0.0604789 
0.0791795 
0.112384 
0.0475526 
0.0963148 
0.0543735 
0.0476906 
0.0740766 
0.0708248 
0.0485305 
0.114395 
0.0565075 
0.0651401 
0.0555443 
0.0720084 
0.0514289 
0.0710006 
0.17588 
0.105118 
0.0880077 
0.0920673 
0.195136 
0.0756866 
0.118476 
0.0899416 
0.103259 
0.0974783 
0.112505 
0.0699758 
0.118826 
0.12673 
0.0988959 
0.090993 
0.0994088 
0.129283 
0.100144 
0.123158 
0.0358956 
0.257954 
0.171706 
0.0849459 
0.0410125 
0.0660478 
0.149996 
0.204956 
0.0621771 
0.217344 
0.0845375 
0.0669574 
0.0903872 
0.149072 
0.140327 
0.146673 
0.0944934 
0.0933093 
0.0848172 
0.0911511 
0.0558261 
0.0449432 
0.0735757 
0.0491425 
0.0988778 
0.106205 
0.108514 
0.105831 
0.0955513 
0.0713324 
0.0824988 
0.0808582 
0.0810256 
0.0703364 
0.0859512 
0.0592167 
0.0849626 
0.0858201 
0.0716961 
0.0751767 
0.0762559 
0.0913179 
0.0786771 
0.0487239 
0.0849299 
0.0735905 
0.173226 
0.113079 
0.071983 
0.0478893 
0.0907061 
0.0550422 
0.0750255 
0.105353 
0.168461 
0.090408 
0.127783 
0.0597564 
0.0845901 
0.0440348 
0.06883 
0.0805075 
0.0895879 
0.111641 
0.0699905 
0.0820804 
0.528083 
