0
0.0666911 
0.113436 
0.0532962 
0.0551272 
0.0452151 
0.0670163 
0.0805071 
0.0789573 
0.0824099 
0.0831679 
0.0765525 
0.0779851 
0.116658 
0.0500603 
0.0550364 
0.0784124 
0.0507483 
0.0577179 
0.0542117 
0.0845471 
0.0755194 
0.111382 
0.0665692 
0.0620901 
0.0320164 
0.0436592 
0.038853 
0.0726316 
0.0481126 
0.072198 
0.0583025 
0.10922 
0.07597 
0.067355 
0.0474683 
0.0492225 
0.0508254 
0.0890844 
0.0935581 
0.0788845 
0.089907 
0.0822889 
0.0662899 
0.0437452 
0.0496884 
0.079443 
0.0622646 
0.069321 
0.100523 
0.0542486 
0.04422 
0.0995915 
0.0624688 
0.0556442 
0.0995396 
0.075982 
0.0387654 
0.0408073 
0.0526124 
0.0810433 
0.105768 
0.044581 
0.0550837 
0.0574874 
0.045977 
0.0415489 
0.0754135 
0.0949223 
0.0473023 
0.0638384 
0.0524742 
0.0807627 
0.0584469 
0.0425245 
0.023305 
0.0465078 
0.0299647 
0.048046 
0.0401798 
0.026578 
0.0496606 
0.0566445 
0.0477287 
0.0674405 
0.0695572 
0.0958612 
0.0501344 
0.0870287 
0.0465348 
0.0736279 
0.0414873 
0.0266915 
0.0439228 
0.0342453 
0.04353 
0.0791412 
0.0592439 
0.0406743 
0.0611116 
0.0249947 
0.0636392 
0.057354 
0.0590448 
0.0820397 
0.07919 
0.102817 
0.106298 
0.144319 
0.0790316 
0.058012 
0.0329835 
0.0664623 
0.053224 
0.0341511 
0.0227448 
0.0317308 
0.0579728 
0.0706455 
0.0627306 
0.0879323 
0.0342167 
0.0170474 
0.0347463 
0.0486642 
0.0616903 
0.0147089 
0.0684156 
0.0657526 
0.0883562 
0.0369005 
0.106232 
0.0951461 
0.0397345 
0.102572 
0.0597589 
0.0337923 
0.0371271 
0.0569154 
0.038917 
0.0322242 
0.114722 
0.0520308 
0.0476072 
0.0533088 
0.0399256 
0.0612943 
0.0401385 
0.085965 
0.0229785 
0.0614751 
0.0658166 
0.146948 
0.241087 
0.105259 
0.0972227 
0.0702726 
0.0429358 
0.0519336 
0.0604572 
0.0813567 
0.0165596 
0.030202 
0.0738019 
0.114107 
0.0542038 
0.0387327 
0.0543279 
0.0217943 
0.0652812 
0.0542764 
0.0865188 
0.044641 
0.0694017 
0.0758073 
0.0751175 
0.031401 
0.0445266 
0.0865404 
0.056457 
0.0793933 
0.0892746 
0.0577264 
0.0566878 
0.0715891 
0.046746 
0.0409498 
0.0683353 
0.0561013 
0.064736 
0.0540852 
0.0378333 
0.0435219 
0.0652792 
0.056489 
0.0581153 
0.0481187 
0.051527 
0.047436 
0.0587108 
0.0409438 
0.0506424 
0.0514865 
0.0646254 
0.0662286 
0.0590391 
0.0680902 
0.0827625 
0.192879 
0.0468933 
0.077146 
0.0609348 
0.0633553 
0.0769471 
0.0632767 
0.0461943 
0.0314843 
0.0464157 
0.0611839 
0.036669 
0.0393614 
0.068062 
0.0464928 
0.0568011 
0.0572106 
0.0661066 
0.0820115 
0.0425944 
0.0687725 
0.0853579 
0.0949361 
0.045942 
0.0628313 
0.0689332 
0.0394822 
0.0505852 
0.0615085 
0.102429 
0.0768967 
0.0614374 
0.0769821 
0.0739831 
0.0107764 
0.0702568 
0.174729 
0.11298 
0.0574437 
0.0571464 
0.0488819 
0.0615943 
0.0568731 
0.0578446 
0.0283361 
0.0324747 
0.0629413 
0.0169923 
0.0389261 
0.0631425 
0.0466277 
0.0479119 
0.045511 
0.033276 
0.0739611 
0.0767121 
0.067792 
0.0544027 
0.0404074 
0.0685385 
0.114372 
0.104171 
0.0774661 
0.0578334 
0.0611889 
0.0421892 
0.0406517 
0.0244681 
0.0220194 
0.0326087 
0.0568255 
0.066872 
0.0418832 
0.0487957 
0.0669236 
0.0755638 
0.0313466 
0.0199971 
0.0364306 
0.032182 
0.0642392 
0.0659462 
0.0422112 
0.0349898 
0.0583966 
0.142129 
0.195736 
0.248497 
0.134486 
0.0563859 
0.161225 
0.389828 
