0
0.247001 
0.185983 
0.0565697 
0.0580253 
0.125361 
0.111195 
0.0431367 
0.111054 
0.271922 
0.299522 
0.148527 
0.0777762 
0.0798766 
0.0386551 
0.0963412 
0.112124 
0.0598177 
0.0803386 
0.085709 
0.168171 
0.142952 
0.087865 
0.100901 
0.116877 
0.070222 
0.104985 
0.105125 
0.0553825 
0.118711 
0.083021 
0.0394225 
0.068597 
0.121768 
0.109159 
0.06658 
0.0474505 
0.0796688 
0.0609703 
0.0812122 
0.112875 
0.16896 
0.0716825 
0.045642 
0.0637195 
0.0470701 
0.107369 
0.15096 
0.106751 
0.121904 
0.0746425 
0.0912274 
0.0638939 
0.0700218 
0.0979877 
0.0553365 
0.069448 
0.056874 
0.0708366 
0.0897307 
0.136694 
0.089717 
0.0928864 
0.120679 
0.135827 
0.0705139 
0.0983549 
0.0763458 
0.0549233 
0.118095 
0.130554 
0.0849966 
0.0233535 
0.0608924 
0.111406 
0.0965718 
0.0993056 
0.0513093 
0.091173 
0.0857439 
0.0776906 
0.0596856 
0.0837599 
0.0948964 
0.109634 
0.0858426 
0.0380234 
0.102602 
0.069985 
0.0774008 
0.132076 
0.0534869 
0.0610189 
0.0570852 
0.0437529 
0.0866187 
0.122286 
0.0394055 
0.0891181 
0.057901 
0.0989267 
0.0846656 
0.102748 
0.0703426 
0.0581229 
0.0538187 
0.0793365 
0.0844264 
0.0658951 
0.127296 
0.085261 
0.0375266 
0.0834644 
0.0741233 
0.0737737 
0.0591142 
0.0841982 
0.059116 
0.0874308 
0.101324 
0.123081 
0.0312064 
0.0886643 
0.0642527 
0.0939889 
0.0658817 
0.0852167 
0.0322075 
0.11172 
0.0420482 
0.0924949 
0.0252451 
0.0424137 
0.0222093 
0.0417818 
0.0557368 
0.0593494 
0.0658797 
0.0548793 
0.083383 
0.112522 
0.109771 
0.0687816 
0.065204 
0.129008 
0.116718 
0.156208 
0.0861552 
0.123187 
0.169646 
0.142509 
0.0239738 
0.0350485 
0.0638923 
0.0758564 
0.096577 
0.0734018 
0.10227 
0.135333 
0.099345 
0.0700931 
0.0533951 
0.0526845 
0.0444688 
0.0736275 
0.0687431 
0.0895113 
0.0780519 
0.104365 
0.0745578 
0.112569 
0.129018 
0.109929 
0.0711832 
0.0486776 
0.0881357 
0.0501108 
0.0455296 
0.108708 
0.100158 
0.0343015 
0.0410478 
0.0552363 
0.0639245 
0.0471768 
0.0627152 
0.0770295 
0.100975 
0.0504742 
0.0815699 
0.086511 
0.0879914 
0.0900239 
0.0649542 
0.0886357 
0.0445256 
0.0923094 
0.0801437 
0.105575 
0.104183 
0.0896095 
0.0445697 
0.109484 
0.102215 
0.0577115 
0.0338226 
0.0951146 
0.0931768 
0.0544045 
0.0611537 
0.113409 
0.0947938 
0.0771411 
0.0344012 
0.0598554 
0.114491 
0.108433 
0.050796 
0.0754643 
0.113417 
0.100364 
0.046496 
0.106863 
0.133322 
0.117717 
0.06102 
0.0478908 
0.0263362 
0.0639263 
0.0911772 
0.106362 
0.0529276 
0.0179966 
0.046261 
0.121498 
0.0443826 
0.0608215 
0.0748457 
0.0907405 
0.0740454 
0.0494901 
0.0488558 
0.0702796 
0.0938411 
0.0873237 
0.13303 
0.0895106 
0.0818971 
0.0971321 
0.128016 
0.0291245 
0.0285084 
0.096578 
0.0836792 
0.0373475 
0.0553789 
0.087694 
0.0848512 
0.0782197 
0.150913 
0.113279 
0.0974844 
0.0715729 
0.0445045 
0.0505467 
0.0705494 
0.123726 
0.064486 
0.0700328 
0.0958183 
0.0997448 
0.0703024 
0.0368065 
0.0842774 
0.0993521 
0.118722 
0.114958 
0.122809 
0.109981 
0.114376 
0.141891 
0.0854993 
0.0763125 
0.0948019 
0.119013 
0.135269 
0.0970811 
0.101616 
0.0959158 
0.0836108 
0.0569393 
0.0483524 
0.0715849 
0.138608 
0.0852746 
0.0984012 
0.0574304 
0.0413764 
0.055724 
0.260996 
