0
0.0616872 
0.0724613 
0.0949078 
0.0955085 
0.0928085 
0.113155 
0.07826 
0.10382 
0.173545 
0.0950174 
0.0646455 
0.0533365 
0.069245 
0.0313626 
0.0701467 
0.062071 
0.0361859 
0.0771066 
0.0627191 
0.0636503 
0.0914944 
0.125471 
0.0441616 
0.0523586 
0.0865751 
0.248751 
0.0981404 
0.0377666 
0.0226678 
0.0850478 
0.0880136 
0.0490104 
0.0553074 
0.0818973 
0.0764412 
0.0750819 
0.0477678 
0.0593467 
0.0539218 
0.10434 
0.0312525 
0.0615686 
0.117576 
0.0368861 
0.022144 
0.0231445 
0.0968611 
0.0718567 
0.0577036 
0.0842747 
0.0662261 
0.095096 
0.0745744 
0.0557592 
0.106296 
0.0644412 
0.0768639 
0.118783 
0.160573 
0.124393 
0.113023 
0.0696808 
0.0567882 
0.0435434 
0.106531 
0.0660863 
0.12747 
0.129167 
0.0530069 
0.0411723 
0.265267 
0.286291 
0.077154 
0.100553 
0.0709491 
0.0600845 
0.0842174 
0.0722426 
0.0274216 
0.0729394 
0.0625455 
0.085449 
0.0587241 
0.0612806 
0.0976986 
0.0853855 
0.142249 
0.164569 
0.087558 
0.0533496 
0.0203776 
0.16719 
0.160477 
0.0864727 
0.0920533 
0.20359 
0.192847 
0.162765 
0.111434 
1.00368 
0.969778 
0.0648044 
0.08957 
0.109079 
0.0640866 
0.0788314 
0.0436563 
0.0560864 
0.0647624 
0.0516633 
0.0757291 
0.1053 
0.0509011 
0.048052 
0.082402 
0.0687009 
0.025801 
0.0517606 
0.0581913 
0.454738 
0.291514 
0.0981697 
0.0828991 
0.0609092 
0.050593 
0.0405908 
0.0353718 
0.132734 
0.063581 
0.117031 
0.0293321 
0.0929631 
0.0187664 
0.423827 
0.363172 
0.0756036 
0.0404961 
0.0528217 
0.0618052 
0.0377719 
0.104822 
0.0559861 
0.117475 
0.298992 
0.0821237 
0.156841 
0.0919969 
0.102502 
0.105462 
0.587026 
0.339089 
0.442457 
0.0352239 
0.0921936 
0.0920856 
0.0801601 
0.0599777 
0.0891791 
0.05613 
0.0557407 
0.123483 
0.101544 
0.0871368 
0.0518233 
0.0500931 
0.0768394 
0.282088 
0.211497 
0.187461 
0.11656 
0.140282 
0.158039 
0.103651 
0.0381158 
0.0441402 
0.118036 
0.102113 
0.13869 
0.0682318 
0.034642 
0.0421255 
0.0617063 
0.0841888 
0.131987 
0.253179 
0.189979 
0.159228 
0.122023 
0.0824048 
0.0809971 
0.115024 
0.0917249 
0.0576183 
0.106153 
0.0831712 
0.121821 
0.114303 
0.0924397 
0.0624443 
0.146286 
0.103592 
0.119588 
0.060618 
0.104924 
0.109945 
0.141713 
0.285827 
0.0980796 
0.0518517 
0.0958973 
0.0538025 
0.0795527 
0.126764 
0.191976 
0.110801 
0.255855 
0.34848 
0.52182 
0.514346 
0.757972 
0.105935 
0.0657812 
0.182159 
0.0826028 
0.0782409 
0.0556173 
0.13751 
0.145029 
0.107926 
0.0736254 
0.188538 
0.288177 
0.369869 
0.221798 
0.150898 
0.0644271 
0.172512 
0.142917 
0.0852836 
0.074116 
0.146407 
0.0838487 
0.222774 
0.146043 
0.111413 
0.137756 
0.129209 
0.143061 
0.200553 
0.175287 
0.100901 
0.139532 
0.120982 
0.14013 
0.350942 
0.276 
0.192796 
0.132089 
0.21262 
0.162318 
0.167557 
0.178525 
0.0676029 
0.0517341 
0.060408 
0.101142 
0.107381 
0.0412249 
0.05989 
0.103934 
0.0569011 
0.157997 
0.187872 
0.0828872 
0.097772 
0.0752906 
0.909827 
1.34401 
0.0543432 
0.130204 
0.178217 
0.258228 
0.0828649 
0.089805 
0.484355 
0.309051 
0.369729 
0.123988 
0.116431 
0.158799 
0.151166 
0.15991 
0.0707541 
0.0535162 
0.125997 
1.38397 
6.14202 
2.41151 
1.02483 
