0
0.0695792 
0.0657803 
0.0416811 
0.0334602 
0.0499141 
0.0509471 
0.0849085 
0.0691879 
0.0647031 
0.0326483 
0.0552355 
0.0815338 
0.0506026 
0.0552187 
0.0601815 
0.047604 
0.085595 
0.11933 
0.0528513 
0.0449291 
0.0375449 
0.0648078 
0.0968905 
0.140962 
0.10005 
0.0212382 
0.0532531 
0.0694449 
0.0685022 
0.05851 
0.0423583 
0.0278249 
0.0808783 
0.0782472 
0.0358356 
0.0940988 
0.066833 
0.0792896 
0.0549962 
0.046372 
0.0286939 
0.0489336 
0.0521153 
0.0666086 
0.0287139 
0.0267144 
0.0677287 
0.0467378 
0.0631892 
0.0642453 
0.0369925 
0.165618 
0.041386 
0.0848941 
0.0372187 
0.0225468 
0.0604209 
0.0389145 
0.0602124 
0.0752146 
0.0473784 
0.063743 
0.0794535 
0.0604778 
0.0580793 
0.221773 
0.225459 
0.0308419 
0.0570738 
0.0572481 
0.114816 
0.132133 
0.172868 
0.162693 
0.119962 
0.0545773 
0.0556517 
0.0903517 
0.0870691 
0.0293263 
0.0572114 
0.0966846 
0.101058 
0.0709645 
0.0901889 
0.0422865 
0.0549849 
0.128306 
0.0991464 
0.0615874 
0.0940124 
0.0704985 
0.0820028 
0.0716425 
0.091008 
0.0794218 
0.0864133 
0.0695968 
0.0472368 
0.0858266 
0.0874193 
0.041809 
0.058485 
0.0587489 
0.0804263 
0.0555834 
0.0617957 
0.0389744 
0.039282 
0.140219 
0.201975 
0.28294 
0.080769 
0.0636346 
0.0319804 
0.0658696 
0.0616412 
0.0670662 
0.0306345 
0.117229 
0.127634 
0.102322 
0.0681773 
0.129245 
0.0801537 
0.0893745 
0.102198 
0.0982228 
0.0745266 
0.172365 
0.0979403 
0.204107 
0.0391984 
0.0603728 
0.0447788 
0.0554571 
0.0960858 
0.123049 
0.294867 
0.309622 
0.298695 
0.429869 
0.116349 
0.0788184 
0.0869039 
0.0559304 
0.123068 
0.166177 
0.0956291 
0.0686749 
0.0727351 
0.0346177 
0.0905195 
0.0447582 
0.0320023 
0.0621017 
0.0880184 
0.282424 
0.384137 
0.500175 
0.188713 
0.0963675 
0.138597 
0.0584327 
0.0802956 
0.0918473 
0.0968144 
0.0685968 
0.108251 
0.0862343 
0.122282 
0.085733 
0.0556849 
0.084086 
0.126906 
0.0794003 
0.110117 
0.0428767 
0.104468 
0.132699 
0.0773715 
0.0605767 
0.065487 
0.0743542 
0.0676695 
0.0542675 
0.0613482 
0.085034 
0.100162 
0.0654401 
0.0287823 
0.073022 
0.0762077 
0.335299 
0.166405 
0.0726972 
0.0454205 
0.0496779 
0.0858023 
0.102745 
0.0466521 
0.0432919 
0.0897076 
0.0452052 
0.0703265 
0.146956 
0.0951597 
0.0888824 
0.0893143 
0.0608968 
0.0896812 
0.0668519 
0.0626257 
0.0747947 
0.101912 
0.077516 
0.0509881 
0.110105 
0.0979582 
0.042349 
0.0384314 
0.0610542 
0.0784638 
0.120078 
0.326415 
0.414958 
0.361431 
0.0448996 
0.107006 
0.0551618 
0.0491459 
0.125192 
0.10091 
0.0848643 
0.0981436 
0.144029 
0.106805 
0.139681 
0.0812555 
0.0945629 
0.0687562 
0.126975 
0.13087 
0.179867 
0.160196 
0.0721273 
0.0641298 
0.0583433 
0.0451948 
0.0292874 
0.0446956 
0.0493853 
0.0339368 
0.0629592 
0.0948578 
0.0370008 
0.0984017 
0.0920563 
0.0346769 
0.04472 
0.120782 
0.0974706 
0.115348 
0.0823948 
0.0625668 
0.0718232 
0.0780842 
0.0929834 
0.083395 
0.0489726 
0.0937263 
0.145046 
0.0389521 
0.135897 
0.0897895 
0.0833981 
0.0797957 
0.0923002 
0.0780646 
0.0739216 
0.116015 
0.109692 
0.156181 
0.0730959 
0.172375 
0.109966 
0.0851014 
0.10063 
0.0567401 
0.0381422 
0.0677205 
0.0640205 
0.0271923 
0.134956 
0.139004 
0.124239 
0.0576146 
0.114477 
0.105484 
