0
0.0648182 
0.0557514 
0.0571925 
0.0692648 
0.0644778 
0.0238821 
0.0262017 
0.0588283 
0.0198136 
0.0426384 
0.0450445 
0.090904 
0.0616229 
0.0808207 
0.0336489 
0.0539592 
0.0195761 
0.0552661 
0.0229505 
0.0227254 
0.0570698 
0.0423829 
0.0550682 
0.0245027 
0.08762 
0.0644355 
0.0835963 
0.0666054 
0.0644875 
0.0970662 
0.0948388 
0.0266725 
0.0250604 
0.0541674 
0.17223 
0.111012 
0.176708 
0.135489 
0.0591876 
0.104947 
0.10972 
0.0562668 
0.0869438 
0.0539267 
0.0268781 
0.058851 
0.0505008 
0.0404142 
0.0577779 
0.0312415 
0.0396005 
0.0742188 
0.0400205 
0.0575348 
0.0785776 
0.0917115 
0.0201293 
0.0333699 
0.0236056 
0.0440494 
0.0727029 
0.0571193 
0.025496 
0.0889331 
0.0754086 
0.0989189 
0.0562298 
0.0560358 
0.0373184 
0.0718994 
0.09135 
0.0679513 
0.0457696 
0.0368747 
0.0306237 
0.0422107 
0.0854514 
0.0551066 
0.0427063 
0.0649745 
0.0244926 
0.0207317 
0.0346695 
0.0165743 
0.0241147 
0.0304579 
0.0423123 
0.03199 
0.0826542 
0.067364 
0.0478229 
0.0361976 
0.0197214 
0.0708271 
0.0503271 
0.0097555 
0.009085 
0.0288379 
0.0345981 
0.0258768 
0.0501576 
0.0593285 
0.0616112 
0.0490659 
0.064131 
0.0181178 
0.0271187 
0.0287125 
0.0541112 
0.0306586 
0.0336594 
0.0404921 
0.0333462 
0.0386172 
0.0543293 
0.0462428 
0.0279956 
0.043508 
0.0373643 
0.0210194 
0.0311887 
0.0013838 
0.0268637 
0.0414658 
0.03803 
0.0439103 
0.0537977 
0.0244185 
0.0576191 
0.0601514 
0.0579043 
0.0459054 
0.202149 
0.250842 
0.0723728 
0.0688684 
0.0386621 
0.0288723 
0.0375995 
0.0299383 
0.0243228 
0.0208568 
0.0525342 
0.0650443 
0.0201593 
0.0318123 
0.0439946 
0.0597848 
0.0545858 
0.0284432 
0.0241616 
0.0500964 
0.0545331 
0.0767127 
0.0413512 
0.0606548 
0.0446225 
0.027501 
0.071027 
0.045086 
0.0417718 
0.0120862 
0.0025411 
0.0200356 
0.0692903 
0.0678973 
0.0579746 
0.0251697 
0.0483258 
0.04246 
0.0480016 
0.0354501 
0.048553 
0.0728892 
0.0183672 
0.0428518 
0.0751005 
0.0536522 
0.0334271 
0.0767006 
0.0682283 
0.0245363 
0.0368474 
0.0373669 
0.0333092 
0.0498849 
0.0589722 
0.0630931 
0.0791089 
0.0584607 
0.106426 
0.0446561 
0.0401065 
0.0967065 
0.0386323 
0.0363793 
0.0404007 
0.0596519 
0.0405049 
0.0604533 
0.0387701 
0.0217646 
0.0249854 
0.0626195 
0.0631923 
0.0613736 
0.0484592 
0.0211173 
0.0172112 
0.0304551 
0.0212498 
0.0438113 
0.0401811 
0.0506536 
0.0470323 
0.0322907 
0.0600447 
0.0419113 
0.0626538 
0.0676968 
0.0624388 
0.0380062 
0.0550608 
0.0751915 
0.0379523 
0.0397927 
0.0395597 
0.0577503 
0.0896235 
0.0843491 
0.0296345 
0.0764199 
0.0356391 
0.0596006 
0.0502882 
0.0994179 
0.130493 
0.0140807 
0.0320295 
0.0437695 
0.0417776 
0.0489915 
0.0486047 
0.0546667 
0.0554746 
0.0133762 
0.067004 
0.0465632 
0.0278833 
0.0797825 
0.0453905 
0.0623441 
0.0417917 
0.0153252 
0.0321735 
0.0516748 
0.0352976 
0.0526943 
0.0411729 
0.0475857 
0.0348319 
0.0491022 
0.029908 
0.0507315 
0.0195 
0.079609 
0.0527839 
0.0465953 
0.0402594 
0.0425713 
0.0706885 
0.0697271 
0.0960647 
0.0371438 
0.046895 
0.0348555 
0.046567 
0.0401493 
0.0330908 
0.0511695 
0.0739938 
0.0348759 
0.0553436 
0.0604671 
0.07875 
0.0383135 
0.0619972 
0.0575021 
0.0458815 
0.0192048 
0.0390763 
0.0769701 
0.0736166 
0.0382693 
0.0563939 
0.0458671 
0.0917137 
0.0579277 
0.229827 
