0
0.0384559 
0.0375128 
0.0283801 
0.097623 
0.0637074 
0.0580718 
0.0181168 
0.0514981 
0.0411168 
0.0204294 
0.0445956 
0.060502 
0.0436707 
0.0597958 
0.0276077 
0.0489787 
0.0305879 
0.0461175 
0.0464698 
0.0744451 
0.0636399 
0.0769162 
0.0620962 
0.0435043 
0.0484941 
0.0679403 
0.0412659 
0.0761011 
0.0524724 
0.0503807 
0.063724 
0.0394917 
0.0540362 
0.106627 
0.181634 
0.514549 
2.32668 
1.04484 
0.53972 
0.0906263 
0.0527713 
0.0657776 
0.0460743 
0.0445329 
0.0860929 
0.0200979 
0.106501 
0.0614162 
0.0877246 
0.0558025 
0.0324836 
0.0339591 
0.0321602 
0.0546984 
0.0526216 
0.0924072 
0.345205 
0.0823755 
0.0638479 
0.0880521 
0.142865 
0.0841995 
0.0874704 
0.11577 
0.0475365 
0.0570119 
0.087794 
0.0805776 
0.0369965 
0.0506795 
0.0695422 
0.0580748 
0.0489934 
0.0356414 
0.0828142 
0.0877829 
0.00909771 
0.0448757 
0.0600535 
0.0656462 
0.0561255 
0.0964449 
0.2054 
0.0424233 
0.072469 
0.0595766 
0.025105 
0.0352765 
0.0402533 
0.0567203 
0.0598607 
0.101603 
0.103025 
0.0883366 
0.278723 
0.382184 
0.160466 
0.143724 
0.0458425 
0.0873661 
0.0826835 
0.0353214 
0.0836928 
0.214444 
0.800349 
0.806368 
0.275438 
0.0835893 
0.114014 
0.0904579 
0.106191 
0.105415 
0.0968089 
0.0921887 
0.107515 
0.0867916 
0.055329 
0.0599413 
0.255022 
0.0640353 
0.0453713 
0.0436118 
0.0971794 
0.23879 
0.346736 
0.109973 
0.0710909 
0.0656162 
0.0513135 
0.0528593 
0.031338 
0.103571 
0.02744 
0.0454838 
0.0643482 
0.055994 
0.0554872 
0.134016 
0.768622 
0.272747 
0.127286 
0.0639004 
0.0594331 
0.0817242 
0.0572879 
0.0305394 
0.0509655 
0.0707013 
0.00373181 
0.0285632 
0.141988 
0.932883 
0.247383 
0.146306 
0.137723 
0.0708387 
0.0930929 
0.0351204 
0.0321921 
0.124343 
0.274928 
0.890704 
0.345144 
0.158357 
0.0421242 
0.253918 
0.211832 
0.155007 
0.0529171 
0.0678215 
0.0692224 
0.0463028 
0.0395825 
0.0991494 
0.0999141 
0.0839667 
0.18549 
0.131507 
0.0966856 
0.0780983 
0.0422117 
0.0923589 
0.0439539 
0.135741 
0.0756069 
0.0489979 
0.117372 
0.04806 
0.0822993 
0.0635062 
0.0926908 
0.0681332 
0.0404581 
0.121255 
0.0510336 
0.226064 
0.15933 
0.0663161 
0.183826 
0.331099 
0.0642398 
0.0325044 
0.0640081 
0.109074 
0.161634 
0.101383 
0.124976 
0.0824785 
0.0587043 
0.0437048 
0.0421355 
0.285985 
0.0293691 
0.0481044 
0.114952 
0.081153 
0.0828351 
0.0746716 
0.0895647 
0.13838 
0.309681 
0.097669 
0.040707 
0.196218 
0.150376 
0.101575 
0.0955473 
0.129618 
0.257535 
0.25091 
0.223398 
0.120406 
0.0869504 
0.15107 
0.168837 
0.227229 
0.651251 
0.155695 
0.438625 
0.255207 
0.395664 
0.171746 
0.0971128 
0.0743708 
0.177178 
0.387913 
0.295612 
0.389313 
0.324686 
0.0991675 
0.110277 
0.167191 
0.0533408 
0.0622625 
0.064048 
0.132174 
0.136121 
0.227813 
0.344051 
0.246279 
0.236054 
0.397964 
0.321418 
0.201075 
0.285743 
0.449443 
0.0999217 
0.154422 
0.150429 
0.120038 
0.082235 
0.290572 
2.68696 
1.66285 
0.161418 
0.253112 
0.305809 
0.137601 
0.167401 
0.286794 
0.181878 
0.178977 
0.178981 
0.599 
0.536129 
0.119595 
0.115857 
0.219284 
0.123553 
0.19319 
0.251585 
0.223833 
0.114892 
0.411428 
0.318394 
0.0961895 
0.202699 
0.230132 
0.207517 
