0
0.201468 
0.209994 
0.0676114 
0.141181 
0.0719463 
0.107272 
0.167759 
0.139193 
0.176667 
0.0831535 
0.10263 
0.19474 
0.2134 
0.11113 
0.105307 
0.087304 
0.0839577 
0.047686 
0.0300559 
0.0528869 
0.0766192 
0.101059 
0.124222 
0.195756 
0.137067 
0.255213 
0.184546 
0.249789 
0.103171 
0.0343754 
0.0538963 
0.0477067 
0.132731 
0.125009 
0.16214 
0.121054 
0.16783 
0.155481 
0.484739 
0.140756 
0.302201 
0.109523 
0.100017 
0.245129 
0.131791 
0.0968295 
0.100866 
0.547382 
0.62702 
0.30623 
0.226923 
0.140502 
0.0650529 
0.0842837 
0.0796287 
0.160856 
0.0913816 
0.108308 
0.0764557 
0.0742059 
0.0550797 
0.0695449 
0.073507 
0.225465 
0.284229 
0.102883 
0.124503 
0.087142 
0.0781274 
0.150148 
0.20267 
0.107543 
0.162521 
0.303829 
0.114759 
0.112116 
0.417781 
0.215718 
0.0981371 
0.259319 
0.504416 
0.262461 
0.264818 
0.12098 
0.0821597 
0.173093 
0.122016 
0.0616178 
0.051877 
0.124177 
0.0823098 
0.109815 
0.180731 
0.106575 
0.113949 
0.0880289 
0.0732194 
0.121254 
0.100344 
0.0632989 
0.16272 
0.104549 
0.146672 
0.0837032 
0.0856394 
0.16178 
0.186987 
0.133139 
0.186605 
0.119016 
0.0277962 
0.103183 
0.0820021 
0.024042 
0.0525754 
0.0407081 
0.0641292 
0.0763282 
0.0818016 
0.0486824 
0.0852375 
0.0741728 
0.0495767 
0.085291 
0.173849 
0.133545 
0.133502 
0.453118 
0.152247 
0.22381 
0.0995266 
0.126649 
0.038098 
0.0480046 
0.116609 
0.082693 
0.20711 
0.103891 
0.0643429 
0.134061 
0.114232 
0.114969 
0.0824671 
0.132682 
0.093841 
0.0425325 
0.540384 
0.360229 
0.328738 
0.216131 
0.175227 
0.175843 
0.211058 
0.181431 
0.116013 
0.0870898 
0.105365 
0.275629 
0.14794 
0.537212 
0.181543 
0.0168086 
0.227206 
0.380586 
0.087619 
0.114344 
0.0869716 
0.110013 
0.128443 
0.190949 
0.147616 
0.114916 
0.118783 
0.18451 
0.139968 
0.0158434 
0.0466492 
0.0145697 
0.0429671 
0.0621077 
0.0683553 
0.0902191 
0.199864 
0.14349 
0.121108 
0.261483 
0.123319 
0.107904 
0.171414 
0.0676083 
0.0856291 
0.0733679 
0.144566 
0.114884 
0.0420864 
0.17504 
0.132184 
0.0797854 
0.205606 
0.158861 
0.339145 
0.0688002 
0.107875 
0.191179 
0.110431 
0.105268 
0.228314 
0.153486 
0.126004 
0.165576 
0.121205 
0.232666 
0.0727938 
0.0619942 
0.107959 
0.0814421 
0.040229 
0.0211107 
0.0423074 
0.082745 
0.0864072 
0.116509 
0.0902375 
0.108171 
0.0663892 
0.0663961 
0.0785678 
0.108661 
0.135888 
0.0895761 
0.0456216 
0.0469234 
0.104981 
0.125479 
0.188239 
0.0736529 
0.0574136 
0.0817405 
0.114527 
0.0234768 
0.0744529 
0.0512297 
0.0459698 
0.09956 
0.142355 
0.0961369 
0.0758444 
0.0976095 
0.116434 
0.19635 
0.0782005 
0.112213 
0.0689849 
0.065916 
0.0697667 
0.0448968 
0.0833853 
0.140685 
0.0641667 
0.0844539 
0.1343 
0.0802128 
0.0631989 
0.0621457 
0.0958904 
0.256657 
0.0997376 
0.0768212 
0.0828109 
0.0529034 
0.0746065 
0.108977 
0.103542 
0.112571 
0.0619992 
0.090882 
0.0685537 
0.0806577 
0.0672718 
0.0900911 
0.0548453 
0.153906 
0.177193 
0.0596388 
0.0412723 
0.0704319 
0.278841 
0.135253 
0.0928458 
0.106992 
0.231121 
0.32419 
0.148447 
0.129692 
0.0844702 
0.075417 
0.186094 
0.0829557 
0.106543 
