0
0.166886 
0.106175 
0.097765 
0.0968098 
0.358675 
0.285979 
0.506606 
0.110091 
0.0415534 
0.0599149 
0.0433758 
0.0446538 
0.0850844 
0.0496984 
0.0300487 
0.148769 
0.106812 
0.0402185 
0.0448578 
0.163787 
0.0974464 
0.0700903 
0.043091 
0.0566813 
0.0629631 
0.0695095 
0.0492804 
0.057087 
0.056188 
0.0422548 
0.0253008 
0.0299444 
0.0503635 
0.0452988 
0.0463036 
0.0603806 
0.0728894 
0.0775741 
0.0529236 
0.0523075 
0.0375241 
0.0516998 
0.0367353 
0.0520321 
0.0860884 
0.0867754 
0.0666807 
0.0676423 
0.0382588 
0.0902562 
0.25792 
0.121265 
0.138259 
0.0606765 
0.0808245 
0.0405648 
0.0518977 
0.1562 
0.0869248 
0.0337218 
0.127558 
0.102441 
0.135774 
0.120756 
0.0807341 
0.0768208 
0.118574 
0.0603879 
0.0591804 
0.0756444 
0.0296062 
0.038166 
0.0630158 
0.0538832 
0.116951 
0.027946 
0.0374409 
0.0618556 
0.0330492 
0.08731 
0.0664176 
0.0822603 
0.0546953 
0.0552072 
0.0549306 
0.0493468 
0.0660775 
0.0533941 
0.0797646 
0.0697648 
0.0693683 
0.0549494 
0.0558876 
0.0359819 
0.063931 
0.080707 
0.0606957 
0.0528289 
0.0822662 
0.0896206 
0.0791922 
0.0455814 
0.123337 
0.0674117 
0.0727262 
0.0576771 
0.0698146 
0.050474 
0.0327651 
0.0616927 
0.0692078 
0.0530283 
0.0877714 
0.0525575 
0.0386791 
0.0579493 
0.0140161 
0.0497008 
0.0138203 
0.491861 
0.0891035 
0.256891 
0.0684982 
0.0966874 
0.0380938 
0.26447 
0.0536133 
0.103017 
0.107786 
0.0853925 
0.0480728 
0.079422 
0.0695004 
0.107056 
0.0481498 
0.0447853 
0.0849909 
0.0382929 
0.0677035 
0.0520299 
0.0439633 
0.0501346 
0.098433 
0.0699345 
0.0401793 
0.0245341 
0.0748082 
0.0685794 
0.0855355 
0.0622613 
0.0745213 
0.0324703 
0.0243099 
0.0189817 
0.0757497 
0.0695969 
0.0648754 
0.0345473 
0.0487695 
0.0621979 
0.0682443 
0.0183123 
0.0556023 
0.0507852 
0.0446253 
0.00848557 
0.0464023 
0.0437435 
0.0829333 
0.0990331 
0.0392214 
0.0646484 
0.0412384 
0.0557741 
0.0469648 
0.0492362 
0.0357985 
0.0219766 
0.0294935 
0.0496519 
0.0462833 
0.059061 
0.0315528 
0.0592397 
0.0737072 
0.201943 
0.0968194 
0.0772902 
0.0422906 
0.0959572 
0.0649215 
0.0203011 
0.0684236 
0.0823832 
0.0402878 
0.0781269 
0.0648563 
0.0904231 
0.0560172 
0.0525711 
0.0591363 
0.0399536 
0.0418951 
0.0796699 
0.101936 
0.0523673 
0.100145 
0.0423968 
0.0371663 
0.0445002 
0.0572722 
0.0630744 
0.0455076 
0.0667529 
0.0709141 
0.108884 
0.120422 
0.0704606 
0.125157 
0.093775 
0.0608441 
0.0587706 
0.0521673 
0.0524418 
0.0440143 
0.0994543 
0.164553 
0.00610195 
0.109243 
0.0474638 
0.074996 
0.0400681 
0.0760577 
0.0752977 
0.108567 
0.0687218 
0.0364504 
0.102171 
0.0958424 
0.0719415 
0.0298475 
0.0469232 
0.0548669 
0.037541 
0.0556949 
0.0610315 
0.0670976 
0.0738822 
0.0394116 
0.0832926 
0.0486125 
0.0307006 
0.0721169 
0.0523298 
0.0469465 
0.0425943 
0.0404926 
0.0325948 
0.0320875 
0.0670149 
0.0713028 
0.054372 
0.0477541 
0.043157 
0.0217575 
0.0536349 
0.0630078 
0.0493157 
0.00985849 
0.0692728 
0.0430988 
0.0440135 
0.0408761 
0.0620928 
0.0583825 
0.0920833 
0.0658533 
0.031616 
0.0277544 
0.015811 
0.0527225 
0.054474 
0.0505145 
0.0506285 
0.0315915 
0.03063 
0.0508545 
0.030445 
0.0374385 
0.0236535 
0.0818197 
0.0697457 
0.0698765 
0.0637495 
0.05424 
0.0539725 
0.063393 
0.049401 
0.130295 
