0
0.0703945 
0.161579 
0.11646 
0.0575504 
0.066899 
0.0776694 
0.0581419 
0.023714 
0.115911 
0.0849575 
0.115142 
0.0786302 
0.0698515 
0.0477451 
0.0601766 
0.0315082 
0.0700852 
0.0837727 
0.0491938 
0.0686568 
0.0772379 
0.0840528 
0.0963237 
0.0403381 
0.0820728 
0.0675872 
0.0768403 
0.082883 
0.172012 
0.123659 
0.10008 
0.138424 
0.101765 
0.20332 
0.149696 
0.0977804 
0.0952799 
0.0693645 
0.179939 
0.146413 
0.069651 
0.106335 
0.0563118 
0.185005 
0.095399 
0.137678 
0.0681406 
0.0585979 
0.0616564 
0.0540649 
0.093754 
0.134989 
0.162087 
0.140264 
0.148401 
0.0965865 
0.0811839 
0.0649107 
0.129373 
0.0954455 
0.0835165 
0.120048 
0.0746642 
0.0925653 
0.0318961 
0.0957749 
0.16 
0.0658012 
0.0730945 
0.0546314 
0.0837032 
0.219807 
0.299986 
0.286443 
0.0734792 
0.169145 
0.28382 
0.406733 
0.172196 
0.195508 
0.152769 
0.0588869 
0.144786 
0.214798 
0.0730855 
0.284977 
0.336265 
0.209273 
0.0979535 
0.105494 
0.348301 
0.120614 
0.11074 
0.143736 
0.159385 
0.0950146 
0.124167 
0.0772003 
0.196494 
0.135387 
0.0694749 
0.141312 
0.0977139 
0.0796166 
0.195186 
0.0786397 
0.1335 
0.0448787 
0.0576656 
0.0832857 
0.0864681 
0.0792195 
0.109513 
0.169463 
0.091809 
0.144167 
0.100266 
0.166009 
0.145248 
0.095212 
0.434397 
0.702739 
0.283418 
0.0975856 
0.140234 
0.128316 
0.0953427 
0.118953 
0.058332 
0.07828 
0.129406 
0.0586146 
0.0374022 
0.0838242 
0.117628 
0.244731 
0.105976 
0.0968404 
0.0890834 
0.111524 
0.067768 
0.0955665 
0.0623706 
0.0673003 
0.186806 
0.254756 
0.268043 
0.167655 
0.107616 
0.0527741 
0.203295 
0.131845 
0.123872 
0.0629319 
0.145865 
0.0893753 
0.0392062 
0.108404 
0.0764024 
0.155302 
0.0943889 
0.106722 
0.0708551 
0.0989285 
0.0777862 
0.0789924 
0.132048 
0.0790097 
0.0527653 
0.116335 
0.0678699 
0.0665937 
0.0754978 
0.0626127 
0.0776398 
0.129191 
0.122556 
0.06674 
0.0608306 
0.116602 
0.119531 
0.12435 
0.0908748 
0.108208 
0.0979081 
0.0794711 
0.0880472 
0.115182 
0.0883897 
0.0695476 
0.0628008 
0.0423722 
0.126642 
0.107566 
0.0724252 
0.0946552 
0.0819634 
0.0504303 
0.0402106 
0.108094 
0.113534 
0.0903465 
0.104852 
0.11247 
0.114024 
0.130575 
0.144623 
0.0609657 
0.0736583 
0.0745275 
0.0978154 
0.125624 
0.138486 
0.0655811 
0.0561032 
0.0951769 
0.285846 
0.336244 
0.158561 
0.171367 
0.0955864 
0.103071 
0.153746 
0.109967 
0.114465 
0.0765623 
0.130976 
0.0946832 
0.114896 
0.111042 
0.262398 
0.116878 
0.106165 
0.246702 
0.0875913 
0.137977 
0.0573753 
0.136061 
0.119721 
0.1292 
0.155712 
0.176727 
0.217475 
0.196027 
0.193733 
0.12596 
0.243921 
0.461065 
0.250431 
0.186296 
0.201395 
0.171035 
0.172355 
0.072404 
0.098917 
0.0789551 
0.120584 
0.199995 
0.121009 
0.177486 
0.191486 
0.130858 
0.161648 
0.181412 
0.129391 
0.154362 
0.166853 
0.299648 
0.589991 
0.823835 
0.170783 
0.121312 
0.217392 
0.237337 
0.112626 
0.112942 
0.117459 
0.0822825 
0.0771337 
0.0440619 
0.0779433 
0.133415 
0.141769 
0.130093 
0.100391 
0.259333 
0.299908 
0.194322 
0.0976952 
0.164229 
0.155767 
0.182069 
0.235222 
0.196413 
0.143958 
0.146296 
0.0891657 
0.24891 
0.189038 
