0
0.134811 
0.0488006 
0.0966964 
0.0383318 
0.0769165 
0.0875181 
0.0535306 
0.0417333 
0.0489804 
0.098055 
0.0333276 
0.0375604 
0.037559 
0.0952201 
0.0677024 
0.0531213 
0.0712169 
0.059079 
0.0268886 
0.0542876 
0.0492193 
0.0343921 
0.0671474 
0.046386 
0.0518995 
0.0301303 
0.0337177 
0.032162 
0.0480956 
0.0804088 
0.0613175 
0.0270876 
0.0225171 
0.0459481 
0.0272145 
0.0161636 
0.0349071 
0.0490305 
0.0458122 
0.0646695 
0.088316 
0.0231548 
0.0797707 
0.0371892 
0.0569802 
0.0612469 
0.056364 
0.0490217 
0.053393 
0.0330259 
0.070659 
0.0625163 
0.0452579 
0.0357529 
0.05562 
0.0829206 
0.0061548 
0.0644109 
0.0358172 
0.0846028 
0.0651389 
0.0409598 
0.0340224 
0.0248404 
0.098821 
0.0796878 
0.0186066 
0.0238403 
0.0257374 
0.0945534 
0.142798 
0.0294337 
0.062134 
0.0262717 
0.0184433 
0.0681971 
0.0429078 
0.0640278 
0.185665 
0.671244 
0.394939 
0.158622 
0.0657999 
0.0460434 
0.0404346 
0.0621754 
0.0555265 
0.0405474 
0.0225292 
0.0494162 
0.0606833 
0.0512611 
0.0454064 
0.0444212 
0.00117312 
0.0498267 
0.0750571 
0.0496652 
0.0425213 
0.0439886 
0.0572551 
0.029455 
0.0571653 
0.0875818 
0.0934111 
0.0916116 
0.035742 
0.0889282 
0.0333133 
0.0610133 
0.0492153 
0.0227754 
0.0302556 
0.0440251 
0.02996 
0.0485836 
0.0376733 
0.0821263 
0.0785907 
0.0481282 
0.0923129 
0.0641167 
0.0518977 
0.0305279 
0.01074 
0.0330496 
0.03165 
0.0457462 
0.0385498 
0.0514733 
0.104601 
0.0775416 
0.0630925 
0.0739165 
0.0560269 
0.0679024 
0.0707637 
0.0596341 
0.084761 
0.0817925 
0.0495595 
0.0518402 
0.0709172 
0.0417212 
0.0587367 
0.10834 
0.0649061 
0.0191794 
0.0718376 
0.0444747 
0.0522386 
0.0432163 
0.0200207 
0.051 
0.0585713 
0.0512917 
0.0327715 
0.0515503 
0.0497773 
0.0441724 
0.0197124 
0.026794 
0.040579 
0.0848516 
0.0660153 
0.0355748 
0.0649083 
0.0261183 
0.0486258 
0.0393036 
0.0562901 
0.0848372 
0.0499385 
0.0114325 
0.0303968 
0.209325 
0.302542 
0.208097 
0.0803759 
0.125226 
0.0829358 
0.0294991 
0.0270371 
0.0944228 
0.0517079 
0.0564701 
0.0770072 
0.08416 
0.0670236 
0.0590811 
0.0874805 
0.0166542 
0.0469712 
0.0853351 
0.0632436 
0.0449714 
0.13315 
0.0796353 
0.0411117 
0.0484265 
0.0671536 
0.0354506 
0.0535874 
0.0641713 
0.112773 
0.0508988 
0.0591715 
0.0347271 
0.0461537 
0.0750043 
0.0520347 
0.145586 
0.127945 
0.0351555 
0.302673 
0.139965 
0.104504 
0.105245 
0.0634008 
0.285299 
0.414033 
0.121646 
0.0861126 
0.0485567 
0.0497047 
0.0849964 
0.046278 
0.0432798 
0.0591572 
0.0327952 
0.0127784 
0.0389379 
0.0462575 
0.0401873 
0.0366531 
0.0432059 
0.0730969 
0.0710555 
0.0666625 
0.0866149 
0.0763616 
0.0388927 
0.0503089 
0.0377544 
0.0465893 
0.0723011 
0.0376503 
0.0110316 
0.051422 
0.0581479 
0.0505948 
0.0476638 
0.0458023 
0.023898 
0.0238846 
0.023874 
0.0306146 
0.0274267 
0.0402521 
0.0554921 
0.0718274 
0.0680267 
0.0544876 
0.074763 
0.0867246 
0.0664001 
0.0345637 
0.029667 
0.0582509 
0.0979611 
0.0883052 
0.0942474 
0.0396565 
0.0506882 
0.0478932 
0.0682112 
0.0714425 
0.0579054 
0.0560862 
0.0729833 
0.0429099 
0.0284843 
0.0525618 
0.0462733 
0.0149844 
0.207254 
0.399492 
0.275596 
0.287412 
0.144503 
0.122729 
0.0557237 
0.0526429 
0.100573 
0.0838654 
0.10554 
0.0231762 
0.0807972 
0.489918 
