0
0.0766277 
0.0864753 
0.032921 
0.0678303 
0.0383882 
0.02717 
0.0499859 
0.0459234 
0.0641813 
0.0543973 
0.113361 
0.130512 
0.112114 
0.0896665 
0.107745 
0.0413779 
0.0532396 
0.102541 
0.0734648 
0.0456414 
0.028564 
0.0768897 
0.0617641 
0.0224048 
0.11422 
0.0975968 
0.124371 
0.0987568 
0.0518177 
0.0620929 
0.0603158 
0.0588103 
0.0943923 
0.0943841 
0.129032 
0.0809409 
0.0856805 
0.0640207 
0.0826059 
0.090667 
0.0747107 
0.0849808 
0.089388 
0.0533007 
0.0826919 
0.0326669 
0.0944886 
0.0966227 
0.0804524 
0.233504 
0.154301 
0.238722 
0.12833 
0.0645196 
0.0664007 
0.085301 
0.15078 
0.0560739 
0.110427 
0.126506 
0.0764778 
0.0856344 
0.118123 
0.0340034 
0.116407 
0.0554678 
0.0658581 
0.0928791 
0.0537486 
0.0842422 
0.104034 
0.0923091 
0.0536011 
0.0205608 
0.167903 
0.0635529 
0.0775951 
0.094014 
0.0232674 
0.0275256 
0.0462812 
0.067917 
0.0545996 
0.0464567 
0.112512 
0.064766 
0.0581425 
0.104113 
0.123917 
0.166045 
0.0607396 
0.0460119 
0.0642387 
0.0422182 
0.0777744 
0.0902398 
0.0448765 
0.0521764 
0.066046 
0.0183182 
0.0967424 
0.127189 
0.104642 
0.123954 
0.111279 
0.0256021 
0.115432 
0.0663276 
0.0427202 
0.0299541 
0.0703408 
0.0573954 
0.0851758 
0.0906521 
0.0863274 
0.0816323 
0.030558 
0.0802569 
0.124364 
0.0341395 
0.0760909 
0.0454845 
0.0599046 
0.0747665 
0.14369 
0.0927751 
0.0188395 
0.074945 
0.0874502 
0.0699681 
0.0650761 
0.0711309 
0.179949 
0.187083 
0.227722 
0.148028 
0.139559 
0.160582 
0.119612 
0.0677004 
0.146991 
0.271644 
0.258305 
0.163676 
0.0408996 
0.170155 
0.112099 
0.162414 
0.0250823 
0.108314 
0.0672557 
0.0448542 
0.0709794 
0.120685 
0.0788411 
0.0930591 
0.0907376 
0.0885914 
0.0531971 
0.0503672 
0.111005 
0.0737569 
0.0734332 
0.0797611 
0.0443743 
0.0620242 
0.0586476 
0.0760522 
0.142672 
0.0800598 
0.10067 
0.0951237 
0.156158 
0.136075 
0.176273 
0.087838 
0.162552 
0.116614 
0.179597 
0.0687104 
1.29147 
1.388 
0.579412 
0.27665 
0.328971 
0.209416 
0.467634 
0.436431 
0.18658 
0.103476 
0.129984 
0.100326 
0.0728612 
0.11269 
0.116767 
0.0791525 
0.0767433 
0.026906 
0.0360069 
0.0240925 
0.0660281 
0.0921231 
0.0645361 
0.151202 
0.163118 
0.0747985 
0.072566 
0.010254 
0.171901 
0.0870285 
0.0799681 
0.0510648 
0.0910912 
0.07543 
0.058079 
0.0502661 
0.0540992 
0.0185561 
0.0598247 
0.051196 
0.0805232 
0.0988153 
0.057854 
0.0920532 
0.100134 
0.0941155 
0.0833233 
0.0911865 
0.0322845 
0.113854 
0.0904827 
0.0801695 
0.113791 
0.0708754 
0.110258 
0.129083 
0.110955 
0.0444966 
0.0470372 
0.0753919 
0.189458 
0.181705 
0.068991 
0.0749185 
0.112162 
0.0695918 
0.0605965 
0.571613 
1.26713 
1.29731 
0.360293 
1.9227 
0.918528 
0.282315 
0.155949 
0.103532 
0.242736 
1.23162 
0.539573 
0.252892 
0.28719 
0.838063 
0.966351 
0.332168 
0.337674 
0.307678 
0.185852 
0.056674 
0.226246 
0.256427 
0.259702 
0.593815 
0.2392 
1.10484 
0.318468 
0.108255 
0.173105 
0.224381 
0.0690871 
0.0494542 
0.0839382 
0.0764879 
0.0649792 
0.115068 
0.0802347 
0.104041 
0.158271 
0.11346 
0.137949 
0.0669186 
0.125395 
0.0640723 
0.139765 
0.162188 
0.0734908 
0.112394 
0.0856096 
0.0921121 
0.358936 
