0
0.184016 
0.153387 
0.119262 
0.14538 
0.10345 
0.138117 
0.200504 
0.17919 
0.230586 
0.254653 
0.167069 
0.0632077 
0.0779285 
0.122539 
0.0689043 
0.170542 
0.138898 
0.130258 
0.192282 
0.174529 
0.223371 
0.0921223 
0.163573 
0.131985 
0.153698 
0.182004 
0.129611 
0.159396 
0.251716 
0.113503 
0.210385 
0.0577793 
0.0783336 
0.294803 
0.185828 
0.0733499 
0.0455074 
0.0667799 
0.131196 
0.0813511 
0.0601795 
0.0897809 
0.0610772 
0.103009 
0.129943 
0.0827902 
0.0270804 
0.0373153 
0.015309 
0.0465116 
0.0966789 
0.10088 
0.0812847 
0.20404 
0.121502 
0.201246 
0.2074 
0.156222 
0.0873736 
0.074461 
0.0577976 
0.0710767 
0.0903717 
0.112516 
0.107282 
0.134422 
0.0984967 
0.111776 
0.102709 
0.0533798 
0.0797774 
0.0900562 
0.119061 
0.113981 
0.079398 
0.0778278 
0.0921903 
0.1086 
0.0909819 
0.0694291 
0.142946 
0.122417 
0.152743 
0.110431 
0.0811201 
0.1055 
0.0865227 
0.0662381 
0.106215 
0.0941974 
0.124718 
0.0642456 
0.0924987 
0.1041 
0.100334 
0.0922188 
0.0730139 
0.097334 
0.0982779 
0.133142 
0.0959947 
0.063166 
0.0824648 
0.0582477 
0.0532573 
0.0912052 
0.09627 
0.0717627 
0.0788343 
0.0944397 
0.107576 
0.0821223 
0.119396 
0.107935 
0.172658 
0.158276 
0.151349 
0.194522 
0.120094 
0.103195 
0.115746 
0.212453 
0.168556 
0.0765525 
0.114848 
0.0620507 
0.144891 
0.115772 
0.218479 
0.180039 
0.114933 
0.150498 
0.110107 
0.104925 
0.071597 
0.105863 
0.117828 
0.0656558 
0.0414614 
0.0756324 
0.0552974 
0.100673 
0.0957759 
0.0945223 
0.0655472 
0.110112 
0.143432 
0.188477 
0.122921 
0.112567 
0.0939641 
0.0834295 
0.104173 
0.0639503 
0.0807768 
0.199246 
0.135638 
0.0765461 
0.181403 
0.109128 
0.166298 
0.169563 
0.0857318 
0.119791 
0.256426 
0.18797 
0.201184 
0.190028 
0.260386 
0.164059 
0.218413 
0.174246 
0.0849931 
0.0951714 
0.142044 
0.1171 
0.112801 
0.122086 
0.118283 
0.159489 
0.128948 
0.106026 
0.123103 
0.201036 
0.194149 
0.125776 
0.138496 
0.171994 
0.244226 
0.065149 
0.252457 
0.290768 
0.125876 
0.113746 
0.0494234 
0.0597713 
0.0284898 
0.0229168 
0.0744773 
0.19124 
0.238321 
0.240057 
0.147346 
0.136528 
0.2272 
0.0837841 
0.076155 
0.135887 
0.0926436 
0.105622 
0.115799 
0.155093 
0.459876 
0.374522 
0.447858 
0.169184 
0.221369 
0.129126 
0.0915151 
0.055164 
0.13719 
0.138265 
0.131086 
0.113895 
0.336111 
0.107575 
0.255752 
0.386832 
0.0894577 
0.0888306 
0.146039 
0.212376 
0.0655222 
0.169378 
0.30745 
0.132032 
0.18343 
0.164851 
0.16688 
0.175057 
0.146315 
0.0906534 
0.112903 
0.0878706 
0.0515406 
0.677254 
0.554394 
0.483213 
0.271073 
0.169179 
0.0930517 
0.248789 
0.110468 
0.234089 
0.271773 
0.0835382 
0.289315 
0.164026 
0.0388638 
0.0707266 
0.133936 
0.147221 
0.32967 
0.123843 
0.288526 
0.131498 
0.541658 
0.196786 
0.594189 
0.614666 
0.510558 
0.156409 
0.349549 
0.0909237 
0.139066 
0.25145 
0.181032 
0.116304 
0.0678574 
0.139082 
0.110093 
0.192263 
0.222179 
0.336666 
0.422653 
0.255147 
0.151812 
0.126086 
0.196685 
0.134465 
0.15893 
0.21189 
0.155823 
0.0674531 
0.0507433 
0.137957 
0.16602 
0.200474 
0.207499 
