0
0.0770747 
0.0896435 
0.0812658 
0.0768199 
0.0757048 
0.0467348 
0.0774159 
0.089756 
0.0325667 
0.0524589 
0.0467628 
0.0763124 
0.0684699 
0.0295597 
0.0591844 
0.0639166 
0.0448801 
0.0561986 
0.121141 
0.123164 
0.0614022 
0.0266026 
0.0778721 
0.0805466 
0.124815 
0.0680513 
0.0548731 
0.0516041 
0.0468448 
0.0631015 
0.0304164 
0.0194441 
0.0521981 
0.0666128 
0.102885 
0.0692115 
0.112167 
0.0976876 
0.0782263 
0.207117 
0.212932 
0.176988 
0.0853152 
0.0600174 
0.0619878 
0.107737 
0.0876237 
0.0864157 
0.065726 
0.0766043 
0.0531705 
0.0819327 
0.032377 
0.0625776 
0.0878893 
0.0941399 
0.0447943 
0.0708011 
0.0724125 
0.0611365 
0.100544 
0.102318 
0.0521106 
0.103545 
0.0348764 
0.140797 
0.0389796 
0.203295 
0.102736 
0.0986862 
0.0757481 
0.0601622 
0.121193 
0.0914473 
0.135451 
0.0487099 
0.109841 
0.0842658 
0.128313 
0.0936207 
0.075148 
0.0203585 
0.0831816 
0.103144 
0.112992 
0.135455 
0.0715714 
0.0908061 
0.131405 
0.0508364 
0.0978171 
0.130607 
0.114899 
0.080313 
0.0762649 
0.106437 
0.023328 
0.0754818 
0.0614449 
0.0587974 
0.0722715 
0.0735543 
0.0737738 
0.0546347 
0.0340974 
0.0563814 
0.0160842 
0.0610082 
0.0437813 
0.0357959 
0.0477795 
0.0371945 
0.0452365 
0.0724044 
0.105973 
0.0723643 
0.0604638 
0.0466559 
0.022598 
0.0719693 
0.0465413 
0.104293 
0.106304 
0.0917424 
0.154644 
0.11548 
0.124518 
0.0881215 
0.0847491 
0.0925075 
0.0628245 
0.0671035 
0.0502959 
0.299334 
0.130522 
0.176661 
0.167525 
0.0845956 
0.0908512 
0.0982598 
0.0969517 
0.0789135 
0.173204 
0.0688417 
0.0492341 
0.021951 
0.0519443 
0.0469638 
0.141823 
0.0559807 
0.0942468 
0.0617678 
0.0320133 
0.086601 
0.0750198 
0.0335977 
0.0684915 
0.0754705 
0.0835123 
0.0458449 
0.0529935 
0.0645879 
0.0839708 
0.0519415 
0.0824551 
0.0520034 
0.0551362 
0.0661812 
0.108106 
0.0536194 
0.106855 
0.0759683 
0.0993882 
0.0699536 
0.0986473 
0.125732 
0.0472494 
0.0844839 
0.185422 
0.108171 
0.0714054 
0.0761908 
0.0835326 
0.0801102 
0.0775021 
0.41754 
0.140357 
0.151879 
0.114 
0.257004 
0.500888 
0.188214 
0.224589 
0.17796 
0.154676 
0.0468444 
0.0691264 
0.0487751 
0.10091 
0.0328411 
0.0465564 
0.0511607 
0.0815634 
0.102385 
0.117677 
0.0825088 
0.0893934 
0.1207 
0.124996 
0.131934 
0.0876299 
0.0833922 
0.048561 
0.433357 
0.471455 
0.312812 
0.24034 
0.241942 
0.0536906 
0.108357 
0.118961 
0.0607355 
0.0249585 
0.0298748 
0.11667 
0.0729711 
0.0511265 
0.072408 
0.103979 
0.0946694 
0.0903269 
0.0956898 
0.0469984 
0.0593596 
0.0938933 
0.0604917 
0.0768686 
0.0951915 
0.0981251 
0.0795013 
0.124592 
0.120241 
0.109293 
0.104749 
0.0816728 
0.106628 
0.0909241 
0.0504971 
0.101253 
0.0340149 
0.0318685 
0.0591593 
0.0710727 
0.0963411 
0.103581 
0.0587083 
0.130376 
0.0656145 
0.0736227 
0.0592755 
0.0582651 
0.155763 
0.206251 
0.0910295 
0.141978 
0.0815384 
0.061498 
0.0888492 
0.111169 
0.0794102 
0.160976 
0.163033 
0.102637 
0.0420281 
0.160716 
0.129749 
0.100236 
0.0990824 
0.0874929 
0.0653726 
0.0441695 
0.0918487 
0.0334424 
0.152484 
0.0480794 
0.0347081 
0.126078 
0.10063 
0.141255 
0.127019 
0.0997753 
0.0972059 
0.151465 
0.102453 
0.0323329 
0.0896197 
0.10567 
0.0728308 
0.537578 
