0
0.0883603 
0.0683061 
0.0920024 
0.0667711 
0.0554468 
0.090369 
0.0575172 
0.0611322 
0.0622395 
0.0569005 
0.0307287 
0.0880919 
0.077048 
0.0962266 
0.0906521 
0.0592417 
0.0992042 
0.0436817 
0.0665116 
0.0670937 
0.0527888 
0.0999453 
0.0742358 
0.075784 
0.0476458 
0.0403999 
0.0524622 
0.0503159 
0.0795177 
0.0897456 
0.0615475 
0.0256251 
0.0536775 
0.0571141 
0.0926101 
0.0407695 
0.0723701 
0.0253285 
0.0851641 
0.0624451 
0.0449652 
0.0692796 
0.0573035 
0.0552981 
0.0717658 
0.069431 
0.0589672 
0.100557 
0.0846784 
0.0659706 
0.0735766 
0.0436575 
0.0551033 
0.0451434 
0.0480324 
0.0569849 
0.0378906 
0.0522845 
0.0839672 
0.0289824 
0.0671321 
0.0639803 
0.0608717 
0.0379668 
0.040081 
0.0424258 
0.0601084 
0.0460906 
0.0785875 
0.080912 
0.041302 
0.0525056 
0.0854609 
0.037822 
0.0357284 
0.0296939 
0.0636733 
0.0605975 
0.0710129 
0.0456451 
0.0751931 
0.0675136 
0.0663661 
0.0953365 
0.0320245 
0.0690606 
0.0847247 
0.0460331 
0.0441304 
0.0518112 
0.0394849 
0.0575226 
0.0514936 
0.0468331 
0.0240039 
0.0273297 
0.0592193 
0.0325634 
0.0592362 
0.0197097 
0.0487625 
0.0584063 
0.0519427 
0.0420569 
0.107703 
0.0630921 
0.0312683 
0.0568965 
0.274017 
0.287747 
0.0341482 
0.0577141 
0.0331053 
0.0539409 
0.037052 
0.067071 
0.0799691 
0.0339996 
0.0556677 
0.0474798 
0.0873194 
0.0797889 
0.0548079 
0.0813644 
0.0657274 
0.0141567 
0.032298 
0.0425765 
0.0406273 
0.0543636 
0.0335721 
0.0443306 
0.0492613 
0.041046 
0.0603184 
0.049375 
0.0301927 
0.0304226 
0.0616804 
0.0818421 
0.0450152 
0.0420841 
0.0597374 
0.0638916 
0.0528536 
0.0687025 
0.201661 
0.0623242 
0.0446072 
0.0765075 
0.092118 
0.0879294 
0.0740777 
0.0781042 
0.027607 
0.0780189 
0.0868499 
0.069804 
0.084774 
0.0757242 
0.0137596 
0.012528 
0.0722699 
0.0445646 
0.0351139 
0.0266566 
0.0447701 
0.0520971 
0.0430799 
0.0491495 
0.0326024 
0.0192748 
0.0456812 
0.0460567 
0.0601339 
0.0668953 
0.0584343 
0.0493027 
0.0431739 
0.0393854 
0.0436493 
0.022168 
0.0460462 
0.0379114 
0.0473618 
0.059222 
0.0674387 
0.075935 
0.0702324 
0.0518247 
0.0650204 
0.0332078 
0.0532673 
0.0389761 
0.0703195 
0.0392806 
0.0363506 
0.0335572 
0.0442052 
0.0643119 
0.0634566 
0.0615572 
0.0783146 
0.0429729 
0.041041 
0.0420596 
0.0826321 
0.103274 
0.0668486 
0.0729391 
0.0538564 
0.0537722 
0.0338852 
0.0848753 
0.0560441 
0.039196 
0.0780078 
0.0357636 
0.0993917 
0.052623 
0.0540022 
0.0667444 
0.0790864 
0.0736133 
0.0757156 
0.0777294 
0.0898475 
0.0335218 
0.0487105 
0.078857 
0.0829429 
0.0717416 
0.0517591 
0.033162 
0.0493109 
0.0658095 
0.0637007 
0.0346151 
0.0449451 
0.0250955 
0.0243566 
0.0485243 
0.056827 
0.0556482 
0.0898928 
0.0751212 
0.0768938 
0.0729156 
0.0470952 
0.061227 
0.0588501 
0.094205 
0.0850076 
0.0838551 
0.0449576 
0.0800853 
0.136863 
0.0941933 
0.0632784 
0.0434753 
0.0401928 
0.056981 
0.0365983 
0.0610673 
0.0471936 
0.0556005 
0.0716136 
0.0329547 
0.0533063 
0.0627458 
0.0666011 
0.0258731 
0.105227 
0.0702136 
0.00965305 
0.0782131 
0.0557831 
0.0534362 
0.0942085 
0.0801077 
0.0772619 
0.051062 
0.052623 
0.0494333 
0.056541 
0.0616889 
0.0398545 
0.0293091 
0.0332532 
0.0618908 
0.0779864 
0.0597076 
0.084428 
0.0300772 
0.0541773 
0.0272902 
0.0440178 
0.0453547 
0.286239 
