0
0.0869714 
0.113722 
0.0918747 
0.0879684 
0.121583 
0.0700072 
0.0875939 
0.0601504 
0.050928 
0.0761831 
0.0398138 
0.0136065 
0.0599527 
0.0425536 
0.0666996 
0.0734458 
0.065607 
0.0844742 
0.0686173 
0.0200713 
0.0259095 
0.0217091 
0.0285777 
0.0542803 
0.0502883 
0.0680506 
0.069795 
0.0452462 
0.0773172 
0.0917153 
0.0380065 
0.0707928 
0.0472452 
0.0888886 
0.206449 
0.129485 
0.0994658 
0.0606743 
0.0316943 
0.0451385 
0.0812543 
0.0899299 
0.0919448 
0.0600535 
0.0636537 
0.116546 
0.108253 
0.0888285 
0.0837143 
0.100319 
0.107075 
0.10412 
0.0902017 
0.102047 
0.187582 
0.0853897 
0.0549196 
0.064813 
0.0861789 
0.0506752 
0.0730927 
0.0572224 
0.0687348 
0.0795031 
0.033752 
0.104037 
0.0326327 
0.0421432 
0.084517 
0.0818195 
0.0740923 
0.0895489 
0.0716179 
0.0950871 
0.123878 
0.139181 
0.0962213 
0.100738 
0.0943051 
0.0644131 
0.117772 
0.0942482 
0.115385 
0.0801019 
0.0752078 
0.0447074 
0.0509335 
0.0927474 
0.0846348 
0.0657871 
0.047506 
0.0286935 
0.0649874 
0.0555016 
0.0456535 
0.138768 
0.0669259 
0.0610995 
0.0788281 
0.0331527 
0.056112 
0.0535716 
0.0751442 
0.0759813 
0.0792912 
0.0516088 
0.0220754 
0.0260903 
0.0337533 
0.0241455 
0.0555124 
0.0372301 
0.0335096 
0.0691081 
0.0611563 
0.0668067 
0.087487 
0.0994592 
0.0751076 
0.0331483 
0.0925158 
0.0839878 
0.0512714 
0.106951 
0.0741968 
0.117007 
0.0406636 
0.0858301 
0.0792291 
0.0806148 
0.0935822 
0.097546 
0.0684494 
0.0596516 
0.0877191 
0.110571 
0.0601803 
0.0554582 
0.0288761 
0.0251914 
0.0318508 
0.0301143 
0.0956062 
0.0870763 
0.0860831 
0.0470755 
0.0364287 
0.026854 
0.0305096 
0.029641 
0.0367376 
0.0798522 
0.0598763 
0.0691318 
0.0423131 
0.0384665 
0.0507502 
0.058214 
0.139656 
0.108693 
0.106244 
0.0718358 
0.0763339 
0.0900766 
0.0790127 
0.0746821 
0.10711 
0.102296 
0.100614 
0.0792203 
0.0791643 
0.0871558 
0.0733944 
0.0524219 
0.09803 
0.10852 
0.0729962 
0.0663543 
0.0655451 
0.0607848 
0.0419332 
0.0722726 
0.0478877 
0.0574757 
0.107984 
0.0821506 
0.0475915 
0.0743691 
0.0868194 
0.100767 
0.0425098 
0.0403852 
0.05781 
0.0962669 
0.0879196 
0.0426337 
0.0225819 
0.048589 
0.0739611 
0.0789448 
0.0808273 
0.0907735 
0.105145 
0.0811732 
0.104941 
0.0464146 
0.0473808 
0.048307 
0.0487262 
0.0874866 
0.112065 
0.0942415 
0.0911968 
0.0494253 
0.0462305 
0.1835 
0.16407 
0.120037 
0.119704 
0.174486 
0.141493 
0.0707713 
0.095956 
0.036213 
0.0445706 
0.067263 
0.0405608 
0.0268456 
0.0394514 
0.0292257 
0.0615051 
0.0623743 
0.0717182 
0.0303128 
0.0853966 
0.099319 
0.0696956 
0.0659605 
0.0471913 
0.0483219 
0.0539874 
0.0706973 
0.0986771 
0.0862036 
0.0801245 
0.197661 
0.111665 
0.136343 
0.0779888 
0.0476988 
0.0443196 
0.0480738 
0.0721434 
0.0425969 
0.0306414 
0.0391211 
0.0381526 
0.0795573 
0.0612634 
0.0668625 
0.0674713 
0.0719423 
0.05395 
0.0822425 
0.061658 
0.0681218 
0.0158623 
0.0449415 
0.0655731 
0.0969237 
0.0532488 
0.0809406 
0.0629344 
0.0677665 
0.0463411 
0.0563901 
0.0564348 
0.0510649 
0.0684188 
0.0627525 
0.0587602 
0.0715542 
0.0508227 
0.0578886 
0.044401 
0.0835345 
0.0794818 
0.0324356 
0.0490225 
0.0764727 
0.114682 
0.0626783 
0.126559 
0.148178 
0.103519 
0.132245 
0.126841 
0.512727 
0.536036 
