0
0.0954042 
0.0885077 
0.0735735 
0.124519 
0.114706 
0.0360687 
0.0597984 
0.0471961 
0.0580451 
0.051914 
0.0540307 
0.0510823 
0.0652042 
0.0737138 
0.0987873 
0.0783808 
0.0641367 
0.0710656 
0.0332039 
0.0295597 
0.0613288 
0.038067 
0.0811933 
0.0578318 
0.0658167 
0.0689929 
0.10591 
0.0527809 
0.112203 
0.0332559 
0.0897659 
0.0507791 
0.0642165 
0.0446961 
0.0430609 
0.0506298 
0.090244 
0.0375289 
0.0706903 
0.0243407 
0.0573068 
0.0760335 
0.0456996 
0.039921 
0.0682655 
0.0633015 
0.0715292 
0.0868693 
0.0605599 
0.0497699 
0.0563563 
0.0530661 
0.0802026 
0.0885852 
0.0326399 
0.0654514 
0.104918 
0.0723558 
0.0278841 
0.0329946 
0.0422715 
0.0381794 
0.0919296 
0.0506739 
0.105361 
0.0322151 
0.0481223 
0.0583593 
0.0382116 
0.0252432 
0.0772197 
0.0337489 
0.0466078 
0.0732611 
0.043428 
0.0680201 
0.0427029 
0.0596477 
0.0510738 
0.0652202 
0.0454451 
0.0636161 
0.0685165 
0.0604493 
0.018375 
0.0764599 
0.0539026 
0.0734 
0.0868868 
0.0891175 
0.0523183 
0.0783883 
0.0617533 
0.0808725 
0.102515 
0.114318 
0.0207487 
0.0383854 
0.0416906 
0.0581305 
0.0164281 
0.0479787 
0.0376047 
0.0892103 
0.112426 
0.0561363 
0.0159775 
0.0953477 
0.0853202 
0.149294 
0.0417308 
0.0454222 
0.0993645 
0.0357709 
0.0618421 
0.096094 
0.00939663 
0.0644976 
0.0568557 
0.0395195 
0.0592757 
0.0679828 
0.038732 
0.0642585 
0.0691384 
0.0842404 
0.0337794 
0.032973 
0.0246381 
0.0432353 
0.0698151 
0.0621513 
0.0812334 
0.0660736 
0.00919576 
0.049859 
0.0468585 
0.0371593 
0.0504516 
0.0454758 
0.0481809 
0.0415856 
0.056138 
0.0570337 
0.109551 
0.0987195 
0.0399981 
0.0350092 
0.0306812 
0.044876 
0.052631 
0.0839732 
0.0910265 
0.0755827 
0.0639722 
0.0969311 
0.0623201 
0.0125153 
0.0352714 
0.020025 
0.032993 
0.0362228 
0.0277473 
0.0369568 
0.0791358 
0.0981955 
0.0616453 
0.0643423 
0.0618564 
0.00849174 
0.0419789 
0.0609249 
0.053943 
0.0444179 
0.0817778 
0.0883608 
0.0864206 
0.0661363 
0.0704813 
0.0696517 
0.0548611 
0.0312072 
0.0633147 
0.0175558 
0.0332488 
0.0590343 
0.0411917 
0.0258476 
0.0894014 
0.0578184 
0.05522 
0.0392073 
0.0600105 
0.11343 
0.0839586 
0.0650709 
0.0566061 
0.077101 
0.0467376 
0.0575993 
0.100557 
0.0709072 
0.148294 
0.128113 
0.0591789 
0.0506951 
0.0241514 
0.0264145 
0.0275887 
0.0250606 
0.022177 
0.116539 
0.112878 
0.104164 
0.0870682 
0.0792835 
0.0822229 
0.0725802 
0.0557221 
0.0468664 
0.0488971 
0.0665398 
0.0518746 
0.0790877 
0.0863919 
0.0682023 
0.108506 
0.115022 
0.0726701 
0.0869749 
0.0798434 
0.0667949 
0.128443 
0.128631 
0.0738966 
0.0333164 
0.0431425 
0.111011 
0.0486872 
0.0440326 
0.0395094 
0.105252 
0.0979599 
0.0793812 
0.0568134 
0.113421 
0.156229 
0.126637 
0.0714068 
0.0577761 
0.0622429 
0.0547288 
0.116725 
0.0384099 
0.0335119 
0.0473367 
0.0567763 
0.0498386 
0.0581746 
0.0515233 
0.157836 
0.12974 
0.151697 
0.116293 
0.11261 
0.0478266 
0.129301 
0.0678806 
0.0474463 
0.0521329 
0.0793237 
0.11337 
0.0889015 
0.074286 
0.113159 
0.0747258 
0.070052 
0.0646416 
0.063077 
0.124368 
0.0292935 
0.0664923 
0.0584046 
0.0382999 
0.0659299 
0.047179 
0.0457406 
0.0443643 
0.0780897 
0.00981479 
0.0596583 
0.0421649 
0.0856812 
0.0443994 
0.0589557 
0.0551602 
0.0577015 
0.0203373 
0.317948 
