0
0.107541 
0.0495487 
0.0900305 
0.0870691 
0.0638047 
0.145468 
0.111429 
0.174972 
0.0881977 
0.112716 
0.0498406 
0.0760838 
0.141562 
0.151791 
0.0399475 
0.188323 
0.065993 
0.226059 
0.177411 
0.122584 
0.185389 
0.0861953 
0.102046 
0.107567 
0.0526379 
0.149195 
0.247947 
0.073204 
0.0539185 
0.110001 
0.0949985 
0.0699468 
0.0610365 
0.0158077 
0.0597445 
0.0485215 
0.0257564 
0.0725737 
0.0605314 
0.0288212 
0.0766436 
0.0894333 
0.0516693 
0.0725102 
0.127376 
0.0738729 
0.0874178 
0.0811298 
0.0897864 
0.0862888 
0.100385 
0.0900935 
0.122494 
0.0946027 
0.0408717 
0.0349205 
0.0493914 
0.166883 
0.102513 
0.0582321 
0.154559 
0.126369 
0.0980642 
0.103428 
0.101243 
0.0946869 
0.0403189 
0.0891808 
0.139574 
0.119058 
0.217687 
0.06934 
0.0339922 
0.0312403 
0.0861865 
0.107937 
0.112082 
0.103711 
0.0748933 
0.0641959 
0.0922438 
0.0549421 
0.0600841 
0.053974 
0.0801321 
0.0388722 
0.0466752 
0.0615848 
0.237911 
0.174375 
0.0602324 
0.0665244 
0.055148 
0.0905429 
0.106331 
0.113436 
0.107356 
0.113802 
0.0662549 
0.0508923 
0.0742094 
0.0438748 
0.0634709 
0.0887516 
0.117322 
0.111557 
0.119706 
0.101918 
0.129206 
0.0867388 
0.108315 
0.0926581 
0.104566 
0.110285 
0.0866217 
0.0284024 
0.0596163 
0.0553434 
0.14176 
0.0514463 
0.0989277 
0.0757969 
0.0386304 
0.030528 
0.0817284 
0.121271 
0.130733 
0.0746944 
0.0475979 
0.100074 
0.132917 
0.110979 
0.0710254 
0.00270591 
0.120188 
0.185444 
0.0144042 
0.0907627 
0.122268 
0.101403 
0.0838083 
0.162359 
0.11675 
0.0604877 
0.132844 
0.111281 
0.17226 
0.419852 
0.431702 
0.0868382 
0.119733 
0.125399 
0.174408 
0.0718936 
0.129244 
0.0501317 
0.0887027 
0.128907 
0.13855 
0.107093 
0.117126 
0.110696 
0.302162 
0.0655198 
0.105612 
0.140604 
0.115827 
0.119238 
0.0873216 
0.11287 
0.0665198 
0.147879 
0.043211 
0.0930173 
0.0705155 
0.132266 
0.514309 
0.294877 
0.160767 
0.153023 
0.192714 
0.166259 
0.107666 
0.0853419 
0.0784791 
0.0745124 
0.105472 
0.0185203 
0.059827 
0.119488 
0.105777 
0.0978025 
0.0891206 
0.0783785 
0.102797 
0.0520063 
0.0620383 
0.100754 
0.143922 
0.1446 
0.117761 
0.0593039 
0.0231853 
0.0472282 
0.109807 
0.0872491 
0.0804212 
0.106629 
0.0826908 
0.0358106 
0.0807268 
0.10859 
0.0661894 
0.0529171 
0.136253 
0.0956593 
0.128646 
0.0527316 
0.0719639 
0.0540006 
0.159489 
0.0833512 
0.08764 
0.0393622 
0.0908765 
0.0754421 
0.100256 
0.122944 
0.138425 
0.119748 
0.122341 
0.0950428 
0.086059 
0.208654 
0.0674558 
0.0368568 
0.0782989 
0.139857 
0.0594542 
0.108183 
0.0917203 
0.195202 
0.0638477 
0.107157 
0.0762569 
0.102186 
0.022065 
0.0592409 
0.0777325 
0.143589 
0.15483 
0.186062 
0.0966139 
0.0770708 
0.10944 
0.115725 
0.0501082 
0.0925077 
0.140779 
0.0967843 
0.114509 
0.116791 
0.0469106 
0.0646548 
0.130254 
0.085143 
0.0358757 
0.0659339 
0.0650418 
0.0824489 
0.197383 
0.028473 
0.0935801 
0.103218 
0.0326729 
0.0836665 
0.133218 
0.0583161 
0.0412972 
0.077136 
0.025808 
0.09364 
0.045108 
0.057865 
0.0658076 
0.10847 
0.107226 
0.159136 
0.06096 
0.146493 
0.0499934 
0.102699 
0.0717961 
0.125765 
0.147064 
0.139986 
0.0877169 
0.078681 
0.301561 
