0
0.113677 
0.0818448 
0.0607521 
0.0423622 
0.0456525 
0.0666601 
0.0378424 
0.0497873 
0.0241878 
0.0848202 
0.0833333 
0.0741846 
0.0391787 
0.039558 
0.0926967 
0.060202 
0.0205479 
0.0190227 
0.0232448 
0.0130608 
0.0326752 
0.0449726 
0.052694 
0.0432879 
0.0759706 
0.173708 
0.381928 
0.205189 
0.233607 
0.0484144 
0.1049 
0.0586927 
0.0216933 
0.042892 
0.0552277 
0.0977017 
0.0338397 
0.0333629 
0.0226998 
0.013472 
0.0414234 
0.0537087 
0.0330433 
0.0441313 
0.104195 
0.0822373 
0.0410748 
0.0210724 
0.0259226 
0.0439549 
0.0312719 
0.0148281 
0.0360913 
0.0449871 
0.056316 
0.042359 
0.0667031 
0.0418539 
0.0506269 
0.0428863 
0.0199389 
0.00698807 
0.0263137 
0.0584569 
0.0665324 
0.0720228 
0.0524894 
0.0572093 
0.0489623 
0.027763 
0.0417476 
0.0140234 
0.0452263 
0.0394496 
0.0370856 
0.0288327 
0.0410616 
0.0565487 
0.0576596 
0.0586322 
0.0973416 
0.0681322 
0.0586448 
0.077687 
0.0649949 
0.0511288 
0.0716273 
0.0390075 
0.0413895 
0.0284082 
0.0442376 
0.057537 
0.0644653 
0.0365435 
0.0295502 
0.0709646 
0.101698 
0.529039 
0.464436 
0.735629 
0.437618 
0.135991 
0.0809176 
0.103382 
0.0926735 
0.0598446 
0.0706929 
0.0754138 
0.0382941 
0.0496202 
0.0680478 
0.0276114 
0.0564693 
0.0315643 
0.05825 
0.0359576 
0.031303 
0.0281514 
0.0338666 
0.0586538 
0.0603097 
0.0650844 
0.024629 
0.0715136 
0.0747386 
0.0379223 
0.0656262 
0.0945031 
0.053835 
0.064202 
0.0531908 
0.0482066 
0.0474658 
0.0289787 
0.0335578 
0.0770172 
0.0703995 
0.0409016 
0.0699219 
0.0326532 
0.0593435 
0.0833943 
0.0613759 
0.0118876 
0.0147905 
0.0287249 
0.0382455 
0.0341786 
0.0209961 
0.0206585 
0.0103818 
0.0235139 
0.0410449 
0.0402257 
0.024661 
0.064044 
0.0841803 
0.015731 
0.0484539 
0.00678084 
0.0173943 
0.0584667 
0.0482259 
0.0625857 
0.0499629 
0.126385 
0.239349 
0.44098 
0.255115 
0.122048 
0.13788 
0.0755175 
0.0722035 
0.0250446 
0.0316198 
0.0751584 
0.0675816 
0.0530528 
0.0259172 
0.0375317 
0.043039 
0.0238238 
0.0253712 
0.00946226 
0.0460265 
0.041807 
0.035753 
0.0455345 
0.0208856 
0.076162 
0.0398743 
0.0362989 
0.0402655 
0.0398527 
0.0292878 
0.0766453 
0.0825501 
0.045652 
0.0871493 
0.045627 
0.0489739 
0.0606681 
0.0728978 
0.0537577 
0.0892171 
0.0437274 
0.0245545 
0.0656114 
0.0502348 
0.0563379 
0.0418502 
0.0392502 
0.0446047 
0.0746952 
0.0622932 
0.0590962 
0.0577054 
0.0482291 
0.0311531 
0.0196901 
0.049411 
0.0445293 
0.0336868 
0.0495393 
0.0536039 
0.0330664 
0.0235032 
0.038968 
0.0686211 
0.0704761 
0.0406443 
0.0543878 
0.0391539 
0.0330668 
0.0433383 
0.0651675 
0.0648397 
0.0680121 
0.0438501 
0.0500311 
0.0374675 
0.0403657 
0.105697 
0.541833 
0.0688738 
0.201452 
0.107415 
0.100633 
0.0890729 
0.106639 
0.0704577 
0.0447874 
0.0489147 
0.0237495 
0.0455159 
0.0699339 
0.0446813 
0.0776987 
0.0358734 
0.0366036 
0.0697597 
0.0571695 
0.0387437 
0.0363173 
0.0791471 
0.0549328 
0.148393 
0.0705269 
0.0708312 
0.0759998 
0.0592067 
0.0434423 
0.0507951 
0.0344664 
0.0512588 
0.083156 
0.0738666 
0.177466 
0.308282 
0.459599 
0.387491 
0.124911 
0.113197 
0.0502683 
0.0405152 
0.0528439 
0.0520635 
0.08011 
0.0798826 
0.510901 
0.389593 
0.0746648 
0.0681551 
0.0587789 
0.0454957 
0.0474922 
0.0423792 
0.0457754 
0.310175 
