0
0.0576547 
0.136212 
0.0881322 
0.10123 
0.0569742 
0.0672496 
0.0864547 
0.0738521 
0.0597859 
0.0451968 
0.0496004 
0.0717981 
0.183147 
0.0990949 
0.184242 
0.0947917 
0.112785 
0.131292 
0.0542734 
0.0707099 
0.159763 
0.0946568 
0.0922279 
0.0512718 
0.0967144 
0.0518278 
0.063449 
0.0840796 
0.0352991 
0.0487725 
0.0464189 
0.131378 
0.127885 
0.0480034 
0.0385076 
0.0316047 
0.117156 
0.157036 
0.0766547 
0.0822846 
0.0627035 
0.0654891 
0.0421008 
0.0588845 
0.0777279 
0.228337 
0.199386 
0.161302 
0.144762 
0.139813 
0.0404885 
0.0440502 
0.0379743 
0.0574674 
0.092911 
0.123702 
0.146358 
0.122004 
0.0909071 
0.0225154 
0.108946 
0.0844266 
0.148084 
0.0819711 
0.0896887 
0.100525 
0.0740038 
0.0573274 
0.0292648 
0.126767 
0.159099 
0.103515 
0.130061 
0.0914838 
0.107258 
0.0408962 
0.0749184 
0.10539 
0.0604524 
0.0841769 
0.0523805 
0.0428266 
0.107805 
0.132656 
0.043618 
0.0915555 
0.121162 
0.0884941 
0.117831 
0.172779 
0.124802 
0.0878143 
0.111691 
0.0840476 
0.154424 
0.284639 
0.0616379 
0.0354131 
0.0859114 
0.0250638 
0.0544291 
0.0524284 
0.101686 
0.069106 
0.064339 
0.114206 
0.116381 
0.0386533 
0.061236 
0.0674073 
0.0649311 
0.111343 
0.0970655 
0.0434298 
0.0825534 
0.0454942 
0.124637 
0.100706 
0.105401 
0.0728285 
0.0251506 
0.0732511 
0.0718071 
0.0901694 
0.082977 
0.0684962 
0.044562 
0.0562634 
0.0799325 
0.0474489 
0.0836309 
0.0659794 
0.0584186 
0.0888845 
0.0884588 
0.090556 
0.0467011 
0.0536755 
0.0810607 
0.124432 
0.100634 
0.0361228 
0.0546202 
0.0768137 
0.0405164 
0.0678387 
0.0623388 
0.0305152 
0.0442641 
0.0449314 
0.0245448 
0.0965401 
0.151834 
0.137538 
0.15728 
0.0928451 
0.184574 
0.149595 
0.0483355 
0.0930854 
0.107998 
0.141074 
0.0672221 
0.0271162 
0.0973854 
0.0787205 
0.0598792 
0.0679996 
0.0693276 
0.0724176 
0.0445345 
0.0448038 
0.0410775 
0.0802637 
0.112553 
0.0836896 
0.0695333 
0.0771818 
0.0919831 
0.0545787 
0.0448498 
0.0401949 
0.070865 
0.0902236 
0.0793038 
0.0359599 
0.0936628 
0.0772741 
0.0340709 
0.074778 
0.110908 
0.0650798 
0.0730079 
0.206172 
0.0902024 
0.13682 
0.149576 
0.164528 
0.186153 
0.36019 
0.065909 
0.0677419 
0.119905 
0.0543989 
0.10105 
0.0263795 
0.0700033 
0.0927677 
0.0518437 
0.0914073 
0.0611011 
0.0582911 
0.0490793 
0.0787745 
0.0619015 
0.061244 
0.0209259 
0.0430324 
0.042408 
0.056956 
0.051215 
0.0525542 
0.0588958 
0.0327213 
0.0324494 
0.0360206 
0.0669149 
0.0392389 
0.0435774 
0.0698893 
0.046014 
0.0671796 
0.06737 
0.0780252 
0.0897045 
0.040095 
0.0824756 
0.0359632 
0.04782 
0.0402413 
0.0385897 
0.0294289 
0.0570648 
0.0620516 
0.144933 
0.107054 
0.147704 
0.0841097 
0.0738438 
0.0524225 
0.0605275 
0.0640938 
0.0551168 
0.0302785 
0.0641767 
0.0475963 
0.113784 
0.0744596 
0.0722253 
0.154659 
0.109531 
0.14438 
0.206262 
0.129831 
0.166241 
0.121473 
0.118996 
0.0493686 
0.0863551 
0.0418712 
0.0319358 
0.0753191 
0.0268919 
0.0716187 
0.102643 
0.0603234 
0.0417449 
0.0562003 
0.106927 
0.104211 
0.180394 
0.14066 
0.274401 
0.320609 
0.211153 
0.109163 
0.149953 
0.0584601 
0.0903238 
0.180599 
0.172229 
0.187417 
0.06439 
0.0366124 
0.0474814 
0.090823 
0.0627872 
0.0895731 
0.274279 
