0
0.123391 
0.0864952 
0.0599886 
0.0351233 
0.0559476 
0.051972 
0.0728097 
0.0595346 
0.0410827 
0.154533 
0.154501 
0.0474047 
0.121214 
0.0899381 
0.0242488 
0.0783328 
0.0971723 
0.0367692 
0.101104 
0.0728708 
0.268935 
0.216643 
0.131996 
0.0956921 
0.103434 
0.0541661 
0.149965 
0.167917 
0.124996 
0.143525 
0.106956 
0.0318113 
0.142972 
0.0859679 
0.0902035 
0.203842 
0.167375 
0.0684508 
0.0902616 
0.0969154 
0.10546 
0.18793 
0.106117 
0.0333421 
0.125642 
0.0973098 
0.0563315 
0.0530266 
0.0817376 
0.0969781 
0.110446 
0.0645703 
0.049344 
0.0826557 
0.108607 
0.106448 
0.0707114 
0.0665983 
0.11634 
0.0628847 
0.103439 
0.0600301 
0.074127 
0.0478394 
0.159309 
0.160646 
0.0971132 
0.125454 
0.0698163 
0.055985 
0.066238 
0.0669046 
0.0706015 
0.062894 
0.0701781 
0.0905867 
0.0292425 
0.105111 
0.0422618 
0.0934976 
0.0681693 
0.0627981 
0.0651325 
0.0702211 
0.0904768 
0.071774 
0.0995345 
0.153805 
0.0771036 
0.0148248 
0.0705266 
0.0826075 
0.114866 
0.110034 
0.116094 
0.125965 
0.126326 
0.0768509 
0.236499 
0.0880312 
0.0990392 
0.106607 
0.11302 
0.114302 
0.059174 
0.0674201 
0.0984056 
0.022834 
0.0996354 
0.0591289 
0.217946 
0.0701095 
0.0768358 
0.0365425 
0.0361942 
0.103929 
0.0797752 
0.0182221 
0.135594 
0.0911192 
0.0858655 
0.0225162 
0.171641 
0.0388062 
0.113011 
0.103757 
0.105291 
0.163331 
0.0962885 
0.0744996 
0.169319 
0.0817984 
0.0466408 
0.0301011 
0.0796963 
0.065144 
0.0932379 
0.0469242 
0.0438146 
0.0591402 
0.0734359 
0.0611308 
0.0701035 
0.0837856 
0.0993264 
0.0630911 
0.0508008 
0.0732887 
0.0827767 
0.0689006 
0.0658097 
0.0228469 
0.0595253 
0.0697217 
0.118236 
0.135184 
0.0627623 
0.0928781 
0.145412 
0.0919768 
0.0949555 
0.0651231 
0.0923479 
0.0506737 
0.0518833 
0.0982982 
0.0851656 
0.164092 
0.142444 
0.102658 
0.0443541 
0.0858723 
0.04556 
0.0543276 
0.0575045 
0.0502479 
0.041971 
0.0484274 
0.0725485 
0.0470125 
0.0706389 
0.133204 
0.105046 
0.0648777 
0.116982 
0.0444008 
0.058367 
0.0857174 
0.0430863 
0.0808419 
0.0594214 
0.0399546 
0.0739367 
0.0858777 
0.092705 
0.0973211 
0.072002 
0.0482128 
0.23306 
0.308779 
0.149681 
0.0784144 
0.127389 
0.0887021 
0.0964258 
0.0815167 
0.0267922 
0.0923862 
0.115266 
0.0733349 
0.105078 
0.108607 
0.0612483 
0.0570499 
0.103428 
0.0729741 
0.0794306 
0.0924582 
0.205178 
0.082251 
0.0893542 
0.0806313 
0.0675182 
0.0505742 
0.0596635 
0.123783 
0.133142 
0.0594777 
0.169788 
0.03729 
0.0585539 
0.137129 
0.094564 
0.110439 
0.0606247 
0.0569823 
0.0495594 
0.0784623 
0.0976616 
0.0642234 
0.0891076 
0.13332 
0.100825 
0.0875143 
0.0244169 
0.0588534 
0.0586791 
0.0984477 
0.0677318 
0.0578932 
0.0783539 
0.107209 
0.107056 
0.0897353 
0.0455709 
0.089988 
0.120512 
0.0969506 
0.0330804 
0.0404895 
0.08075 
0.0692106 
0.0971251 
0.105525 
0.0892559 
0.0371799 
0.0723631 
0.0600019 
0.109681 
0.0891548 
0.127332 
0.0675598 
0.0857818 
0.0916184 
0.0733066 
0.0513505 
0.0404265 
0.043455 
0.0748903 
0.0647169 
0.0548254 
0.133327 
0.119382 
0.0827718 
0.0370907 
0.0697417 
0.0285011 
0.0760669 
0.0868051 
0.093895 
0.0577109 
0.0606388 
0.0835892 
0.0477148 
0.0434672 
0.0353955 
0.0710052 
0.0685577 
0.351944 
