0
0.0775901 
0.149402 
0.115925 
0.0959124 
0.131344 
0.0770606 
0.118414 
0.0540244 
0.0647419 
0.0562435 
0.101452 
0.154096 
0.0846741 
0.075088 
0.087804 
0.0861069 
0.0589993 
0.0559754 
0.077214 
0.107486 
0.151475 
0.0885645 
0.0835208 
0.0960184 
0.0999142 
0.0666564 
0.0623479 
0.0448642 
0.132763 
0.0918051 
0.0594784 
0.0505319 
0.0945645 
0.106031 
0.081067 
0.0898069 
0.0819072 
0.0650709 
0.0783452 
0.105581 
0.144735 
0.111761 
0.0729479 
0.0626262 
0.158103 
0.111582 
0.104252 
0.102716 
0.0825209 
0.0535833 
0.063494 
0.104514 
0.10885 
0.0941262 
0.102516 
0.132592 
0.147632 
0.09428 
0.0540208 
0.0707137 
0.0721836 
0.0913277 
0.114502 
0.0956488 
0.108441 
0.175325 
0.16036 
0.0836091 
0.0788898 
0.108516 
0.0738527 
0.0588654 
0.0513476 
0.104692 
0.0686016 
0.0722969 
0.0379176 
0.0919479 
0.110157 
0.118973 
0.064688 
0.047835 
0.0314203 
0.0627884 
0.129036 
0.126768 
0.103668 
0.134537 
0.124399 
0.116356 
0.0810615 
0.0805233 
0.0725773 
0.0579202 
0.0685759 
0.0952031 
0.0822849 
0.0907989 
0.101162 
0.151987 
0.131191 
0.0751392 
0.0596749 
0.0348617 
0.082734 
0.0762658 
0.0427145 
0.0426294 
0.0554837 
0.0866735 
0.12988 
0.120193 
0.109288 
0.0353411 
0.0162403 
0.0300688 
0.0195559 
0.049913 
0.0316696 
0.0345451 
0.0761796 
0.0345556 
0.0220051 
0.08121 
0.110456 
0.0959369 
0.108565 
0.137726 
0.132041 
0.12182 
0.120567 
0.0939236 
0.090235 
0.0981592 
0.0533015 
0.0536242 
0.0609149 
0.0695357 
0.16591 
0.107217 
0.146608 
0.133412 
0.14207 
0.119015 
0.03521 
0.0906835 
0.0596802 
0.0601685 
0.0506276 
0.0761086 
0.119308 
0.0820945 
0.06966 
0.143123 
0.134705 
0.0692245 
0.095583 
0.0757621 
0.160412 
0.0866499 
0.0701835 
0.0581188 
0.0486242 
0.0475035 
0.0174978 
0.0400136 
0.0751249 
0.0371355 
0.0784622 
0.0335283 
0.107448 
0.114692 
0.101743 
0.119275 
0.124746 
0.155001 
0.0917278 
0.0557955 
0.0132245 
0.0428969 
0.0746478 
0.0643152 
0.0696149 
0.0595317 
0.0844658 
0.099452 
0.144201 
0.161856 
0.141653 
0.102801 
0.0994575 
0.0650968 
0.0428576 
0.102863 
0.0706933 
0.0922847 
0.0697258 
0.0652032 
0.0726257 
0.0832907 
0.0877188 
0.11655 
0.0799695 
0.0886332 
0.13603 
0.123418 
0.154185 
0.166681 
0.0993443 
0.0659983 
0.100263 
0.0432772 
0.0397062 
0.0329388 
0.0551294 
0.0534905 
0.0591221 
0.0747397 
0.0916176 
0.0728331 
0.0712434 
0.0790983 
0.0513097 
0.0276729 
0.0356205 
0.0491425 
0.0473268 
0.0698781 
0.134406 
0.0894294 
0.0716523 
0.0723359 
0.0878683 
0.105946 
0.119069 
0.0930159 
0.114282 
0.170852 
0.102862 
0.106959 
0.0944979 
0.121695 
0.115005 
0.114229 
0.109446 
0.0859635 
0.0874496 
0.100176 
0.114832 
0.105984 
0.116378 
0.0753553 
0.0671649 
0.106903 
0.105288 
0.123803 
0.0717572 
0.0427187 
0.0735751 
0.131175 
0.0786292 
0.0831157 
0.0451694 
0.0807534 
0.076161 
0.136204 
0.138639 
0.0753172 
0.0964222 
0.0703076 
0.0329475 
0.0414479 
0.0763586 
0.0836084 
0.11068 
0.106389 
0.126956 
0.132325 
0.113199 
0.0622887 
0.0679735 
0.103557 
0.136834 
0.0839317 
0.0839847 
0.0510987 
0.0413442 
0.0659325 
0.0649636 
0.105779 
0.111346 
0.0986894 
0.106316 
0.116726 
0.098939 
0.0752215 
0.137145 
0.0963549 
0.106174 
