0
0.167429 
0.122845 
0.0952825 
0.210106 
0.0826799 
0.154113 
0.175641 
0.127303 
0.143863 
0.151288 
0.0985161 
0.0698214 
0.0996318 
0.0999797 
0.0475516 
0.104586 
0.176067 
0.106635 
0.1018 
0.0963144 
0.102905 
0.0907085 
0.119697 
0.140365 
0.117212 
0.120225 
0.131123 
0.102686 
0.088128 
0.0953096 
0.100551 
0.125743 
0.102451 
0.0928936 
0.130847 
0.120125 
0.114916 
0.0623327 
0.0471138 
0.0902779 
0.0672514 
0.106059 
0.076519 
0.111142 
0.0509733 
0.0900599 
0.0996127 
0.029591 
0.0768425 
0.0737443 
0.101851 
0.0575623 
0.0590945 
0.098691 
0.11453 
0.129932 
0.0613389 
0.10738 
0.0410387 
0.0462127 
0.0587721 
0.106913 
0.0386249 
0.0631655 
0.0729051 
0.055996 
0.0988212 
0.0552389 
0.0167535 
0.0782361 
0.0496121 
0.106142 
0.0804825 
0.0697658 
0.0772603 
0.0492515 
0.0597477 
0.047693 
0.0669096 
0.0608268 
0.0726147 
0.128802 
0.0386532 
0.0947199 
0.04151 
0.0675758 
0.0495154 
0.0932338 
0.0636566 
0.0589455 
0.0478765 
0.0876809 
0.121123 
0.117007 
0.0945457 
0.101039 
0.0864349 
0.0860782 
0.0286911 
0.0630281 
0.0507719 
0.108208 
0.0940646 
0.0801334 
0.0741638 
0.0948301 
0.115327 
0.0529107 
0.0678815 
0.130605 
0.120861 
0.0977203 
0.0865369 
0.0927721 
0.0937518 
0.10185 
0.0492048 
0.0913781 
0.0892592 
0.100772 
0.0852516 
0.0496159 
0.0517277 
0.11328 
0.09028 
0.0843213 
0.0767245 
0.10043 
0.116218 
0.0955655 
0.138395 
0.171751 
0.14596 
0.0840605 
0.0672304 
0.0612147 
0.131055 
0.144033 
0.117466 
0.0858264 
0.153217 
0.110099 
0.0822584 
0.0919896 
0.205728 
0.232572 
0.152509 
0.129637 
0.141226 
0.0841951 
0.0859019 
0.114539 
0.0459964 
0.0712251 
0.0840379 
0.11822 
0.120364 
0.172612 
0.158356 
0.078828 
0.0828379 
0.153357 
0.12626 
0.18817 
0.164333 
0.102702 
0.113656 
0.042826 
0.130462 
0.154275 
0.168307 
0.124485 
0.0669986 
0.0790528 
0.0802892 
0.104118 
0.110269 
0.0803606 
0.0614266 
0.121613 
0.0898124 
0.108989 
0.137769 
0.147081 
0.0806808 
0.186496 
0.154051 
0.181193 
0.121045 
0.13303 
0.119326 
0.0640526 
0.0776501 
0.121007 
0.134522 
0.0881896 
0.0642065 
0.11151 
0.0867086 
0.0624009 
0.0265127 
0.0934577 
0.146128 
0.102408 
0.0631893 
0.0695192 
0.0971258 
0.144944 
0.171611 
0.110362 
0.225123 
0.148083 
0.101066 
0.177094 
0.084778 
0.0688886 
0.0774356 
0.10491 
0.130671 
0.12524 
0.156836 
0.139275 
0.174632 
0.143525 
0.0714759 
0.0868761 
0.130425 
0.136817 
0.0961955 
0.108845 
0.122449 
0.130072 
0.0972151 
0.0911529 
0.393761 
0.485107 
0.10214 
0.119755 
0.0855635 
0.193811 
0.150455 
0.138727 
0.111614 
0.130754 
0.0899474 
0.0732481 
0.136521 
0.111269 
0.0867872 
0.189514 
0.120155 
0.0663486 
0.0969078 
0.0879261 
0.134289 
0.164615 
0.0921117 
0.0812333 
0.0824682 
0.0700286 
0.0758797 
0.0862861 
0.116552 
0.0684622 
0.151856 
0.119413 
0.161269 
0.180817 
0.106711 
0.129698 
0.071191 
0.0920167 
0.181199 
0.139508 
0.150634 
0.0951705 
0.158035 
0.134997 
0.118811 
0.130919 
0.152966 
0.0720351 
0.0458946 
0.101607 
0.0926006 
0.0811921 
0.0961653 
0.0728033 
0.0846761 
0.0907408 
0.110745 
0.103227 
0.120034 
0.0484926 
0.0904884 
0.0599182 
0.103373 
0.0779438 
0.114167 
