0
0.105414 
0.0573275 
0.129718 
0.0550969 
0.0725116 
0.0715594 
0.0798554 
0.0790041 
0.101064 
0.271193 
0.0958689 
0.251364 
0.14941 
0.10882 
0.0886299 
0.113863 
0.18253 
0.0823824 
0.03399 
0.0461683 
0.0743819 
0.085916 
0.0400015 
0.036527 
0.103036 
0.0770836 
0.137073 
0.143931 
0.075975 
0.0993544 
0.102309 
0.0847055 
0.0538025 
0.0458674 
0.0287849 
0.0477383 
0.0345174 
0.107847 
0.102916 
0.0931131 
0.0734769 
0.132176 
0.0851601 
0.0815195 
0.0614374 
0.0859335 
0.0376403 
0.0851388 
0.0591747 
0.0512244 
0.119978 
0.0674845 
0.107331 
0.05359 
0.0663668 
0.0725028 
0.071396 
0.0643476 
0.0373255 
0.058297 
0.032406 
0.0473465 
0.0876429 
0.0575163 
0.0430233 
0.0536017 
0.0833254 
0.228024 
0.0955033 
0.204025 
0.0672641 
0.0710183 
0.0406364 
0.0361527 
0.0882808 
0.0508215 
0.0625787 
0.110685 
0.0629739 
0.124437 
0.0516199 
0.0258212 
0.0470603 
0.0686676 
0.0896163 
0.0542582 
0.0512336 
0.0500216 
0.0709428 
0.0637221 
0.0420912 
0.066147 
0.0537199 
0.060414 
0.0279728 
0.086738 
0.14215 
0.174716 
0.136831 
0.0728621 
0.115769 
0.0324592 
0.0425214 
0.036736 
0.03192 
0.0995195 
0.0742045 
0.0656853 
0.0703802 
0.106005 
0.053213 
0.135477 
0.101062 
0.0455845 
0.0417723 
0.0311684 
0.0505114 
0.137061 
0.0591073 
0.0459078 
0.0563593 
0.0575876 
0.0799034 
0.0538158 
0.0685271 
0.0465672 
0.0380119 
0.0596975 
0.0533351 
0.114955 
0.0549515 
0.0455732 
0.0802562 
0.123011 
0.125362 
0.0307532 
0.0488689 
0.0726166 
0.321109 
0.166498 
0.199781 
0.133919 
0.12367 
0.0986971 
0.107729 
0.0686331 
0.160465 
0.0962489 
0.0996586 
0.100926 
0.0727801 
0.0460185 
0.0808685 
0.0849072 
0.0939744 
0.0303095 
0.145223 
0.0837342 
0.109377 
0.110385 
0.0806653 
0.0821508 
0.074154 
0.0718609 
0.0407603 
0.0798525 
0.150951 
0.0867422 
0.0795203 
0.265151 
0.175676 
0.109148 
0.0603163 
0.0914588 
0.0931233 
0.0598492 
0.147442 
0.0805334 
0.0894894 
0.0484662 
0.103864 
0.0439409 
0.033553 
0.0678744 
0.0652057 
0.0478797 
0.104301 
0.139314 
0.0659245 
0.0608522 
0.0437346 
0.0891189 
0.0641163 
0.0378147 
0.0820233 
0.178023 
0.166317 
0.0751475 
0.0938768 
0.056449 
0.0818312 
0.0767323 
0.0325082 
0.0683993 
0.0474319 
0.0776225 
0.0436317 
0.0767333 
0.0275069 
0.0570904 
0.109898 
0.029302 
0.0308379 
0.0492167 
0.0976961 
0.075968 
0.0521257 
0.0455886 
0.0522198 
0.270407 
0.16047 
0.252487 
0.0808622 
0.0905657 
0.0516655 
0.0741396 
0.0294182 
0.107323 
0.0835959 
0.0395412 
0.0556242 
0.115044 
0.109393 
0.0539775 
0.0610832 
0.0812443 
0.0931849 
0.0745453 
0.0925756 
0.105352 
0.132159 
0.116215 
0.0471165 
0.0436082 
0.039148 
0.0634028 
0.0581638 
0.0657751 
0.0366632 
0.0595029 
0.0660516 
0.0815117 
0.130555 
0.0950639 
0.107863 
0.0480393 
0.0936701 
0.094838 
0.0641548 
0.0675786 
0.164846 
0.413721 
0.456535 
0.175067 
0.204623 
0.11346 
0.116599 
0.075108 
0.109741 
0.149535 
0.0998818 
0.111268 
0.0384858 
0.110913 
0.0960887 
0.0363005 
0.0592089 
0.0710904 
0.0950319 
0.0708487 
0.0277591 
0.0541266 
0.0539843 
0.0536654 
0.0718623 
0.0322249 
0.0245182 
0.260446 
0.197885 
0.321032 
0.0993886 
0.103529 
0.0931452 
0.0974398 
0.0667337 
0.0987827 
0.0906822 
0.0339678 
0.238168 
