0
0.0894734 
0.383338 
0.293545 
0.154589 
0.172915 
0.0871022 
0.0442015 
0.0627934 
0.0619368 
0.0577862 
0.062718 
0.0432481 
0.0436159 
0.0137704 
0.076779 
0.0590355 
0.0856915 
0.0576428 
0.032065 
0.0872258 
0.0766866 
0.0215045 
0.0963874 
0.0738955 
0.0713513 
0.0629489 
0.0814021 
0.0270758 
0.0698388 
0.0885142 
0.0202225 
0.106693 
0.044423 
0.0761974 
0.0506045 
0.0318991 
0.022263 
0.0306249 
0.0209731 
0.0446935 
0.0749493 
0.0323294 
0.0368132 
0.0247416 
0.0462957 
0.0273679 
0.243925 
0.200995 
0.116767 
0.0926108 
0.087512 
0.060379 
0.0565935 
0.049052 
0.0171959 
0.0767815 
0.0258121 
0.0220962 
0.0651237 
0.0253425 
0.0236859 
0.044166 
0.0574196 
0.0773592 
0.0611317 
0.0236213 
0.0508787 
0.0528824 
0.0520031 
0.0447828 
0.103079 
0.0809914 
0.0333531 
0.0775189 
0.0308778 
0.0602356 
0.0477259 
0.0589413 
0.0917132 
0.077602 
0.0662919 
0.0414425 
0.0291884 
0.0256497 
0.0887258 
0.0665278 
0.0701153 
0.0337812 
0.0295191 
0.0493595 
0.0802784 
0.151272 
0.185188 
0.0631111 
0.058053 
0.0576798 
0.0600511 
0.0667831 
0.0666334 
0.0607647 
0.0720051 
0.0344188 
0.0516026 
0.047276 
0.044647 
0.0388045 
0.078518 
0.0713581 
0.0622303 
0.0382689 
0.0468283 
0.0272489 
0.0681031 
0.106793 
0.0634674 
0.0545376 
0.0646845 
0.0916168 
0.204713 
0.150134 
0.0346591 
0.0333065 
0.0470188 
0.0432894 
0.050593 
0.0532066 
0.055109 
0.0331049 
0.0476159 
0.0249114 
0.0387237 
0.0520291 
0.0472685 
0.0888429 
0.0668904 
0.0375586 
0.0644882 
0.0363127 
0.180355 
0.126404 
0.209683 
0.11806 
0.0926281 
0.0711633 
0.0954389 
0.170598 
0.113725 
0.121658 
0.0763783 
0.395393 
0.233181 
0.133542 
0.128184 
0.381921 
0.332662 
0.356766 
0.357911 
0.105789 
0.11651 
0.11224 
0.0431995 
0.175144 
0.0907398 
0.100856 
0.0956266 
0.188732 
0.131158 
0.194724 
0.0666686 
0.0528793 
0.053449 
0.16045 
0.051423 
0.0761274 
0.0941988 
0.145701 
0.160308 
0.132384 
0.128286 
0.0510615 
0.081006 
0.0359395 
0.0394147 
0.0816998 
0.183415 
0.0989202 
0.0898575 
0.0436438 
0.171097 
0.148494 
0.0528967 
0.0597799 
0.05287 
0.0415423 
0.0810482 
0.0559073 
0.11332 
0.11204 
0.145488 
0.122715 
0.106972 
0.0729557 
0.0663374 
0.115114 
0.0749734 
0.289896 
0.526752 
0.309007 
0.139829 
0.524883 
0.407374 
0.184498 
0.144503 
0.871446 
0.103654 
0.0854621 
0.0933965 
0.0690645 
0.074875 
0.119173 
0.0920571 
0.0563588 
0.27515 
0.184643 
0.147904 
0.152927 
0.0597286 
0.0512912 
0.0498702 
0.0963564 
0.104187 
0.0744194 
0.0886028 
0.0816798 
0.0637353 
0.0405222 
0.0359603 
0.0648025 
0.0965024 
0.0657809 
0.0783862 
0.0815052 
0.0589525 
0.157272 
0.0936725 
0.0782091 
0.0262086 
0.0991164 
0.0618469 
0.082618 
0.0827922 
0.0836749 
0.0457841 
0.0511731 
0.0739437 
0.133005 
0.047808 
0.0585513 
0.0864731 
0.0764707 
0.0703076 
0.0839769 
0.0695401 
0.0368537 
0.0611797 
0.0719362 
0.0766213 
0.117262 
0.0679356 
0.0757767 
0.0528096 
0.0530364 
0.0988172 
0.0911379 
0.0607037 
0.296584 
0.379929 
0.214742 
0.291193 
0.0905978 
0.0848903 
0.103087 
0.0528499 
0.0858083 
0.281955 
0.344087 
0.177525 
0.104768 
0.0488101 
0.0758702 
0.174984 
0.295432 
0.122383 
0.055006 
0.145214 
0.078682 
0.261504 
0.206464 
0.272512 
