0
0.136829 
0.154043 
0.04964 
0.135898 
0.0535045 
0.0513926 
0.106085 
0.133122 
0.0674359 
0.0793601 
0.122226 
0.10585 
0.0671141 
0.0904979 
0.125365 
0.0589353 
0.11833 
0.142416 
0.0801174 
0.0826275 
0.0996673 
0.0407337 
0.179138 
0.0623938 
0.0688144 
0.127577 
0.122553 
0.0686641 
0.0736478 
0.0294773 
0.147181 
0.136809 
0.109025 
0.0811777 
0.0680127 
0.0703122 
0.143581 
0.0900363 
0.135744 
0.134622 
0.136876 
0.0504974 
0.0686306 
0.0724588 
0.0841432 
0.100066 
0.247798 
0.103207 
0.536504 
0.537358 
0.299835 
0.153174 
0.0562299 
0.172895 
0.115977 
0.160407 
0.148235 
0.148445 
0.134155 
0.116851 
0.0685315 
0.0972516 
0.111101 
0.121309 
0.0799551 
0.181894 
0.124659 
0.142421 
0.148187 
0.0728697 
0.0648798 
0.103483 
0.379403 
0.290178 
0.186738 
0.0474845 
0.122361 
0.0935142 
0.0601962 
0.104936 
0.357535 
0.238388 
0.0905955 
0.0928096 
0.061219 
0.0639952 
0.0789669 
0.0619507 
0.02791 
0.0866878 
0.0799433 
0.102672 
0.131905 
0.122114 
0.105634 
0.150558 
0.163107 
0.14293 
0.0454222 
0.0670072 
0.0549453 
0.106554 
0.209429 
0.352221 
0.21576 
0.143412 
0.0932186 
0.108332 
0.123405 
0.0942445 
0.0869734 
0.201349 
0.177756 
0.12522 
0.172868 
0.0974328 
0.109933 
0.0916184 
0.253623 
0.206268 
0.0677088 
0.0850051 
0.110313 
0.145304 
0.0840523 
0.0628152 
0.101463 
0.126518 
0.114884 
0.118993 
0.0521443 
0.0674192 
0.0517708 
0.0665423 
0.114935 
0.145515 
0.203025 
0.10187 
0.0712352 
0.185394 
0.139266 
0.0688725 
0.107134 
0.0918632 
0.0708259 
0.0660449 
0.101613 
0.0821952 
0.107058 
0.198583 
0.188665 
1.48541 
1.71387 
1.50073 
0.209357 
0.301694 
0.189966 
0.048524 
0.219985 
0.134225 
0.254298 
0.087479 
0.132848 
0.192408 
0.19874 
0.261999 
0.0892697 
0.0716912 
0.0537048 
0.0938004 
0.212862 
0.170784 
0.183858 
0.120383 
0.240607 
0.0808302 
0.253133 
0.0697249 
0.115229 
0.167289 
0.1992 
0.282827 
0.16324 
0.0957614 
0.084224 
0.110922 
0.205252 
0.134829 
0.191701 
0.167839 
0.0938289 
0.118925 
0.0868423 
0.138146 
0.188432 
0.115429 
0.156294 
0.178049 
0.11026 
0.310275 
0.294825 
0.130196 
0.0802565 
0.0462735 
0.107684 
0.0595634 
0.100486 
0.156852 
0.189996 
0.0832906 
0.180399 
0.433387 
1.03886 
0.699151 
0.393216 
0.158238 
0.182483 
0.26563 
0.151703 
0.195965 
0.412137 
0.153194 
0.142839 
0.116129 
0.20645 
0.0765082 
0.141749 
0.224312 
0.166539 
0.198054 
0.0678762 
0.19003 
0.169313 
0.658219 
0.348862 
0.455908 
0.443802 
0.448357 
0.333667 
