0
0.406247 
0.354637 
0.150227 
0.0719374 
0.61276 
0.179207 
0.191089 
0.158884 
0.151198 
0.101407 
0.126632 
0.0889625 
0.304146 
0.156298 
0.0760985 
0.116349 
0.13307 
0.0964104 
0.119168 
0.055307 
0.100225 
0.0662175 
0.10596 
0.190872 
0.092115 
0.130172 
0.0792359 
0.0565056 
0.076474 
0.100187 
0.0717746 
0.064611 
0.0556735 
0.133592 
0.06823 
0.129001 
0.0351025 
0.090689 
0.068118 
0.124022 
0.159665 
0.143466 
0.062552 
0.0971055 
0.120493 
0.154604 
0.266775 
0.108465 
0.131585 
0.084101 
0.0780125 
0.178779 
0.135677 
0.141361 
0.0737289 
0.275853 
0.216487 
0.121218 
0.187774 
0.216311 
0.249674 
0.610555 
0.328932 
0.0624809 
0.0552514 
0.111794 
0.436105 
0.434677 
0.179663 
0.115623 
0.0836122 
0.173484 
0.0730088 
0.11827 
0.123341 
0.111342 
0.130429 
0.22109 
0.0671581 
0.103488 
0.11526 
0.157864 
0.596551 
0.418296 
0.40817 
0.156664 
0.0916119 
0.104073 
0.0705029 
0.114075 
0.127339 
0.081259 
0.0907317 
0.0574972 
0.11477 
0.107093 
0.0641176 
0.163937 
0.33751 
0.238836 
0.0704949 
0.15586 
0.172993 
0.199684 
1.34036 
1.54836 
0.3379 
1.21811 
0.279874 
0.216111 
0.0654307 
0.082957 
0.126867 
0.105004 
0.178326 
0.2995 
0.219923 
0.198665 
0.197863 
0.269588 
0.485813 
0.294725 
0.100645 
0.125387 
0.0882606 
0.202679 
0.117234 
0.157587 
0.119518 
0.0958078 
0.133037 
0.417212 
0.149131 
0.187897 
0.402178 
0.388913 
0.329191 
0.285188 
0.487292 
0.276794 
0.465773 
0.151083 
0.213502 
0.209284 
0.0912406 
0.132463 
0.128767 
0.221292 
0.135295 
0.371212 
0.0862126 
0.0988074 
0.136763 
0.0994928 
0.14079 
0.100586 
0.119459 
0.0561961 
0.060105 
0.0502954 
0.0784135 
0.115463 
0.0119267 
0.0709329 
0.089013 
0.382777 
0.178304 
0.175133 
0.168081 
0.306106 
0.204175 
0.11323 
0.270212 
0.381433 
0.272388 
0.179846 
0.0986828 
0.235607 
0.483019 
0.422166 
0.175966 
0.179289 
0.0724358 
0.295697 
0.168401 
0.071481 
0.442765 
0.351851 
0.140878 
0.172987 
0.0555944 
0.149145 
0.398049 
0.0831554 
0.336728 
0.748991 
0.341278 
0.0729662 
0.139858 
0.518853 
0.309749 
0.180684 
0.176166 
0.658671 
1.11194 
1.18709 
1.0894 
0.469991 
0.388197 
0.389202 
1.24553 
0.524617 
0.705128 
0.373653 
0.516648 
0.66678 
0.236703 
0.391273 
0.199273 
0.15623 
0.0874497 
0.0462743 
0.992694 
3.4278 
2.39372 
0.999286 
0.753734 
0.267649 
0.145461 
0.442811 
0.770675 
0.684946 
0.386897 
0.107837 
0.527436 
0.314854 
0.33855 
0.254701 
0.216042 
