0
0.0521553 
0.0613681 
0.0805901 
0.0579214 
0.0527111 
0.0302658 
0.0894577 
0.0992986 
0.0717955 
0.0930616 
0.0445017 
0.081623 
0.0680864 
0.141683 
0.191753 
0.187412 
0.177684 
0.0902301 
0.0882565 
0.0741308 
0.0653408 
0.0824593 
0.0881543 
0.14387 
0.193756 
0.238032 
0.0886693 
0.0984838 
0.0132889 
0.0266035 
0.0502804 
0.0640777 
0.0613655 
0.110217 
0.0712327 
0.107735 
0.0813215 
0.193842 
0.126131 
0.117108 
0.117408 
0.201348 
0.145156 
0.178772 
0.128307 
0.128449 
0.157765 
0.133035 
0.134733 
0.138798 
0.0651836 
0.107417 
0.0519901 
0.0401579 
0.0864285 
0.11126 
0.116889 
0.109122 
0.102823 
0.111371 
0.0660235 
0.0718629 
0.0958042 
0.392107 
0.192126 
0.2939 
0.152494 
0.0931912 
0.0786017 
0.459375 
0.438088 
0.111993 
0.0874621 
0.072868 
0.033192 
0.038688 
0.0627777 
0.103211 
0.0996848 
0.0335279 
0.0837788 
0.042204 
0.0530133 
0.0383743 
0.112805 
0.115596 
0.106631 
0.0897268 
0.215784 
0.310159 
0.201779 
0.224805 
0.118504 
0.0855819 
0.0747217 
0.0322865 
0.107054 
0.205269 
0.16029 
0.074811 
0.0615536 
0.13288 
0.0984562 
0.019548 
0.0380715 
0.0633071 
0.132857 
0.078028 
0.0372152 
0.0839636 
0.0631307 
0.139648 
0.193386 
0.138458 
0.0798491 
0.0237418 
0.0440581 
0.0376021 
0.0586104 
0.0118024 
0.0215207 
0.201517 
0.113643 
0.111458 
0.057 
0.0258039 
0.0868801 
0.336153 
0.242933 
0.107896 
0.0588373 
0.0302461 
0.0752906 
0.0761679 
0.054992 
0.0420126 
0.0657007 
0.0793832 
0.0493333 
0.0365541 
0.0598225 
0.296608 
0.112624 
0.0543296 
0.0278566 
0.0768004 
0.0931193 
0.0793766 
0.0804016 
0.0689283 
0.0659299 
0.0409241 
0.0932493 
0.343788 
0.389206 
0.115893 
0.1572 
0.0698564 
0.0464644 
0.0562164 
0.0352133 
0.0864876 
0.0468846 
0.0374752 
0.650878 
1.22621 
0.391607 
0.0787 
0.157252 
0.159151 
0.904814 
0.106317 
0.0971877 
0.0774895 
0.0633307 
0.100761 
0.369665 
0.181708 
0.0875515 
0.159525 
0.0897363 
0.0788353 
0.0664377 
0.0435622 
0.0911638 
0.105413 
0.178158 
0.142285 
0.0873246 
0.0686547 
0.0673406 
0.0455157 
0.0366582 
0.0248184 
0.0765977 
0.0895246 
0.0364476 
0.128689 
0.131115 
0.129482 
0.129661 
0.0446756 
0.0620359 
0.0855059 
0.479105 
0.433372 
0.177104 
0.12482 
0.0674506 
0.0692538 
0.102991 
0.0341097 
0.0412502 
0.0542162 
0.0855254 
0.151248 
0.0578607 
0.0545385 
0.045067 
0.099584 
0.0609331 
0.0588948 
0.0492193 
0.072318 
0.0707366 
0.0566025 
0.0872251 
0.0638437 
0.0868035 
0.0889363 
0.114152 
0.0795047 
0.0724717 
0.105887 
0.0860742 
0.0768788 
0.0935086 
0.0275058 
0.0481198 
