0
0.157139 
0.26792 
0.224247 
0.340695 
0.129088 
0.16004 
0.3532 
0.24411 
0.103791 
0.204642 
0.210551 
0.179502 
0.0975839 
0.227016 
0.336253 
0.109724 
0.21557 
0.213764 
0.130903 
0.151314 
0.287258 
0.21055 
0.098343 
0.201597 
0.176529 
0.0616178 
0.117267 
0.164855 
0.0981141 
0.102771 
0.173114 
0.200625 
0.0890098 
0.231763 
0.218316 
0.115034 
0.14845 
0.206547 
0.141669 
0.20002 
0.138343 
0.243253 
0.172748 
0.308029 
0.235014 
0.128668 
0.101694 
0.11676 
0.173664 
0.272728 
0.186365 
0.256539 
0.168189 
0.228791 
0.124632 
0.229032 
0.247812 
0.134573 
0.117124 
0.246115 
0.143253 
0.205533 
0.25301 
0.135417 
0.156263 
0.331353 
0.172145 
0.2196 
0.158935 
0.232746 
0.121741 
0.225843 
0.189982 
0.178221 
0.302409 
0.376418 
0.322592 
0.189261 
0.164161 
0.301097 
0.272236 
0.381839 
0.425042 
0.167056 
0.196551 
0.20897 
0.0805981 
0.225529 
0.175979 
0.217589 
0.0859268 
0.221297 
0.116347 
0.205298 
0.178902 
0.194486 
0.18365 
0.058496 
0.176022 
0.0626969 
0.196773 
0.135458 
0.218607 
0.171285 
0.161727 
0.425248 
0.209622 
0.121268 
0.302871 
0.668177 
0.178475 
0.277618 
0.239517 
0.476236 
0.134713 
0.193515 
0.154126 
0.212122 
0.192335 
0.257239 
0.235178 
0.388714 
0.0609356 
0.459689 
0.532308 
0.39512 
0.149158 
0.178077 
0.316668 
0.0855169 
0.158185 
0.267384 
0.373093 
0.579276 
0.631913 
0.259472 
0.167393 
0.197272 
0.178204 
0.0904022 
0.119049 
0.462035 
0.354233 
0.206855 
0.182471 
0.126793 
0.293283 
0.209183 
0.302669 
0.287966 
0.121692 
0.249068 
0.121858 
0.0954391 
0.160487 
0.152667 
0.142253 
0.0690404 
0.0394794 
0.424414 
0.395063 
0.382686 
0.253781 
0.0692432 
0.144905 
0.0751834 
0.090231 
0.0861918 
0.233095 
0.189583 
0.106419 
0.15337 
0.127975 
0.245758 
0.154526 
0.154141 
0.207689 
0.152774 
0.194345 
0.242275 
0.321427 
0.317127 
0.240383 
0.0821551 
0.145072 
0.127484 
0.122679 
0.129193 
0.167833 
0.144195 
0.0600009 
0.0704903 
0.0452821 
0.240395 
0.440643 
0.217288 
0.104695 
0.168161 
0.415449 
0.338398 
0.308612 
0.221503 
0.142128 
0.306887 
0.239599 
0.234878 
0.1382 
0.061345 
0.0847069 
0.0916346 
0.161434 
0.091285 
0.0602173 
0.15363 
0.328446 
0.284445 
0.2393 
0.156095 
0.181047 
0.111883 
0.148412 
0.0928922 
0.213679 
0.093374 
0.117218 
0.288057 
0.539397 
0.307502 
0.53964 
0.218999 
0.121321 
0.196989 
0.100909 
0.149066 
0.0632984 
0.0970355 
0.075026 
0.229751 
0.262385 
