0
0.389833 
0.200287 
0.270764 
0.111198 
0.185166 
0.0485351 
0.0952251 
0.0569487 
0.110655 
0.132312 
0.11588 
0.139619 
0.104933 
0.176905 
0.182606 
0.0527626 
0.0561723 
0.0934299 
0.116207 
0.0910145 
0.123345 
0.140638 
0.167326 
0.079821 
0.1036 
0.0514695 
0.130519 
0.120179 
0.144493 
0.16881 
0.185096 
0.272581 
0.153185 
0.192717 
0.216636 
0.139791 
0.0585516 
0.290868 
0.173364 
0.0629315 
0.0863806 
0.0791735 
0.615465 
0.361348 
0.26207 
0.315926 
0.255593 
0.193776 
0.1696 
0.116683 
0.13082 
0.0838751 
0.120287 
1.49311 
0.403273 
0.274699 
0.121162 
0.112897 
0.100331 
0.0594526 
0.0816179 
0.0477114 
0.0513638 
0.0702333 
0.07167 
0.121002 
0.0557112 
0.138359 
0.29881 
0.281601 
0.343218 
0.154851 
0.160584 
0.299748 
0.154065 
0.144882 
0.402557 
0.105013 
0.101931 
0.139429 
0.135614 
0.0930491 
0.0557202 
0.0659588 
0.0327108 
0.0226966 
0.0798762 
0.0360568 
0.184866 
0.388997 
0.280336 
0.152261 
0.14295 
0.108187 
0.13199 
0.125716 
0.225369 
0.18107 
0.724267 
0.310083 
0.292442 
0.11276 
0.125759 
0.124908 
0.185595 
0.09747 
0.189204 
0.182563 
0.177627 
0.0589748 
0.102962 
0.132553 
0.0543849 
0.0485785 
0.0690866 
0.25224 
0.154925 
0.243981 
0.404198 
0.106803 
0.220578 
0.0608244 
0.109298 
0.0869846 
0.15191 
0.239447 
0.237832 
0.24919 
0.081745 
0.105571 
0.159287 
0.325557 
0.0884594 
0.170386 
0.0810762 
0.101045 
0.104609 
0.0735954 
0.0889392 
0.102075 
0.0926746 
0.124959 
0.167995 
0.103479 
0.149142 
0.232152 
1.15687 
0.707458 
1.04679 
0.235502 
0.19255 
0.193657 
0.271486 
0.225874 
0.312078 
0.165405 
0.178541 
0.144792 
0.0870039 
0.252787 
0.252106 
0.200495 
0.351183 
0.198857 
0.574382 
0.229209 
0.217424 
0.170845 
0.0978061 
0.140694 
0.0454565 
0.252795 
0.305237 
0.24802 
0.106554 
0.0686217 
0.710852 
1.09848 
2.60034 
0.857694 
1.24342 
1.10611 
0.444908 
0.194457 
0.123856 
0.148486 
1.01133 
0.661349 
1.16737 
0.311699 
0.425466 
0.372565 
0.10918 
0.126462 
0.213054 
0.0723729 
0.125106 
0.105458 
0.041143 
0.0498535 
0.0663721 
0.046345 
0.160765 
0.128888 
0.0707466 
0.057751 
0.123044 
0.234887 
0.117255 
0.116231 
0.122079 
0.110808 
0.322838 
0.357952 
0.145064 
0.0911855 
0.142102 
0.0958644 
0.151285 
0.14651 
0.123208 
0.16846 
0.175608 
0.185486 
0.39155 
0.549348 
0.167213 
0.233913 
0.179158 
0.0448255 
0.117187 
0.13571 
0.179805 
0.187669 
2.49886 
1.71708 
0.903861 
0.587186 
3.18584 
