0
0.194131 
0.167578 
0.154886 
0.283996 
0.24137 
0.217287 
0.062028 
0.2185 
0.0733142 
0.135292 
0.1805 
0.0338376 
0.210016 
0.149488 
0.0943303 
0.151881 
0.125676 
0.158768 
0.108877 
0.0866819 
0.123316 
0.122016 
0.15833 
0.104952 
0.0878566 
0.179284 
0.229116 
0.0972315 
0.0760652 
0.129781 
0.0822016 
0.0815589 
0.069539 
0.013616 
0.0714552 
0.123216 
0.0651489 
0.138733 
0.208399 
0.112263 
0.0822707 
0.160145 
0.142702 
0.110519 
0.139036 
0.163377 
0.138677 
0.0699445 
0.101766 
0.104933 
0.25715 
0.0827992 
0.124038 
0.16473 
0.205536 
0.11941 
0.117427 
0.119469 
0.158387 
0.158416 
0.0698681 
0.0384786 
0.094767 
0.0957265 
0.112086 
0.0533163 
0.0417604 
0.119371 
0.0568997 
0.101481 
0.039214 
0.0669027 
0.0936601 
0.0586037 
0.072641 
0.125888 
0.139197 
0.0373552 
0.17791 
0.0969595 
0.0574576 
0.107601 
0.150102 
0.16633 
0.138816 
0.0722925 
0.0989174 
0.0374686 
0.0898443 
0.100617 
0.101728 
0.169923 
0.111267 
0.110367 
0.165742 
0.100755 
0.0887372 
0.177608 
0.141477 
0.145165 
0.130986 
0.0484437 
0.0955892 
0.11607 
0.119169 
0.0850455 
0.090886 
0.122674 
0.0396941 
0.0812231 
0.0380759 
0.0729296 
0.0578258 
0.137173 
0.0793007 
0.0819995 
0.096615 
0.0631461 
0.104756 
0.13441 
0.0245429 
0.0603842 
0.0419764 
0.125381 
0.0599834 
0.0638256 
0.0716107 
0.0368154 
0.0772498 
0.0508569 
0.0468968 
0.0386927 
0.100521 
0.080498 
0.14919 
0.0832815 
0.172353 
0.0995844 
0.0740826 
0.183617 
0.105535 
0.097211 
0.0922098 
0.0635341 
0.0552171 
0.0234842 
0.0647136 
0.0277923 
0.0558351 
0.0492207 
0.0608501 
0.0366849 
0.0611577 
0.0663031 
0.0706291 
0.0485629 
0.0976199 
0.104153 
0.0864722 
0.0840784 
0.057803 
0.047178 
0.0586367 
0.0617528 
0.137428 
0.0898318 
0.0808073 
0.0706083 
0.061554 
0.111759 
0.104548 
0.0358463 
0.0579424 
0.0661647 
0.086759 
0.0632804 
0.118735 
0.0751741 
0.0708487 
0.0314898 
0.0207844 
0.119041 
0.0417712 
0.0806406 
0.0720777 
0.0716207 
0.161905 
0.207206 
0.0963374 
0.101337 
0.146482 
0.236853 
0.0959446 
0.0472118 
0.0634575 
0.0819035 
0.0611883 
0.107688 
0.118739 
0.117823 
0.0890447 
0.12101 
0.106583 
0.135564 
0.107901 
0.0735332 
0.097709 
0.143226 
0.0985725 
0.105601 
0.0584651 
0.114066 
0.101091 
0.206512 
0.134939 
0.0575308 
0.0766251 
0.0680223 
0.0409705 
0.0460751 
0.0819731 
0.069975 
0.0470754 
0.114539 
0.178512 
0.152011 
0.0351937 
0.0393489 
0.0261429 
0.0388755 
0.0677362 
0.108009 
0.129309 
0.184356 
0.0553622 
0.0488744 
0.108304 
0.100075 
0.056713 
