0
0.0980986 
0.0795944 
0.149789 
0.167081 
0.0714353 
0.15257 
0.107773 
0.0622123 
0.0581637 
0.060125 
0.137444 
0.159273 
0.0204117 
0.0672121 
0.128418 
0.074961 
0.0461557 
0.135783 
0.147185 
0.131663 
0.0631266 
0.0431323 
0.160031 
0.172267 
0.11646 
0.0416224 
0.108897 
0.122906 
0.158117 
0.171986 
0.104993 
0.0958437 
0.116038 
0.0867079 
0.0590476 
0.0606987 
0.103112 
0.148444 
0.146226 
0.0854401 
0.0457148 
0.037093 
0.130398 
0.152308 
0.164685 
0.171746 
0.196565 
0.168971 
0.0982663 
0.0471072 
0.0288529 
0.0412063 
0.122302 
0.0800445 
0.161595 
0.111079 
0.125307 
0.161993 
0.170072 
0.148449 
0.0836523 
0.060503 
0.152718 
0.102251 
0.0852981 
0.164558 
0.128057 
0.100369 
0.0339534 
0.0460236 
0.0647189 
0.0316128 
0.0377639 
0.0341892 
0.0461081 
0.0677688 
0.039966 
0.125955 
0.105152 
0.0390315 
0.0276106 
0.0588857 
0.0624895 
0.0584969 
0.0611344 
0.0967695 
0.114697 
0.117155 
0.125379 
0.109291 
0.167937 
0.100504 
0.0527353 
0.148283 
0.106524 
0.094493 
0.0982079 
0.113922 
0.159397 
0.173151 
0.1355 
0.0988307 
0.0723737 
0.0635876 
0.0946233 
0.0517292 
0.0664802 
0.0802954 
0.117514 
0.138485 
0.12899 
0.110424 
0.122025 
0.127272 
0.145722 
0.106641 
0.116535 
0.132086 
0.0457675 
0.0733915 
0.0243454 
0.158043 
0.138558 
0.0147531 
0.183248 
0.140991 
0.0925488 
0.163665 
0.0957478 
0.114835 
0.166334 
0.103131 
0.0684629 
0.0600093 
0.071204 
0.105102 
0.144181 
0.154094 
0.147767 
0.0952374 
0.057761 
0.0665995 
0.0651967 
0.0285624 
0.0512911 
0.0635639 
0.0582179 
0.0632695 
0.0235089 
0.0713162 
0.0185336 
0.0388727 
0.0703698 
0.0622522 
0.105116 
0.031926 
0.0364379 
0.022717 
0.03998 
0.0864131 
0.0752441 
0.0741726 
0.095471 
0.0634869 
0.0643849 
0.0313067 
0.0439546 
0.0701929 
0.0552122 
0.0759871 
0.0857602 
0.106423 
0.106291 
0.119307 
0.11307 
0.114557 
0.0621308 
0.0828581 
0.0776889 
0.0943522 
0.123708 
0.130847 
0.0939365 
0.08506 
0.14551 
0.128377 
0.113898 
0.100953 
0.0897168 
0.100483 
0.107388 
0.150372 
0.144575 
0.0653708 
0.0728824 
0.0596783 
0.0282383 
0.0246137 
0.0547353 
0.0845926 
0.0562899 
0.0484972 
0.0285861 
0.0382573 
0.0574057 
0.0307105 
0.0494189 
0.0574118 
0.0171895 
0.0323717 
0.0629321 
0.0586339 
0.0836038 
0.0573394 
0.0286099 
0.0275456 
0.0405484 
0.0485573 
0.0737093 
0.068943 
0.04518 
0.0678444 
0.0721036 
0.0703422 
0.0556182 
0.0416924 
0.0362681 
0.0447981 
0.0496347 
0.0477655 
0.0276464 
0.0288706 
0.0386539 
0.042377 
0.0453916 
0.0373762 
0.0363717 
0.034813 
0.0633081 
