0
0.124248 
0.115202 
0.042372 
0.0555295 
0.13413 
0.0836592 
0.0256651 
0.0298763 
0.0619683 
0.0758452 
0.0453281 
0.129175 
0.0947776 
0.0939518 
0.0382931 
0.0557036 
0.0490567 
0.0927516 
0.0378379 
0.0698065 
0.095245 
0.0612137 
0.0504266 
0.0679511 
0.0746702 
0.0642571 
0.0587068 
0.070925 
0.0807977 
0.0875309 
0.08559 
0.0429082 
0.0436662 
0.0730305 
0.0611124 
0.0472639 
0.0247957 
0.0361059 
0.0591534 
0.110915 
0.12039 
0.136115 
0.0594587 
0.102456 
0.0901423 
0.0634039 
0.0705756 
0.0965069 
0.0960111 
0.110208 
0.146716 
0.077076 
0.0832909 
0.121667 
0.0176924 
0.0733824 
0.108431 
0.0812048 
0.0967229 
0.0407229 
0.0800006 
0.0828544 
0.14974 
0.520004 
0.492667 
0.320315 
1.41379 
1.65115 
2.01779 
0.796233 
1.82528 
1.27136 
0.301524 
0.140301 
0.242206 
0.246828 
0.108002 
0.044891 
0.0489805 
0.0326639 
0.050961 
0.0733032 
0.0784728 
0.0543021 
0.101573 
0.387329 
0.504335 
0.262062 
0.0898908 
0.336004 
0.279835 
0.128785 
0.0974085 
0.132313 
0.116054 
0.100487 
0.313861 
0.0999494 
0.0910887 
0.0785185 
0.0847073 
0.0831673 
0.058711 
0.0785846 
0.0545361 
0.0475831 
0.0872606 
0.080863 
0.0993965 
0.0913567 
0.0389933 
0.0587122 
0.0782114 
0.0837492 
0.0260412 
0.0330364 
0.0365811 
0.0407422 
0.102112 
0.0424396 
0.0557428 
0.0746653 
0.0598779 
0.136659 
0.0790593 
0.109767 
0.0646653 
0.069346 
0.0788373 
0.0648784 
0.0772907 
0.134642 
0.0787982 
0.108927 
0.0827923 
0.156991 
0.109294 
0.0967189 
0.0784484 
0.0544425 
0.0450065 
0.0810288 
0.088884 
0.0501581 
0.0666641 
0.0799201 
0.110394 
0.0685149 
0.106209 
0.0686247 
0.0959495 
0.0913967 
0.0396027 
0.0776603 
0.0701544 
0.0819218 
0.0616827 
0.0513576 
0.0527304 
0.16199 
0.0937732 
0.0710567 
0.117371 
0.0719558 
0.0409916 
0.0235859 
0.0736727 
0.0637818 
0.0614398 
0.0267551 
0.058031 
0.0594363 
0.0505554 
0.0545581 
0.0849999 
0.0799642 
0.0606756 
0.0646858 
0.0551888 
0.0761542 
0.0946874 
0.0375932 
0.0830811 
0.038156 
0.0528709 
0.0527747 
0.0932402 
0.100694 
0.0354813 
0.0886563 
0.0219842 
0.0484033 
0.0410726 
0.0627182 
0.0679867 
0.107664 
0.09857 
0.0622093 
0.149897 
0.103885 
0.113426 
0.154007 
0.105417 
0.198054 
0.0690401 
1.34318 
0.606494 
0.987821 
0.918524 
0.134481 
0.095891 
0.0933452 
1.72022 
0.872843 
1.96069 
1.48358 
0.73408 
0.250698 
0.18905 
0.177566 
0.124093 
0.122058 
0.134519 
0.0912635 
0.0559281 
0.0539959 
0.0582159 
0.0595837 
0.0865522 
0.0620674 
0.0930433 
0.0694954 
0.0806343 
0.138993 
0.0786529 
0.0534267 
0.144058 
0.125618 
0.0548699 
