0
0.0611212 
0.0581083 
0.0937218 
0.114818 
0.0857231 
0.0405081 
0.0516635 
0.069446 
0.0916767 
0.0892 
0.0946778 
0.123042 
0.0664276 
0.0465608 
0.0278211 
0.0546378 
0.0589431 
0.0792131 
0.0637408 
0.0579868 
0.0752634 
0.0851134 
0.111751 
0.111931 
0.0840307 
0.0905355 
0.0836706 
0.0963296 
0.160152 
0.129369 
0.0498935 
0.0269679 
0.0889422 
0.170055 
0.144926 
0.0655162 
0.0891073 
0.0894658 
0.164079 
0.164922 
0.0978306 
0.0632894 
0.0940142 
0.0690867 
0.0442685 
0.0510128 
0.0564274 
0.0507558 
0.0848326 
0.101628 
0.112176 
0.103067 
0.109971 
0.089992 
0.136243 
0.171586 
0.108361 
0.0513834 
0.0573732 
0.082876 
0.0833474 
0.1239 
0.0298532 
0.0625933 
0.0723717 
0.06395 
0.0890953 
0.111119 
0.132556 
0.110572 
0.0718352 
0.0802643 
0.132391 
0.121829 
0.124787 
0.131176 
0.133425 
0.484975 
0.276835 
0.146726 
0.121531 
0.112352 
0.111564 
0.116467 
0.0943358 
0.0867029 
0.0868761 
0.0931877 
0.0411687 
0.0594824 
0.03869 
0.0545621 
0.0662949 
0.0887863 
0.0716565 
0.0723078 
0.12105 
0.120224 
0.0600104 
0.0426681 
0.102172 
0.167408 
0.107852 
0.0923543 
0.0804158 
0.147371 
0.112812 
0.0916704 
0.103204 
0.126192 
0.0936668 
0.0704411 
0.0810479 
0.113801 
0.119462 
0.11053 
0.113595 
0.0705174 
0.05267 
0.0330577 
0.051031 
0.125426 
0.130102 
0.0817904 
0.0630087 
0.102832 
0.0928839 
0.0690509 
0.0551329 
0.025756 
0.0550931 
0.106888 
0.12333 
0.121241 
0.0396959 
0.0381702 
0.0538259 
0.0241962 
0.0081207 
0.047739 
0.0171256 
0.0184696 
0.016285 
0.0746112 
0.137968 
0.097247 
0.204369 
0.100956 
0.15832 
0.0784965 
0.0553274 
0.0329603 
0.0512008 
0.0995181 
0.0976323 
0.05306 
0.104891 
0.0455683 
0.0316677 
0.0569941 
0.077108 
0.102674 
0.0891087 
0.0944949 
0.102199 
0.121721 
0.0499406 
0.0571772 
0.0767677 
0.24416 
0.229798 
0.0967646 
0.0476766 
0.0440869 
0.0703846 
0.0383495 
0.117031 
0.111598 
0.117637 
0.127166 
0.0853936 
0.141409 
0.0503169 
0.0651005 
0.313065 
0.192741 
0.108759 
0.0772833 
0.0904393 
0.123078 
0.129748 
0.162953 
0.140147 
0.361232 
0.0819991 
0.296641 
0.213182 
0.179975 
0.158665 
0.131805 
0.0825658 
0.0740325 
0.170419 
0.114831 
0.151237 
0.0560366 
0.0553523 
0.0649278 
0.0796495 
0.106495 
0.121949 
0.25571 
0.144406 
0.186546 
0.222131 
0.391496 
0.174077 
0.36153 
0.127473 
0.168866 
0.104583 
0.189884 
0.759545 
0.235333 
0.364706 
1.06221 
0.216596 
0.299954 
0.141994 
0.160887 
0.140351 
0.0760044 
0.181864 
0.168594 
0.0609755 
0.0782776 
0.041357 
0.049958 
0.17201 
