0
0.0789387 
0.0938175 
0.148129 
0.169563 
0.0572703 
0.0999602 
0.0546006 
0.144637 
0.187144 
0.0653008 
0.121685 
0.135935 
0.152333 
0.0794995 
0.0583937 
0.0793799 
0.185074 
0.143119 
0.116819 
0.198405 
0.143938 
0.0760125 
0.0683195 
0.193161 
0.095458 
0.0376274 
0.182238 
0.176201 
0.0858943 
0.0699996 
0.196251 
0.0550964 
0.187383 
0.0969408 
0.244755 
0.196846 
0.0884803 
0.115415 
0.120818 
0.220924 
0.0481239 
0.210676 
0.076575 
0.240916 
0.16234 
0.176055 
0.254744 
0.0992844 
0.276234 
0.0547962 
0.273759 
0.1151 
0.2643 
0.23756 
0.099987 
0.215666 
0.227241 
0.0987788 
0.202972 
0.0628438 
0.242388 
0.0502555 
0.184725 
0.121803 
0.16058 
0.25664 
0.0970753 
0.20395 
0.114198 
0.250897 
0.0828951 
0.102917 
0.196895 
0.208263 
0.137604 
0.14873 
0.122043 
0.243706 
0.0596615 
0.180194 
0.203161 
0.0805638 
0.193904 
0.21374 
0.0881196 
0.193489 
0.0296688 
0.171351 
0.0917095 
0.134147 
0.226517 
0.120323 
0.122503 
0.22922 
0.0770821 
0.175221 
0.113484 
0.0826972 
0.139308 
0.144762 
0.152482 
0.136328 
0.224937 
0.0880174 
0.209756 
0.0696054 
0.122044 
0.185716 
0.160265 
0.0866876 
0.164936 
0.123983 
0.0833679 
0.171212 
0.11876 
0.120862 
0.192875 
0.132533 
0.142374 
0.268122 
0.103209 
0.26708 
0.112717 
0.178625 
0.179804 
0.204272 
0.208452 
0.0899304 
0.230819 
0.143399 
0.176127 
0.174349 
0.103321 
0.238854 
0.0886864 
0.150278 
0.161462 
0.0928721 
0.215586 
0.173042 
0.11046 
0.293267 
0.200221 
0.235156 
0.13632 
0.228942 
0.239426 
0.0811713 
0.194662 
0.123689 
0.130374 
0.230996 
0.124465 
0.105899 
0.20666 
0.114044 
0.227398 
0.309735 
0.311146 
0.122948 
0.215757 
0.0547595 
0.200841 
0.117918 
0.21629 
0.187408 
0.0866982 
0.193222 
0.128223 
0.152939 
0.331169 
0.436689 
0.279281 
0.681527 
0.4121 
0.109552 
0.33718 
0.321261 
0.231361 
0.115589 
0.238441 
0.356715 
0.19888 
0.296187 
0.158788 
0.199441 
0.157129 
0.229504 
0.130198 
0.173877 
0.107725 
0.375021 
0.267519 
0.686033 
0.336923 
0.348836 
0.171033 
0.275767 
0.159004 
0.103382 
0.202408 
0.572127 
0.436246 
0.0596776 
0.166959 
0.0432476 
0.163237 
0.240651 
0.212634 
0.192881 
0.154872 
0.257797 
0.27016 
0.167404 
0.207183 
0.169462 
0.120062 
0.247844 
0.103376 
0.198709 
0.135157 
0.0898183 
0.207863 
0.10738 
0.11561 
0.137621 
0.155514 
0.0681896 
0.0952064 
0.169388 
0.176606 
0.186163 
0.179085 
0.0932772 
0.102582 
0.206583 
0.0853625 
0.10926 
0.122544 
