0
0.0484406 
0.0295917 
0.063363 
0.427134 
0.428535 
0.166903 
0.0639578 
0.190017 
0.121842 
0.132349 
0.0660803 
0.0486242 
0.0429069 
0.0709031 
0.0635945 
0.0515076 
0.0570076 
0.0677639 
0.0632966 
0.0588754 
0.0291619 
0.039179 
0.0875655 
0.122129 
0.0181366 
0.0494164 
0.0661658 
0.0344103 
0.0643605 
0.0926145 
0.0408906 
0.0483267 
0.48331 
0.276114 
0.487361 
0.549195 
0.282268 
0.126645 
0.101307 
0.118088 
0.0458776 
0.0326036 
0.0311997 
0.0640216 
0.0555117 
0.0432644 
0.0671589 
0.12659 
0.0583689 
0.0724045 
0.0491875 
0.0865861 
0.225071 
0.171502 
0.137727 
0.075428 
0.0917925 
0.033012 
0.0543167 
0.0329717 
0.0573828 
0.0553681 
0.0214771 
0.0232062 
0.0390062 
0.0807034 
0.0549145 
0.0118144 
0.0306321 
0.0193251 
0.0791431 
0.0330727 
0.0253344 
0.046208 
0.0252138 
0.0203936 
0.0309975 
0.0460862 
0.0320451 
0.0562758 
0.066313 
0.0528619 
0.0224168 
0.0679718 
0.0935529 
0.0402705 
0.0494545 
0.0319316 
0.0315695 
0.0614129 
0.104798 
0.0918506 
0.102835 
0.0900656 
0.0896741 
0.190795 
0.127438 
1.09759 
0.291585 
0.186086 
0.160486 
0.106959 
0.0865434 
0.127522 
0.099766 
0.0460826 
0.0459319 
0.0337584 
0.0184999 
0.0553285 
0.0580556 
0.0488077 
0.0828241 
0.0779065 
0.159384 
0.119822 
0.0254001 
0.0491423 
0.0425607 
0.0747221 
0.0865681 
0.197141 
0.109868 
0.0640006 
0.0590068 
0.0495664 
0.056037 
0.114878 
0.14968 
0.384654 
0.0544682 
0.404123 
0.360539 
0.303428 
0.254099 
0.123929 
0.0983901 
0.156931 
0.108623 
0.0630159 
0.0438341 
0.0858336 
0.0991799 
0.0276493 
0.463216 
0.303908 
0.489832 
0.414974 
0.581149 
0.174159 
0.154782 
0.0741236 
0.053067 
0.0550271 
0.0544053 
0.0139209 
0.0189798 
0.0961707 
0.0566715 
0.0722577 
0.0385281 
0.0265261 
0.0496475 
0.0329118 
0.0534143 
0.0463812 
0.0503852 
0.0488085 
0.0499087 
0.0501837 
0.053625 
0.0598597 
0.0436158 
0.0439883 
0.0532075 
0.0639774 
0.169075 
0.15002 
0.119496 
0.0625146 
0.0158434 
0.053149 
0.0507726 
0.0426941 
0.0285434 
0.131825 
0.213695 
1.1621 
0.276918 
0.261081 
0.148604 
0.0750177 
0.15672 
0.234136 
0.144791 
0.117822 
0.10053 
0.101029 
0.0628053 
0.0625118 
0.192295 
0.0909763 
0.378908 
1.1327 
0.579547 
0.20597 
0.424143 
0.175157 
0.143678 
0.0457731 
0.0691845 
0.0683012 
0.0597473 
0.0594316 
0.0344449 
0.0831703 
0.0833101 
0.0691425 
0.0769942 
0.052035 
0.0429566 
0.00857389 
0.0281829 
0.0320655 
0.0454412 
0.0780336 
0.0565692 
0.0506169 
0.0909953 
0.0536473 
0.0403174 
0.0581101 
0.0761649 
0.0346427 
0.0550062 
0.049175 
0.0369703 
0.0737258 
0.0625909 
