0
0.120605 
0.0910975 
0.0632751 
0.0867911 
0.0473253 
0.0775694 
0.0615006 
0.0802475 
0.157478 
0.0927884 
0.0536641 
0.0752813 
0.0603613 
0.0267345 
0.0263143 
0.0216995 
0.0628008 
0.0570386 
0.0505912 
0.0963292 
0.0901205 
0.142321 
0.0369152 
0.0580451 
0.0439782 
0.036237 
0.0276871 
0.0861683 
0.0713975 
0.0391811 
0.0637786 
0.0700249 
0.0656049 
0.0581246 
0.070624 
0.0877465 
0.0508364 
0.112243 
0.070004 
0.0915678 
0.0549429 
0.087018 
0.0646357 
0.0625956 
0.0517754 
0.0807642 
0.0472106 
0.0666864 
0.0945887 
0.0910871 
0.121533 
0.0761008 
0.0509924 
0.0482311 
0.0693238 
0.0821153 
0.12305 
0.122594 
0.0825881 
0.0965174 
0.112196 
0.0923951 
0.0648826 
0.0825334 
0.051154 
0.0857958 
0.092049 
0.0817181 
0.104297 
0.0835528 
0.0538791 
0.0448827 
0.0943447 
0.0916404 
0.0859665 
0.1108 
0.0948852 
0.099275 
0.0486634 
0.0804677 
0.0659142 
0.0918664 
0.0516898 
0.0882405 
0.0892426 
0.106062 
0.0764673 
0.0913135 
0.0667053 
0.0902006 
0.09898 
0.0775593 
0.141553 
0.133093 
0.113123 
0.141344 
0.126906 
0.0892121 
0.0670818 
0.128208 
0.116344 
0.0895393 
0.094489 
0.0717246 
0.0748654 
0.191844 
0.190616 
0.0698825 
0.0870272 
0.0813711 
0.0865127 
0.109932 
0.0908818 
0.123346 
0.0715076 
0.0682996 
0.114365 
0.0976194 
0.0472578 
0.0226983 
0.0459449 
0.0490507 
0.052963 
0.0783454 
0.0296114 
0.0580987 
0.0504298 
0.0401904 
0.0964038 
0.104626 
0.103359 
0.120674 
0.0999209 
0.128995 
0.118112 
0.118956 
0.0945858 
0.0895881 
0.0865714 
0.101045 
0.0720674 
0.0493415 
0.0398166 
0.0527363 
0.0684961 
0.0420059 
0.0513916 
0.0492184 
0.0793636 
0.0774347 
0.0889888 
0.0670354 
0.0553123 
0.0927605 
0.10416 
0.123866 
0.155466 
0.161277 
0.111702 
0.0519272 
0.0966803 
0.0977281 
0.0721898 
0.0389338 
0.0514949 
0.0420689 
0.112603 
0.11221 
0.078622 
0.0383749 
0.0735625 
0.0657062 
0.0575198 
0.0369184 
0.0556227 
0.0767873 
0.0646059 
0.0476442 
0.0747528 
0.0636246 
0.0874871 
0.0971782 
0.0859023 
0.0410988 
0.138328 
0.112186 
0.16497 
0.186759 
0.0448152 
0.0820586 
0.103073 
0.0615865 
0.0816571 
0.0987823 
0.0817591 
0.0693249 
0.081563 
0.100724 
0.103405 
0.0713367 
0.0874041 
0.0207969 
0.0658537 
0.0928652 
0.0617009 
0.0732091 
0.10489 
0.107281 
0.0755672 
0.062472 
0.0800048 
0.164817 
0.0860441 
0.120807 
0.0424999 
0.0627199 
0.066701 
0.0488742 
0.0269534 
0.0610084 
0.046435 
0.0332535 
0.0313477 
0.036567 
0.044428 
0.0671073 
0.0841155 
0.100021 
0.172258 
0.14608 
0.133355 
0.131121 
0.139068 
0.126466 
0.140906 
0.213531 
0.164521 
0.126242 
0.122523 
