0
0.0677165 
0.0759394 
0.115733 
0.0959487 
0.0604994 
0.121863 
0.097336 
0.0715768 
0.0895163 
0.0896979 
0.0844248 
0.0577975 
0.0458177 
0.0773795 
0.0494846 
0.0426493 
0.0426922 
0.0588082 
0.0512695 
0.0496536 
0.0283822 
0.0502605 
0.0621574 
0.0777786 
0.0532461 
0.0784784 
0.0611232 
0.0564522 
0.0319071 
0.0295645 
0.0584048 
0.0370732 
0.0534708 
0.0493519 
0.0278843 
0.656767 
0.533957 
0.490887 
0.176017 
0.144776 
0.132263 
0.140244 
0.0592088 
0.0729709 
0.0600185 
0.0572554 
0.0443198 
0.108129 
0.126594 
0.0821437 
0.0608086 
0.0833056 
0.0383092 
0.0561515 
0.0644727 
0.0717664 
0.0975165 
0.120387 
0.0737705 
0.0783083 
0.0586464 
0.0277628 
0.0554499 
0.032007 
0.0392683 
0.0816863 
0.0456611 
0.0362573 
0.0288503 
0.0183249 
0.187104 
0.0866411 
0.407565 
0.133114 
0.0287052 
0.0737356 
0.0721497 
0.0425559 
0.032594 
0.0593947 
0.100975 
0.134181 
0.0651501 
0.0898654 
0.0926366 
0.0549883 
0.0315557 
0.064167 
0.0614298 
0.103466 
0.0480852 
0.0804402 
0.0640826 
0.091332 
0.0690651 
0.0610401 
0.0357343 
0.105413 
0.0891994 
0.0809601 
0.068573 
0.0642807 
0.0978689 
0.0908683 
0.0774986 
0.0670979 
0.112695 
0.0758082 
0.0640157 
0.0513356 
0.0319778 
0.0311666 
0.0377233 
0.0736386 
0.035898 
0.0639556 
0.067701 
0.0481651 
0.0423513 
0.032339 
0.0287168 
0.830078 
0.112296 
0.609522 
0.198986 
0.176328 
0.0836827 
0.081294 
0.0571692 
0.0974256 
0.0865191 
0.0457995 
0.0912244 
0.0575945 
0.0980076 
0.0513067 
0.0372908 
0.0470119 
0.0655247 
0.0561936 
0.0929139 
0.057471 
0.0371263 
0.0253541 
0.0391616 
0.0485764 
0.0593435 
0.0325711 
0.0301579 
0.0805863 
0.480084 
0.541031 
0.262637 
0.0545887 
0.0777943 
0.0751345 
0.0471815 
0.0653129 
0.0304602 
0.0718071 
0.0937841 
0.164538 
0.349065 
0.491137 
0.467154 
0.175679 
0.182718 
0.120701 
0.0480927 
0.0763865 
0.0884533 
0.0808424 
0.0740356 
0.109754 
0.0481171 
0.049166 
0.0448421 
0.038382 
0.0396497 
0.0300474 
0.0467465 
0.0458038 
0.0462862 
0.0603376 
0.0807069 
0.044077 
0.0735781 
0.0650166 
0.0477187 
0.0417789 
0.071903 
0.0491183 
0.415902 
0.301439 
0.814925 
0.397607 
0.267765 
0.100014 
0.0339995 
0.0711876 
0.0780918 
0.00729073 
0.0796413 
0.0820325 
0.0706335 
0.0616849 
0.0481391 
0.0596834 
0.0383739 
0.0352947 
0.0393834 
0.0905829 
0.0880241 
0.0331729 
0.0608338 
0.0194235 
0.0746473 
0.0913366 
0.0433454 
0.0234638 
0.0298488 
0.0778957 
0.0889916 
0.061639 
0.0655908 
0.0333588 
0.0184254 
0.0899774 
0.111328 
0.0721497 
0.101369 
0.0640153 
0.0342507 
0.0478166 
0.0272336 
0.0478098 
0.0707282 
0.0222556 
0.0443444 
