0
0.299496 
0.172925 
0.173871 
0.116712 
0.0738196 
0.164313 
0.151677 
0.131823 
0.139212 
0.169125 
0.129829 
0.0911937 
0.0899052 
0.158651 
0.128894 
0.116501 
0.0967088 
0.171085 
0.14734 
0.102682 
0.170417 
0.186082 
0.111823 
0.183813 
0.0693395 
0.157959 
0.125226 
0.116689 
0.0918085 
0.10849 
0.112822 
0.111579 
0.169205 
0.194352 
0.088248 
0.217477 
0.175057 
0.101822 
0.135825 
0.146672 
0.121648 
0.105523 
0.128115 
0.0854537 
0.209785 
0.30392 
0.165707 
0.146198 
0.166671 
0.158802 
0.12862 
0.14208 
0.0580332 
0.0946897 
0.0995027 
0.173173 
0.199687 
0.176879 
0.186843 
0.229313 
0.134002 
0.200149 
0.19728 
0.124688 
0.125179 
0.107104 
0.131166 
0.158988 
0.0978446 
0.143102 
0.148073 
0.122328 
0.15691 
0.164589 
0.119008 
0.134452 
0.329955 
0.214808 
0.11906 
0.0941615 
0.115991 
0.069578 
0.0537877 
0.140525 
0.0784022 
0.191961 
0.343127 
0.184655 
0.0873285 
0.182115 
0.0911013 
0.0588956 
0.138198 
0.164397 
0.0824371 
0.0782915 
0.101492 
0.0563494 
0.10777 
0.0715987 
0.0476643 
0.0732382 
0.113426 
0.0589714 
0.0535093 
0.10383 
0.0911011 
0.087795 
0.0673518 
0.10315 
0.119125 
0.0967694 
0.132738 
0.0747074 
0.120045 
0.125844 
0.102336 
0.0772282 
0.1188 
0.0734795 
0.0698411 
0.0621263 
0.0746657 
0.0564004 
0.114892 
0.0999085 
0.091637 
0.0400858 
0.10716 
0.099522 
0.0562972 
0.114626 
0.157006 
0.184725 
0.219202 
0.108351 
0.105026 
0.206706 
0.0729222 
0.123942 
0.0867331 
0.125807 
0.0657507 
0.127481 
0.051991 
0.0906685 
0.174402 
0.114975 
0.0737816 
0.0445805 
0.115093 
0.125183 
0.0895097 
0.140022 
0.0886071 
0.0465368 
0.38556 
0.146017 
0.367125 
0.163567 
0.197646 
0.275186 
0.0908102 
0.117577 
0.126029 
0.0893639 
0.0733163 
0.102324 
0.0700191 
0.0362455 
0.0884624 
0.086183 
0.299769 
0.431666 
0.0920084 
0.336707 
0.160193 
0.268701 
0.29578 
0.365788 
0.450795 
0.10122 
0.145783 
0.0730235 
0.0886793 
0.124475 
0.169625 
0.097419 
0.0829731 
0.0926226 
0.19285 
0.0313028 
0.132889 
0.205703 
0.104013 
0.120558 
0.181109 
0.260637 
0.345661 
0.0460033 
0.125403 
0.146807 
0.1141 
0.0944514 
0.246544 
0.220582 
0.125664 
0.167963 
0.127193 
0.118888 
0.165161 
0.18216 
0.40923 
0.115596 
0.126543 
0.173872 
0.116484 
0.145702 
0.229889 
0.153059 
0.0944587 
0.0940742 
0.230733 
0.256228 
0.258272 
0.19425 
0.0773463 
0.125897 
0.27494 
0.339879 
0.440818 
0.340139 
0.309115 
0.186392 
0.242068 
0.127936 
0.0362172 
0.141232 
0.0959634 
