0
0.527664 
0.305094 
0.197748 
0.210105 
0.0865318 
0.0762204 
0.0839133 
0.193968 
0.137443 
0.143762 
0.224584 
0.181255 
0.269 
0.163041 
0.176622 
0.0968468 
0.137555 
0.159114 
0.163102 
0.229217 
0.793569 
0.20416 
0.227821 
0.120442 
0.0531362 
0.0953241 
0.0914098 
0.181925 
0.162739 
0.0927346 
0.0710398 
0.446521 
1.15995 
0.752412 
0.295752 
0.116295 
0.124995 
0.143593 
0.104395 
0.0649875 
0.084109 
0.151822 
0.115397 
0.0626566 
0.0326408 
0.0582527 
0.0748238 
0.0899634 
0.0787027 
0.143781 
0.078292 
0.0670146 
0.0492541 
0.0761777 
0.0788882 
0.107876 
0.0600539 
0.0440498 
0.11145 
0.494935 
0.13626 
0.093302 
0.0781543 
0.0728505 
0.114558 
0.163182 
0.208876 
0.0990239 
0.239432 
0.143372 
0.123414 
0.167333 
0.18543 
0.0674216 
0.157488 
0.233195 
0.0976824 
0.191783 
0.165913 
0.0849218 
0.167695 
0.117492 
0.126244 
0.083381 
0.135894 
0.18771 
0.135841 
0.197618 
0.124691 
0.130803 
0.17456 
0.136071 
0.118137 
0.177808 
0.0558164 
0.119701 
0.0826722 
0.147111 
0.172569 
0.1056 
0.243532 
0.198878 
0.133943 
0.241359 
0.0911489 
0.187999 
0.0421317 
0.252252 
0.365008 
0.573236 
0.166205 
0.191378 
0.112103 
0.268138 
0.104068 
0.168911 
0.0728995 
0.0183583 
0.0488429 
0.0363364 
0.0895743 
0.0645584 
0.087855 
0.0559366 
0.039004 
0.0164467 
0.0337829 
0.0404504 
0.0459511 
0.0377805 
0.0778129 
0.127348 
0.0873702 
0.0618478 
0.145354 
0.177261 
0.103276 
0.056468 
0.100568 
0.0909041 
0.0780346 
0.127486 
0.129826 
0.156672 
0.120974 
0.20883 
0.163801 
0.120906 
0.112061 
0.129702 
0.0658476 
0.211895 
0.102969 
0.143875 
0.22062 
0.156179 
0.134574 
0.12473 
0.223087 
0.239679 
0.0823621 
0.225064 
0.126996 
0.120976 
0.234153 
0.0935492 
0.11304 
0.11598 
0.0615616 
0.123275 
0.270432 
0.702506 
0.35346 
0.113773 
0.0678713 
0.0879774 
0.0724386 
0.0997495 
0.0842998 
0.113948 
0.0635992 
0.254198 
0.292719 
0.0995364 
0.0952742 
0.0427239 
0.0711732 
0.0696414 
0.0983615 
0.113398 
0.0593494 
0.057371 
0.0575013 
0.0600654 
0.10445 
0.138127 
0.370946 
0.315506 
0.132093 
0.401168 
0.385888 
0.142952 
0.049518 
0.0520865 
0.0700819 
0.0769312 
0.0647564 
0.0992378 
0.070499 
0.083047 
0.0391771 
0.0846781 
0.0536573 
0.0657242 
0.0479111 
0.0794081 
0.021721 
0.0333203 
0.0994748 
0.0446864 
0.088037 
0.116988 
0.0488343 
0.134839 
0.891154 
0.555651 
0.237708 
0.0798821 
0.194293 
0.0415892 
0.0687532 
0.143999 
0.0901461 
0.0533795 
0.0552661 
0.0469138 
0.134623 
0.0531833 
0.117488 
