0
0.211152 
0.132905 
0.105477 
0.0545516 
0.133451 
0.164764 
0.200068 
0.146916 
0.0763859 
0.0715126 
0.0656754 
0.0536462 
0.0649121 
0.0365097 
0.109104 
0.122852 
0.116486 
0.0474453 
0.0653155 
0.0750363 
0.0916833 
0.118865 
0.106429 
0.108614 
0.0413612 
0.0776855 
0.107892 
0.132071 
0.104466 
0.0607314 
0.0609886 
0.10085 
0.0566367 
0.0904921 
0.0575553 
0.117972 
0.085067 
0.0966734 
0.0893225 
0.0975945 
0.0468943 
0.0695367 
0.0586009 
0.0281749 
0.0696692 
0.081985 
0.0558626 
0.0783314 
0.0600494 
0.0851559 
0.0490438 
0.0570124 
0.0576548 
0.139426 
0.0983435 
0.103278 
0.371349 
0.885793 
1.95045 
0.18126 
0.113421 
0.077258 
0.216671 
0.150029 
0.165099 
0.285597 
0.0909198 
0.115387 
0.0980646 
0.0584791 
0.0505056 
1.29545 
1.54708 
1.04103 
0.297855 
0.29513 
0.0725435 
0.256881 
0.0916205 
0.100277 
0.0466698 
0.0460592 
0.0651977 
0.0412459 
0.152573 
0.0630447 
0.0585307 
0.0670334 
0.121929 
0.0768679 
0.0666471 
0.0432205 
0.050667 
0.0684711 
0.0177684 
0.0478653 
0.069876 
0.0554545 
0.0797915 
0.0310737 
0.0539723 
0.0836481 
0.0334933 
0.0570695 
0.10077 
0.0860368 
0.0920567 
0.0668585 
0.0488109 
0.0467578 
0.0573511 
0.0555839 
0.0804368 
0.0428494 
0.0511428 
0.104645 
0.0900845 
0.0411032 
0.0884241 
0.0424481 
0.0436144 
0.0859119 
0.0658012 
0.107964 
0.145512 
0.0736204 
0.782288 
4.73647 
2.12857 
2.58921 
0.383766 
0.248038 
0.168855 
0.20537 
0.322 
0.261178 
0.0993913 
0.0943926 
0.105092 
0.110999 
0.108456 
0.101966 
0.109396 
0.143757 
0.0974106 
0.0599257 
0.0574696 
0.104589 
0.0711576 
0.0713167 
0.0911422 
0.0244247 
0.0301436 
0.0507648 
0.0293835 
0.0556538 
0.157825 
0.253676 
0.204785 
0.138247 
0.0456319 
0.0858424 
0.0544736 
0.116959 
0.0953949 
0.0709042 
0.109037 
0.0644425 
0.0728482 
0.0293551 
0.0472881 
0.096843 
0.110532 
0.0846848 
0.0884374 
0.0856231 
0.045026 
0.0716943 
0.0360185 
0.385221 
0.167193 
0.0991348 
0.175221 
0.0845605 
0.088779 
0.0890625 
0.183718 
0.0513125 
0.198555 
0.104404 
0.0910692 
1.24308 
0.185411 
0.708957 
0.0751502 
0.126001 
0.108865 
0.113427 
0.854038 
0.893292 
0.302139 
0.292209 
0.125752 
0.130921 
0.120263 
0.0327065 
0.105793 
0.0670925 
0.014459 
0.027986 
0.049535 
0.0945225 
0.0423209 
0.0700835 
0.119007 
0.096869 
0.0884745 
0.074919 
0.172066 
0.185849 
0.068645 
0.389901 
1.47431 
1.16427 
0.365683 
0.0875213 
0.161692 
0.0960063 
0.09348 
0.0797288 
0.0372065 
0.0455577 
0.122662 
0.176948 
0.0799981 
0.153068 
0.146833 
0.305362 
0.262171 
