0
0.0707512 
0.0932411 
0.0701074 
0.0741079 
0.0707488 
0.0659357 
0.0540306 
0.0531142 
0.0583697 
0.0659311 
0.0671989 
0.0583837 
0.0507322 
0.0818037 
0.12582 
0.116663 
0.073374 
0.0706258 
0.0768638 
0.0790327 
0.0832459 
0.0648174 
0.0437707 
0.0519405 
0.0689069 
0.0563155 
0.0969696 
0.0870112 
0.0195963 
0.0748335 
0.0596241 
0.0400809 
0.0491819 
0.0915133 
0.0554404 
0.0426169 
0.0522712 
0.0533346 
0.035093 
0.0306602 
0.031191 
0.0517631 
0.044089 
0.0611469 
0.0548849 
0.0404289 
0.0415438 
0.0443558 
0.0682462 
0.0953391 
0.0934544 
0.0364644 
0.036723 
0.0932428 
0.0691545 
0.0495847 
0.0318132 
0.0217535 
0.0566603 
0.0856163 
0.0406262 
0.05901 
0.0203414 
0.0354841 
0.0332193 
0.0492919 
0.0592689 
0.0812864 
0.0383932 
0.0689331 
0.0430834 
0.0553456 
0.0781986 
0.0549271 
0.0159276 
0.0220543 
0.0451568 
0.0634838 
0.0413763 
0.0447149 
0.0159637 
0.0112332 
0.0274388 
0.0207927 
0.0240598 
0.0253211 
0.0453789 
0.0378682 
0.0189475 
0.0421295 
0.0540889 
0.0275953 
0.0547942 
0.0728218 
0.0481902 
0.0376664 
0.0390582 
0.0378487 
0.0335928 
0.0485193 
0.0394473 
0.0447946 
0.0565579 
0.0325664 
0.0629563 
0.0546086 
0.0708616 
0.0773583 
0.0394292 
0.0567295 
0.0632323 
0.061652 
0.0408528 
0.0682504 
0.0125359 
0.0233717 
0.0358262 
0.0614446 
0.0637315 
0.0391369 
0 
0.0149992 
0.0133494 
0.0227251 
0.052319 
0.077395 
0.0523744 
0.0515982 
0.074057 
0.037729 
0.0177276 
0.0346985 
0.0722563 
0.0774652 
0.0474251 
0.127485 
0.0876774 
0.0459779 
0.162129 
0.124473 
0.0681919 
0.0526632 
0.0360785 
0.061051 
0.0557453 
0.0315188 
0.043028 
0.065496 
0.0417168 
0.0631545 
0.0648317 
0.0272138 
0.0280987 
0.0646451 
0.068439 
0.0527909 
0.102886 
0.0881896 
0.0459096 
0.0518975 
0.0303187 
0.0927042 
0.0356747 
0.042688 
0.030655 
0.0504815 
0.0577541 
0.0435391 
0.0321032 
0.0936196 
0.119781 
0.0781159 
0.0664775 
0.0447873 
0.0584703 
0.0376147 
0.0363372 
0.0349607 
0.0541105 
0.0217347 
0.0322826 
0.035706 
0.0375706 
0.0230571 
0.0582225 
0.0918533 
0.112997 
0.105568 
0.0801652 
0.0438384 
0.0522094 
0.0494095 
0.0668508 
0.0712875 
0.0423896 
0.024527 
0.0713156 
0.0536337 
0.0661109 
0.0552457 
0.076165 
0.080885 
0.0682051 
0.0524911 
0.082346 
0.0518828 
0.0794408 
0.0747376 
0.0400024 
0.053181 
0.0284142 
0.0661511 
0.0589628 
0.0722174 
0.0227664 
0.0359659 
0.0493472 
0.041396 
0.0357672 
0.0477152 
0.0663525 
0.0347065 
0.0400233 
0.0435577 
0.0365749 
0.0341868 
0.0161116 
0.0325733 
0.0301636 
0.0625925 
0.048536 
0.0744439 
0.0581313 
0.0703136 
0.0661072 
0.0513648 
0.0882452 
0.0230908 
0.0657109 
