0
0.103386 
0.16123 
0.194663 
0.219908 
0.0983659 
0.0977383 
0.144658 
0.103761 
0.148151 
0.0452671 
0.138208 
0.153453 
0.114019 
0.0384727 
0.116166 
0.0748096 
0.0849478 
0.0521968 
0.0802047 
0.0607301 
0.0490044 
0.0356353 
0.0843891 
0.0517597 
0.0444565 
0.186683 
0.142992 
0.0808391 
0.100542 
0.127422 
0.0782262 
0.0717919 
0.0381766 
0.107517 
0.109344 
0.0444164 
0.0332506 
0.0807843 
0.0913237 
0.313657 
0.271685 
0.14184 
0.118971 
0.0512898 
0.118491 
0.0637687 
0.087259 
0.110373 
0.122044 
0.0812307 
0.146082 
0.11127 
0.115633 
0.154709 
0.092916 
0.135277 
0.1068 
0.0972933 
0.0964996 
0.0932206 
0.11341 
0.114184 
0.110298 
0.271558 
0.594243 
0.217285 
0.0885485 
0.10325 
0.122475 
0.189444 
0.0309566 
0.0902208 
0.0445471 
0.169981 
0.0656736 
0.0495848 
0.158138 
0.137592 
0.276277 
0.0826523 
0.0589025 
0.057993 
0.153201 
0.113754 
0.0541376 
0.132887 
0.122087 
0.12366 
0.0748471 
0.0652113 
0.0671218 
0.0610609 
0.086857 
0.0644602 
0.071234 
0.113927 
0.301688 
0.320591 
0.176388 
0.124367 
0.103789 
0.0868832 
0.0907642 
0.0936288 
0.0901904 
0.102275 
0.162468 
0.434686 
0.261413 
0.145625 
0.147237 
0.132767 
0.157072 
0.0971734 
0.064175 
0.121556 
0.0672616 
0.0557368 
0.0550384 
0.0390456 
0.176688 
0.215323 
0.109068 
0.077507 
0.0604371 
0.315842 
0.219721 
0.381821 
0.14086 
0.0368167 
0.208968 
0.0969369 
0.0940167 
0.0458859 
0.0623027 
0.0651512 
0.0591913 
0.0890328 
0.0660147 
0.0394079 
0.0983102 
0.149752 
0.102207 
0.138192 
0.100515 
0.0630917 
0.0536074 
0.0991426 
0.0575437 
0.0234092 
0.0969287 
0.181495 
0.0451199 
0.0480594 
0.0464855 
0.0700718 
0.0581393 
0.0727201 
0.10107 
0.065037 
0.0730546 
0.0579907 
0.0797106 
0.0805368 
0.047064 
0.0577069 
0.0291302 
0.102241 
0.0727073 
0.187328 
0.0849799 
0.113954 
0.0792296 
0.0516395 
0.0604921 
0.126459 
0.0971044 
0.062209 
0.0449155 
0.0664318 
0.0526289 
0.0659977 
0.0506233 
0.0868348 
0.0911321 
0.11303 
0.103085 
0.12237 
0.145244 
0.172614 
0.0842616 
0.129989 
0.131847 
0.0886698 
0.084959 
0.0785545 
0.100514 
0.129231 
0.0885844 
0.145121 
0.105829 
0.0854285 
0.0730805 
0.373528 
0.264209 
0.184434 
0.07636 
0.0861988 
0.064825 
0.128042 
0.13123 
0.1178 
0.17926 
0.265695 
0.260885 
0.116737 
0.0718444 
0.236659 
0.644406 
0.346563 
0.238929 
0.253212 
0.178946 
0.0813158 
0.179702 
0.233153 
0.156624 
0.126836 
0.29203 
0.13068 
0.12534 
0.088591 
0.0761597 
0.120949 
0.12718 
0.0546797 
0.114774 
0.100916 
0.0780865 
