0
0.0902237 
0.0616245 
0.078187 
0.111602 
0.0952673 
0.0974074 
0.0682244 
0.0813768 
0.090049 
0.0876057 
0.0669907 
0.0972544 
0.129458 
0.101557 
0.0647642 
0.0609996 
0.0622341 
0.0759392 
0.0675526 
0.072112 
0.121143 
0.0681706 
0.0197752 
0.0506853 
0.0810783 
0.205698 
0.166164 
0.141645 
0.0353851 
0.145421 
0.158199 
0.0683457 
0.106711 
0.0487772 
0.184049 
0.206297 
0.0794665 
0.100539 
0.0446916 
0.027788 
0.0495427 
0.0279666 
0.0353975 
0.0418139 
0.116617 
0.176082 
0.0616669 
0.1387 
0.0277623 
0.0771577 
0.117064 
0.044266 
0.0949611 
0.112909 
0.121359 
0.117073 
0.0851197 
0.0731944 
0.0593701 
0.0640652 
0.0878863 
0.0384575 
0.0805285 
0.0664939 
0.0456949 
0.0779128 
0.0836805 
0.122915 
0.0685473 
0.0810039 
0.101409 
0.138912 
0.129348 
0.0814236 
0.155346 
0.156114 
0.0982385 
0.147092 
0.12174 
0.0510011 
0.0606374 
0.0903507 
0.0892118 
0.184796 
0.214562 
0.161931 
0.131488 
0.150283 
0.149579 
0.0415834 
0.159794 
0.133197 
0.185168 
0.0820794 
0.0855201 
0.134382 
0.0828184 
0.181847 
0.211163 
0.062609 
0.147489 
0.132346 
0.0919232 
0.110873 
0.0627619 
0.0752537 
0.126431 
0.101894 
0.155807 
0.247184 
0.107345 
0.097906 
0.04018 
0.0747231 
0.025416 
0.0412964 
0.0554735 
0.0451248 
0.0635645 
0.0327365 
0.0952997 
0.0572291 
0.135811 
0.102885 
0.0551437 
0.100805 
0.137015 
0.0737786 
0.0881409 
0.0610605 
0.0352112 
0.0827147 
0.0905495 
0.131374 
0.0960765 
0.0597664 
0.0579159 
0.0735234 
0.0569704 
0.0464381 
0.0608533 
0.0696371 
0.0647871 
0.0517219 
0.0531606 
0.0759463 
0.0822588 
0.0779422 
0.0806571 
0.0647203 
0.125173 
0.0439553 
0.0546609 
0.0556312 
0.107471 
0.101001 
0.101255 
0.0452888 
0.070979 
0.0649081 
0.0994278 
0.130114 
0.0954597 
0.120808 
0.295942 
0.13688 
0.347771 
0.232008 
0.286037 
0.219069 
0.0699233 
0.0966681 
0.147735 
0.180755 
0.0289916 
0.0717251 
0.0953816 
0.0518724 
0.0737762 
0.0942004 
0.0187828 
0.0549438 
0.0707929 
0.0679959 
0.111548 
0.0611506 
0.102353 
0.122282 
0.128841 
0.116663 
0.0874726 
0.0694442 
0.139586 
0.091274 
0.0607241 
0.0748385 
0.152138 
0.157151 
0.0588568 
0.202857 
0.121777 
0.06205 
0.0441882 
0.10912 
0.0730822 
0.0650543 
0.0473547 
0.102922 
0.0915814 
0.183073 
0.0776708 
0.143351 
0.119246 
0.12055 
0.182534 
0.167468 
0.133793 
0.149502 
0.137249 
0.200257 
0.14073 
0.112875 
0.0691319 
0.0462581 
0.0662899 
0.0721062 
0.107987 
0.115547 
0.0769018 
0.197992 
0.0557292 
0.133556 
0.1095 
0.173813 
0.180352 
0.0656305 
0.218405 
0.0866523 
0.0754326 
