0
0.12516 
0.0653259 
0.0261195 
0.201899 
0.347161 
0.203188 
0.179521 
0.127707 
0.219089 
0.256002 
0.167021 
0.359777 
0.171604 
0.209361 
0.283294 
0.171777 
0.154273 
0.450117 
0.199194 
0.135169 
0.0906817 
0.216978 
0.117926 
0.0923789 
0.0996081 
0.115256 
0.305409 
0.148741 
0.0858356 
0.142922 
0.298364 
0.22607 
0.206926 
0.229617 
0.0683867 
0.234342 
0.281465 
0.15093 
0.212563 
0.204313 
0.123281 
0.122404 
0.269469 
0.154172 
0.0782631 
0.124953 
0.0553388 
0.0547538 
0.077231 
0.252562 
0.182818 
0.102728 
0.0602876 
0.137958 
0.26975 
0.0876416 
0.187271 
0.0330925 
0.205246 
0.19188 
0.203941 
0.0951243 
0.156631 
0.162157 
0.282804 
0.120621 
0.199934 
0.113808 
0.108156 
0.203618 
0.132779 
0.0667615 
0.0788643 
0.116211 
0.193302 
0.177993 
0.134511 
0.156142 
0.0657891 
0.15505 
0.0908297 
0.164061 
0.189762 
0.193008 
0.416602 
0.160541 
0.219961 
0.218143 
0.047384 
0.0751605 
0.0527783 
0.130945 
0.097452 
0.0529136 
0.0564986 
0.143646 
0.139564 
0.0609277 
0.0793423 
0.0721798 
0.0889718 
0.128844 
0.124899 
0.0655206 
0.0655233 
0.0853011 
0.052529 
0.0530537 
0.0883314 
0.139325 
0.0610979 
0.122176 
0.0650586 
0.136645 
0.0779569 
0.073327 
0.0646054 
0.0469273 
0.0844592 
0.0885172 
0.0956027 
0.0490936 
0.0855278 
0.0950375 
0.0572902 
0.0823708 
0.11002 
0.050204 
0.0668493 
0.076184 
0.0876038 
0.0935103 
0.0898722 
0.0690912 
0.0425376 
0.0641017 
0.0614758 
0.143106 
0.121617 
0.0375804 
0.113113 
0.0303585 
0.0682618 
0.22492 
0.253726 
0.149802 
0.0774881 
0.0194633 
0.111054 
0.135177 
0.114039 
0.121798 
0.0821035 
0.206682 
0.183435 
0.177518 
0.144847 
0.192133 
0.195198 
0.189465 
0.0915895 
0.178868 
0.103857 
0.0613034 
0.0571354 
0.133217 
0.131591 
0.0733896 
0.0767077 
0.182618 
0.209876 
0.130031 
0.151664 
0.0798775 
0.11855 
0.090699 
0.128166 
0.0976601 
0.135858 
0.0299778 
0.100625 
0.0763488 
0.430877 
0.575764 
0.164772 
0.0420111 
0.0700563 
0.0709469 
0.0904849 
0.0812593 
0.0606532 
0.140865 
0.118618 
0.062183 
0.0716243 
0.010205 
0.0715058 
0.119746 
0.0994318 
0.0556622 
0.170204 
0.125834 
0.173696 
0.110594 
0.132353 
0.0391261 
0.134761 
0.0792483 
0.108553 
0.123618 
0.127154 
0.08023 
0.0322811 
0.11249 
0.0769746 
0.0532264 
0.0669124 
0.0747805 
0.209039 
0.197587 
0.2758 
0.316255 
0.0375913 
0.130848 
0.07168 
0.0460295 
0.0331271 
0.0797399 
0.0766954 
0.192037 
0.191928 
0.120065 
0.151744 
0.0941118 
0.123173 
0.205905 
0.141318 
0.132957 
0.0794814 
