0
0.133348 
0.121469 
0.0927586 
0.0816511 
0.0526229 
0.0543264 
0.260804 
0.255926 
0.12291 
0.0998956 
0.0914065 
0.104967 
0.11732 
0.152294 
0.168696 
0.140688 
0.158558 
0.15029 
0.141768 
0.147112 
0.0712547 
0.0626875 
0.132643 
0.193876 
0.176328 
0.136721 
0.0629386 
0.0615065 
0.0214841 
0.0377841 
0.0308925 
0.0883639 
0.149287 
0.191655 
0.176518 
0.0807528 
0.0947273 
0.0776154 
0.0362489 
0.0554786 
0.0324682 
0.0298859 
0.0457425 
0.0774488 
0.0598534 
0.0280543 
0.0618399 
0.124462 
0.13664 
0.225606 
0.177659 
0.125054 
0.0367956 
0.0422926 
0.0774494 
0.16785 
0.210934 
0.178313 
0.0738796 
0.0344936 
0.114899 
0.158873 
0.171825 
0.158325 
0.117504 
0.0747963 
0.0828235 
0.122411 
0.188385 
0.154235 
0.0698848 
0.0625413 
0.0604218 
0.133387 
0.154182 
0.126677 
0.0896308 
0.0444325 
0.0439827 
0.0589273 
0.013863 
0.0762627 
0.105342 
0.0928247 
0.0391464 
0.120195 
0.148988 
0.192999 
0.229694 
0.138331 
0.116511 
0.0445745 
0.0536893 
0.0701006 
0.0635131 
0.0685859 
0.0778074 
0.162036 
0.144838 
0.0966648 
0.143262 
0.126347 
0.132765 
0.136582 
0.151216 
0.123861 
0.121517 
0.155812 
0.251027 
0.217598 
0.0382076 
0.0456609 
0.0805311 
0.158086 
0.160145 
0.134573 
0.139709 
0.106818 
0.116197 
0.101895 
0.0806435 
0.0730467 
0.0450983 
0.0585412 
0.0538115 
0.071554 
0.103842 
0.146816 
0.179458 
0.1073 
0.0552499 
0.0998867 
0.129259 
0.212415 
0.204762 
0.0774667 
0.0231154 
0.00807596 
0.0030337 
0.0682646 
0.0354924 
0.0437887 
0.0270685 
0.0535628 
0.0770373 
0.0491411 
0.108076 
0.163618 
0.11102 
0.0851426 
0.0415633 
0.116558 
0.142524 
0.127279 
0.142542 
0.138043 
0.149671 
0.155616 
0.156486 
0.13654 
0.125548 
0.0931431 
0.0636511 
0.0391348 
0.0357213 
0.0810435 
0.0870964 
0.0734118 
0.0691651 
0.0393223 
0.0762063 
0.138105 
0.089488 
0.0448674 
0.043509 
0.136481 
0.144904 
0.0804282 
0.0537477 
0.0899078 
0.172946 
0.123345 
0.255765 
0.221988 
0.196456 
0.111059 
0.0997591 
0.0820003 
0.117719 
0.0619119 
0.0462661 
0.069779 
0.0889224 
0.0759531 
0.0798993 
0.138109 
0.0940408 
0.0510623 
0.0417467 
0.0678888 
0.126735 
0.0930866 
0.0985175 
0.130436 
0.109466 
0.0530456 
0.016925 
0.0705288 
0.0470239 
0.0530768 
0.0414284 
0.103697 
0.17082 
0.136336 
0.0447793 
0.0453956 
0.0374538 
0.0391313 
0.0482093 
0.0163191 
0.0430914 
0.0660777 
0.099315 
0.0761169 
0.0594006 
0.121423 
0.150616 
0.168963 
0.188143 
0.0935273 
0.0303418 
0.0836551 
0.149946 
0.0931364 
0.0810305 
0.0905706 
0.0444276 
0.0357074 
0.108502 
