0
0.156423 
0.12987 
0.234468 
0.19065 
0.169084 
0.165345 
0.154804 
0.140967 
0.115445 
0.159005 
0.194219 
0.130447 
0.0999614 
0.141481 
0.090588 
0.224285 
0.350613 
0.135642 
0.269534 
0.261249 
0.0977529 
0.126366 
0.197656 
0.189166 
0.160326 
0.090457 
0.159533 
0.0879197 
0.224477 
0.118415 
0.264691 
0.209408 
0.133692 
0.14637 
0.180311 
0.207549 
0.123789 
0.107788 
0.103042 
0.107807 
0.125036 
0.170445 
0.157554 
0.0827126 
0.14391 
0.0696542 
0.189237 
0.151117 
0.332885 
0.193861 
0.130653 
0.118119 
0.17546 
0.108561 
0.174929 
0.221493 
0.148112 
0.110348 
0.102359 
0.136652 
0.0904361 
0.293011 
0.126034 
0.129973 
0.183104 
0.178453 
0.152501 
0.0996716 
0.242135 
0.190948 
0.0490375 
0.197165 
0.207851 
0.0932138 
0.287028 
0.231154 
0.0949045 
0.237717 
0.139039 
0.120206 
0.112624 
0.141839 
0.0891578 
0.112948 
0.175324 
0.211385 
0.159219 
0.13538 
0.200896 
0.155275 
0.102317 
0.146161 
0.203723 
0.279165 
0.111365 
0.175206 
0.180019 
0.215847 
0.0639461 
0.0277423 
0.211397 
0.134961 
0.110685 
0.199839 
0.140057 
0.152084 
0.120794 
0.174252 
0.0996702 
0.204408 
0.103629 
0.240051 
0.0840589 
0.24815 
0.160561 
0.127338 
0.321367 
0.107572 
0.137301 
0.0727869 
0.104548 
0.175755 
0.140045 
0.542836 
0.337304 
0.149903 
0.22639 
0.235263 
0.0963953 
0.1912 
0.127939 
0.08592 
0.41251 
0.493997 
0.292107 
0.318823 
0.0792718 
0.143502 
0.170884 
0.26044 
0.173277 
0.119323 
0.159166 
0.178522 
0.18212 
0.266579 
0.0578441 
0.151329 
0.272466 
0.167986 
0.0975225 
0.31176 
0.228759 
0.430512 
0.247412 
0.255283 
0.503177 
0.196779 
0.0790151 
0.109724 
0.0962095 
0.287792 
0.151452 
0.158021 
0.113724 
0.25126 
0.200531 
0.349038 
0.429818 
0.164459 
0.219652 
0.257781 
0.187505 
0.265862 
0.318004 
0.624558 
0.253426 
0.232154 
0.423051 
0.388713 
0.259904 
0.396163 
0.282893 
0.265811 
0.193269 
0.154198 
0.268899 
0.440294 
0.180131 
0.363106 
0.134744 
0.308775 
0.207142 
0.320887 
0.348866 
0.881895 
0.494615 
0.148535 
0.757622 
0.202036 
0.162022 
0.346822 
0.33599 
0.338896 
0.577298 
0.382449 
0.194077 
0.308842 
0.362078 
0.435786 
0.240351 
0.18372 
0.291347 
0.216939 
0.226967 
0.188241 
0.109798 
0.127585 
0.661518 
1.19707 
0.277867 
0.598312 
0.442842 
0.256677 
0.498531 
0.865472 
0.280267 
0.8357 
0.194108 
0.366245 
0.232193 
0.261126 
0.26414 
0.301077 
0.223658 
0.0533607 
0.127262 
0.157115 
0.232791 
