0
1.0337 
0.332289 
0.152334 
0.0490853 
0.0523502 
0.0374651 
0.0531081 
0.0928163 
0.068625 
0.0522781 
0.039767 
0.0440872 
0.0521012 
0.0805643 
0.0216538 
0.0723117 
0.0893717 
0.0411776 
0.0514138 
0.0374362 
0.0509868 
0.0383683 
0.118476 
0.081358 
0.0851087 
0.0558559 
0.0268211 
0.051637 
0.0253071 
0.029753 
0.0594046 
0.0240187 
0.0591288 
0.0649529 
0.110889 
0.110054 
0.154741 
0.195969 
0.0575576 
0.0704128 
0.075947 
0.0836641 
0.0785059 
0.121588 
0.109077 
0.0786842 
0.0705646 
0.0429168 
0.0472559 
0.0581211 
0.0330133 
0.0592896 
0.0902003 
0.204936 
0.244507 
0.142586 
0.126478 
0.164895 
0.0868879 
0.145278 
0.064514 
0.107849 
0.124332 
0.0543764 
0.0736068 
0.095163 
0.0613806 
0.0430328 
0.0649129 
0.0351968 
0.03443 
0.121869 
0.102246 
0.0426174 
0.0446233 
0.0439549 
0.0646553 
0.0600589 
0.0240334 
0.0577304 
0.0497677 
0.0546636 
0.0563093 
0.0454681 
0.112043 
0.0755029 
0.0500434 
0.0540257 
0.0616328 
0.0675081 
0.0590376 
0.0541807 
0.0476956 
0.0174197 
0.0783727 
0.0622624 
0.0598645 
0.0563144 
0.0620211 
0.048718 
0.128666 
0.0371523 
0.071124 
0.108362 
0.289208 
0.244744 
0.11983 
0.0418001 
0.0833018 
0.0504838 
0.0380477 
0.0353373 
0.0852939 
0.0444073 
0.0644948 
0.0364055 
0.0416627 
0.0364784 
0.0950225 
0.35435 
0.909372 
0.891353 
0.285452 
0.0543934 
0.139137 
0.109234 
0.071308 
0.12451 
0.103557 
0.0281241 
0.0392083 
0.0961746 
0.0671192 
0.0426654 
0.0397236 
0.0986522 
0.0332817 
0.0696894 
0.0600543 
0.0675427 
0.0747774 
0.0707687 
0.0893669 
0.0797521 
0.0453805 
0.360399 
0.0699048 
0.138199 
0.166196 
0.0662045 
0.0469839 
0.119653 
0.0692514 
0.049363 
0.0621837 
0.11143 
0.0684208 
0.0555811 
0.17539 
0.156058 
0.0920023 
0.0554078 
0.0356719 
0.0808166 
0.0902623 
0.0693432 
0.0718229 
0.0638656 
0.0540536 
0.0613955 
0.0532797 
0.0424935 
0.0594626 
0.0256917 
0.124185 
0.0856629 
0.0436153 
0.0566538 
0.096932 
0.0546933 
0.0931075 
0.0655508 
0.0412856 
0.0507666 
0.0929378 
0.0752231 
0.0644872 
0.0556779 
0.0750801 
0.0934014 
0.121445 
0.139441 
0.061028 
0.0786939 
0.0546672 
0.0582207 
0.0401348 
0.0488083 
0.0801976 
