0
1.39663 
0.395481 
0.132191 
0.270073 
0.254699 
0.0750138 
0.0799852 
0.1293 
0.143302 
0.0543567 
0.0636041 
0.0620958 
0.0172279 
0.0403294 
0.0599378 
0.0999665 
0.197547 
0.128902 
0.0733951 
0.111072 
0.0854595 
0.0622355 
0.0752172 
0.0575005 
0.0511283 
0.0620016 
0.0542059 
0.0986085 
0.139514 
0.189874 
0.118659 
0.0851748 
0.0771023 
0.121322 
0.0864595 
0.118289 
0.133207 
0.15623 
0.0644878 
0.032194 
0.0540111 
0.0718004 
0.0418143 
0.0782464 
0.078953 
0.0764225 
0.270521 
0.193418 
0.163959 
0.0598279 
0.110983 
0.10905 
0.132555 
0.11615 
0.122536 
0.122105 
0.105703 
0.114649 
0.0670118 
0.0829941 
0.107614 
0.0905891 
0.108404 
0.0445711 
0.0555589 
0.0172218 
0.0953751 
0.115629 
0.091204 
0.0968837 
0.0375683 
0.0860366 
0.0646495 
0.0571065 
0.0870988 
0.075034 
0.0733147 
0.152663 
0.185251 
0.0570892 
0.0507899 
0.264125 
0.257256 
0.0748301 
0.0393168 
0.0711459 
0.0887266 
0.108285 
0.0536597 
0.115779 
0.089927 
0.111015 
0.0608369 
0.645217 
0.430692 
0.451912 
0.297506 
0.0566289 
0.158173 
0.0449471 
0.183222 
0.169272 
0.0906104 
0.0596033 
0.0347069 
0.0670016 
0.140696 
0.125605 
0.0589229 
0.105834 
0.222069 
0.247051 
0.307627 
0.166796 
0.165409 
0.0820716 
0.0972239 
0.067958 
0.042649 
0.047154 
0.0447031 
0.0326903 
0.283483 
0.12892 
0.0911804 
0.0847686 
0.15196 
0.0851653 
0.123085 
0.0566781 
0.0562584 
0.0867488 
0.0708561 
0.113643 
0.0874224 
0.187649 
0.0794291 
0.214481 
0.091222 
0.11503 
0.0974623 
0.0951971 
0.173695 
0.224219 
0.844075 
0.347387 
0.931838 
0.325642 
0.162134 
0.26207 
0.0793109 
0.0721004 
0.161887 
0.124297 
0.118192 
0.146082 
0.106291 
0.132635 
0.062082 
0.0877715 
0.0309945 
0.13885 
0.0946955 
0.104781 
0.110896 
0.0551025 
0.119634 
0.0649665 
0.072648 
0.121539 
0.129689 
0.0913175 
0.158497 
0.106767 
0.0397805 
0.201651 
0.08244 
0.065744 
0.130777 
0.116057 
0.0746 
0.0748365 
0.062246 
0.0418555 
0.0824048 
0.0583243 
1.22437 
1.47174 
2.65699 
0.276526 
0.100632 
0.147895 
0.0933371 
0.193519 
0.181204 
0.185123 
0.153932 
0.060142 
0.0667325 
