0
0.653349 
0.257307 
0.149145 
0.357185 
0.368577 
0.308281 
0.114869 
0.15643 
0.125132 
0.500204 
0.180597 
0.183561 
0.157697 
0.310463 
0.214156 
0.371674 
0.346986 
0.174149 
0.191817 
0.377105 
0.228016 
0.215069 
0.213217 
0.219284 
0.313549 
0.354909 
0.287936 
0.205381 
0.199774 
0.437135 
0.237582 
0.365283 
0.447103 
0.281985 
0.174415 
0.0971202 
0.329826 
0.519317 
0.381305 
0.336783 
0.387722 
0.474983 
0.162518 
0.0932462 
0.219946 
0.153157 
0.364064 
0.123261 
0.370593 
0.258134 
0.173959 
0.17621 
0.122619 
0.0641589 
1.18171 
0.667596 
0.345766 
0.218328 
0.174843 
0.255299 
0.0733303 
0.10014 
0.353803 
0.418248 
0.341183 
0.47645 
1.067 
1.37614 
2.1168 
0.833064 
0.274852 
0.342664 
0.295107 
0.142111 
0.167086 
0.0975823 
0.131908 
0.843328 
0.754102 
0.314947 
0.104611 
0.239829 
0.628912 
0.365259 
0.300854 
0.457703 
0.222702 
0.0931148 
0.288375 
0.227447 
0.148324 
0.441759 
0.774724 
0.580903 
0.233313 
0.235967 
0.127179 
0.0872757 
0.0990392 
0.271223 
0.257594 
0.110471 
0.105915 
0.0961068 
0.0874062 
0.26112 
0.255648 
0.218197 
0.158834 
0.131979 
0.155648 
0.154086 
0.21593 
0.268362 
0.178398 
0.394826 
0.373183 
0.0966704 
0.319527 
0.352976 
0.353232 
0.251288 
0.272173 
0.270499 
0.145888 
0.120519 
0.348944 
0.673751 
0.145496 
0.239065 
0.157348 
0.169312 
0.0842531 
0.186196 
0.210153 
0.100909 
0.145732 
0.0255901 
0.056865 
0.148064 
0.241395 
0.16075 
0.460423 
0.70572 
0.674114 
0.631222 
0.241098 
0.169521 
0.0904272 
0.260231 
0.326092 
0.204865 
0.396042 
0.282365 
0.165627 
0.0898867 
0.101867 
0.139145 
0.131271 
0.0894053 
0.241639 
0.362589 
0.278447 
0.129848 
0.165651 
0.137622 
0.205864 
0.189824 
0.331864 
0.255119 
0.376489 
0.186542 
0.151572 
0.132672 
0.139345 
0.166078 
0.120601 
0.148838 
0.282049 
0.257197 
0.255522 
0.117397 
0.255221 
0.0536744 
0.24088 
0.143418 
0.140296 
0.161377 
0.177101 
0.30208 
0.181635 
0.931794 
0.414152 
0.371667 
0.367201 
0.309029 
0.203022 
0.25488 
0.311531 
