0
0.506539 
0.253558 
0.261868 
0.34551 
0.148583 
0.166072 
0.288841 
0.129411 
0.0732076 
0.110588 
0.122604 
0.112308 
0.102063 
0.106453 
0.157699 
0.0740125 
0.0945104 
0.0986784 
0.10434 
0.245344 
0.11674 
0.116721 
0.0778182 
0.161054 
0.138773 
0.165685 
0.0855986 
0.0893979 
0.105641 
0.128945 
0.118603 
0.108359 
0.124767 
0.0916139 
0.100062 
0.0888872 
0.0914574 
0.21551 
0.112457 
0.0993394 
0.1133 
0.12943 
0.157312 
0.122046 
0.0747085 
0.129933 
0.0957737 
0.105789 
0.0707357 
0.122499 
0.132142 
0.119498 
0.0636594 
0.0950007 
0.0816513 
0.0340656 
0.10368 
0.138644 
0.146808 
0.04061 
0.0499274 
0.0699997 
0.0816021 
0.0711424 
0.074801 
0.067304 
0.0567382 
0.0477326 
0.064871 
0.088622 
0.0794793 
0.0859828 
0.169616 
0.107813 
0.0497414 
0.0873345 
0.0778224 
0.0988145 
0.102289 
0.0949353 
0.0528712 
0.0400704 
0.107592 
0.0996066 
0.146886 
0.162547 
0.0801275 
0.0842068 
0.0553578 
0.0589527 
0.17002 
0.118831 
0.101837 
0.0829024 
0.107414 
0.0983654 
0.101443 
0.134178 
0.191942 
0.0767686 
0.0597671 
0.0605178 
0.064473 
0.113375 
0.0587115 
0.0780355 
0.0272225 
0.0786819 
0.0686939 
0.174894 
0.05633 
0.112133 
0.268257 
0.449384 
0.119902 
0.0941981 
0.146019 
0.16405 
0.114498 
0.0778909 
0.0869462 
0.157447 
0.0743374 
0.179231 
0.17457 
0.103709 
0.185429 
0.0869416 
0.128174 
0.0345715 
0.114268 
0.248906 
0.0798361 
0.109403 
0.0514886 
0.0922882 
0.224388 
0.0890595 
0.0981505 
0.141588 
0.150028 
0.124761 
0.154329 
0.140888 
0.132278 
0.142406 
0.0698171 
0.201579 
0.138133 
0.195891 
0.126739 
0.130804 
0.236059 
0.170597 
0.226969 
0.124217 
0.166292 
0.273798 
0.194976 
0.0789415 
0.115528 
0.138256 
0.0959613 
0.0963318 
0.116926 
0.129156 
0.0602897 
0.141272 
0.0900081 
0.0580985 
0.219405 
0.174948 
0.14189 
0.194939 
0.0953609 
0.0883196 
0.145052 
0.0936183 
0.0812665 
0.104041 
0.0320313 
0.118699 
0.171229 
0.096077 
0.203308 
0.0879125 
0.181833 
0.15059 
0.0750948 
0.231222 
0.10692 
0.0858212 
0.105058 
0.121603 
0.125242 
0.100908 
0.104333 
0.105922 
0.119488 
