0
0.375871 
0.203194 
0.059698 
0.0441987 
0.097601 
0.0348102 
0.0871374 
0.144232 
0.0899027 
0.0479268 
0.0199076 
0.0374173 
0.083263 
0.105845 
0.0219776 
0.0586214 
0.0772103 
0.0811904 
0.106721 
0.134667 
0.0885639 
0.00748057 
0.0536556 
0.107121 
0.0913348 
0.15926 
0.118876 
0.0720184 
0.0670111 
0.0820957 
0.0783976 
0.0876665 
0.03565 
0.0333579 
0.0534072 
0.0635524 
0.0404786 
0.0258629 
0.0747764 
0.114198 
0.0732965 
0.0583254 
0.0232556 
0.0449302 
0.0717107 
0.0876874 
0.0259399 
0.0712156 
0.0795522 
0.0475285 
0.150474 
0.224209 
0.220573 
0.16978 
0.067646 
0.079123 
0.121626 
0.053697 
0.0337962 
0.0405921 
0.0698104 
0.101202 
0.0264037 
0.0502866 
0.0359033 
0.029649 
0.0574431 
0.0553169 
0.0429999 
0.0566876 
0.0666185 
0.0218209 
0.0889182 
0.0542762 
0.0654683 
0.0910103 
0.103397 
0.126793 
0.151356 
0.0806255 
0.0660696 
0.048698 
0.0323162 
0.0613548 
0.0193143 
0.0579254 
0.0743999 
0.0513444 
0.0325058 
0.0788315 
0.0633225 
0.0881471 
0.0555608 
0.0575896 
0.115794 
0.184966 
0.129447 
0.051668 
0.0566481 
0.0748783 
0.0736284 
0.072303 
0.0180287 
0.0631437 
0.054267 
0.0223078 
0.00958447 
0.0237053 
0.0627891 
0.0585573 
0.0391068 
0.0198403 
0.0701468 
0.0966688 
0.0624849 
0.0636456 
0.0293688 
0.0943221 
0.111922 
0.0899829 
0.0640151 
0.0438301 
0.0366601 
0.0866104 
0.0854926 
0.0639304 
0.0714141 
0.0421049 
0.0306152 
0.0409566 
0.0589942 
0.046476 
0.0559038 
0.0260724 
0.0515334 
0.0631468 
0.0534306 
0.0253103 
0.0478198 
0.0436537 
0.0487477 
0.101021 
0.0856396 
0.0478221 
0.0416794 
0.0641715 
0.0947722 
0.0387247 
0.0707142 
0.0621403 
0.111167 
0.0442517 
0.141568 
0.122342 
0.117858 
0.175457 
0.118281 
0.0754896 
0.0604396 
0.0363599 
0.0380845 
0.0848828 
0.0822145 
0.0190907 
0.160865 
0.0851028 
0.0762305 
0.102673 
0.173784 
0.0879977 
0.117132 
0.110778 
0.115215 
0.0579295 
0.0578111 
0.0576315 
0.0668167 
0.0772448 
0.0511963 
0.0382425 
0.135223 
0.250783 
0.111304 
0.0715119 
0.282045 
0.104015 
0.129615 
0.075149 
0.286596 
0.0819352 
0.0978199 
0.0888143 
0.169927 
0.107172 
0.111406 
0.108775 
0.0542359 
0.19188 
0.21551 
