0
0.501756 
0.23603 
0.133931 
0.099639 
0.0661558 
0.0494705 
0.0638914 
0.0902009 
0.0501635 
0.109524 
0.127274 
0.0847037 
0.0619123 
0.0180875 
0.0832314 
0.0609133 
0.0789547 
0.0504401 
0.0857366 
0.0729324 
0.110382 
0.034143 
0.0491895 
0.0381762 
0.0349137 
0.0729003 
0.017963 
0.0508277 
0.0654298 
0.0642624 
0.0360307 
0.0578059 
0.159969 
0.0772831 
0.0480308 
0.0424198 
0.0485293 
0.075817 
0.0287263 
0.0262182 
0.0240528 
0.057213 
0.0604392 
0.0697047 
0.0402597 
0.0501443 
0.0420857 
0.035856 
0.0332305 
0.0278988 
0.0605194 
0.0651063 
0.0370782 
0.0432814 
0.0324139 
0.0595298 
0.040464 
0.0374394 
0.0319018 
0.0614137 
0.198161 
0.0882773 
0.0688031 
0.0494126 
0.0604704 
0.0261144 
0.0488504 
0.0545806 
0.0451213 
0.0409206 
0.0369927 
0.089593 
0.0449851 
0.0111353 
0.0588871 
0.0959926 
0.0693037 
0.0204216 
0.0122599 
0.0223214 
0.0318012 
0.0417977 
0.0742373 
0.033068 
0.0440022 
0.0596256 
0.0549986 
0.0528172 
0.0256882 
0.0212998 
0.0242767 
0.0158264 
0.0534522 
0.0511956 
0.045756 
0.0381512 
0.0570785 
0.0269955 
0.0523285 
0.0240411 
0.0341335 
0.0164246 
0.0436607 
0.047312 
0.0230904 
0.0347121 
0.028375 
0.00606358 
0.0134012 
0.0235336 
0.0352136 
0.0551656 
0.0271384 
0.0211871 
0.0612794 
0.0526733 
0.0196701 
0.0220337 
0.0258112 
0.047742 
0.024011 
0.0399821 
0.0925805 
0.0577643 
0.0453478 
0.0624114 
0.073226 
0.0479493 
0.0505537 
0.0500074 
0.00842303 
0.137737 
0.043856 
0.0422624 
0.0960321 
0.0293473 
0.0609531 
0.0456717 
0.0344814 
0.0596907 
0.0581233 
0.042489 
0.026446 
0.0590924 
0.0786089 
0.222296 
0.095857 
0.100312 
0.0946018 
0.0423982 
0.117343 
0.0740641 
0.0785108 
0.100089 
0.0866389 
0.0246403 
0.0619614 
0.0931827 
0.020648 
0.0203845 
0.0309757 
0.044126 
0.0614694 
0.0595287 
0.0328656 
0.0218151 
0.0182291 
0.049353 
0.0602358 
0.0532709 
0.0526838 
0.057525 
0.0181031 
0.0440665 
0.020163 
0.0892882 
0.0525636 
0.0518978 
0.0690824 
0.0765899 
0.124291 
0.0589975 
0.0257459 
0.0173833 
0.0529837 
0.0218554 
0.0708936 
0.0583992 
0.0513272 
0.0370106 
0.048211 
0.0276022 
0.0815984 
0.073756 
0.051626 
0.0277661 
0.0603255 
0.0444962 
0.104846 
