0
0.617532 
0.284345 
0.137547 
0.0340569 
0.068946 
0.0671539 
0.119053 
0.0623553 
0.0591541 
0.0781701 
0.162112 
0.0626169 
0.0695283 
0.0920394 
0.0774244 
0.0450824 
0.082134 
0.0703701 
0.0632702 
0.0703713 
0.0494094 
0.0757213 
0.0924085 
0.0542705 
0.0769867 
0.0870949 
0.0500439 
0.11621 
0.191713 
0.180511 
0.0568474 
0.221347 
0.101088 
0.120365 
0.134719 
0.0408362 
0.0930505 
0.11163 
0.0788909 
0.0350491 
0.130459 
0.102968 
0.0635698 
0.0278793 
0.056355 
0.0546772 
0.0365733 
0.0628702 
0.0633211 
0.0384536 
0.0513719 
0.0349994 
0.0666579 
0.0846164 
0.0882716 
0.152897 
0.0550821 
0.1161 
0.101598 
0.0724761 
0.052161 
0.117512 
0.367003 
0.357407 
0.180882 
0.12826 
0.312838 
0.397996 
0.245452 
0.113585 
0.226093 
0.122732 
0.265454 
0.150866 
0.121062 
0.0966903 
0.102762 
0.119656 
0.0392721 
0.14938 
0.105165 
0.0911415 
0.0937247 
0.103624 
0.127629 
0.0904423 
0.0931271 
0.0576811 
0.0282381 
0.0732301 
0.0569555 
0.0390654 
0.18227 
0.0704983 
0.0375905 
0.0710651 
0.0612352 
0.0552504 
0.0783135 
0.0351989 
0.0526716 
0.100362 
0.0588209 
0.518378 
0.183824 
0.085306 
0.0555471 
0.146095 
0.0442437 
0.0467737 
0.125089 
0.070399 
0.0187867 
0.0878894 
0.0780074 
0.0390745 
0.0841158 
0.0872079 
0.0508389 
0.0590747 
0.0994109 
0.107187 
0.0579347 
0.0668846 
0.0616554 
0.047421 
0.0613434 
0.0688496 
0.0374642 
0.0167827 
0.061905 
0.047704 
0.065313 
0.067106 
0.0311093 
0.032483 
0.0746369 
0.0469207 
0.0893812 
0.0940774 
0.0270809 
0.0535179 
0.0451812 
0.0647168 
0.0925947 
0.0961585 
0.228249 
0.216296 
0.185037 
0.279715 
0.123495 
0.136849 
0.0574498 
0.0892637 
0.0623247 
0.054483 
0.0534331 
0.0690482 
0.0352625 
0.0930098 
0.0576568 
0.0310837 
0.0372624 
0.0558814 
0.0462451 
0.0616529 
0.0507283 
0.0859902 
0.0232177 
0.0467734 
0.0661565 
0.0442602 
0.0870924 
0.11293 
0.267872 
0.0954838 
0.0981775 
0.0333591 
0.0332349 
0.0727135 
0.0358787 
0.0420371 
0.0347025 
0.0933911 
0.041719 
0.02972 
0.031535 
0.0644361 
0.0871113 
0.0490835 
0.0315623 
0.0704347 
0.126889 
0.094895 
0.0315213 
0.056952 
0.0732752 
0.0477717 
0.051244 
