0
0.820118 
0.15962 
0.0713703 
0.110689 
0.0803464 
0.0618603 
0.436032 
1.74784 
0.83082 
0.108335 
0.0876404 
0.100136 
0.0812616 
0.0936616 
0.111091 
0.0861755 
0.104785 
0.198679 
0.0600751 
0.0869935 
0.075299 
0.0659296 
0.0483215 
0.0287511 
0.0644468 
0.0639443 
0.0777236 
0.0613715 
0.139 
0.0674388 
0.0699508 
0.0557097 
0.109907 
0.0838492 
0.040453 
0.165754 
0.0840613 
0.147053 
0.113079 
0.0319052 
0.056481 
0.0538464 
0.0894506 
0.055801 
0.0632234 
0.0612326 
0.0772673 
0.119112 
0.0638979 
0.117179 
0.0900348 
0.0669743 
0.0559919 
0.063788 
0.0324633 
0.0604079 
0.0900197 
0.117256 
0.0815765 
0.227308 
0.123716 
0.157459 
0.0889922 
0.0527522 
0.0968484 
0.0422938 
0.062567 
0.0456809 
0.00981956 
0.0518956 
0.078129 
0.0557045 
0.1356 
0.0782699 
0.0738904 
0.109276 
0.0579365 
0.0608913 
0.0775621 
0.157951 
0.084069 
0.154154 
0.0666358 
0.0701144 
0.0667403 
0.109361 
0.110132 
0.0798559 
0.0829343 
0.0555634 
0.0564734 
0.0536473 
0.0521181 
0.0608211 
0.0454628 
0.0653471 
0.0991292 
0.0763216 
0.149135 
0.0838631 
0.0954193 
0.0548426 
0.062638 
0.0574821 
0.154288 
0.116635 
0.06723 
0.0676725 
0.0641939 
0.0756169 
0.0629075 
0.102644 
0.236862 
2.9012 
0.829351 
0.508902 
0.363485 
0.265893 
0.217408 
0.112162 
0.0917905 
0.094377 
0.0545126 
0.125705 
0.0725535 
0.106316 
0.0344191 
0.0701431 
0.0645423 
0.057373 
0.0942949 
0.0827868 
0.0922847 
0.0747355 
0.0739586 
0.066076 
0.0295098 
0.159926 
0.15542 
0.0406363 
0.130631 
0.132266 
0.0863737 
0.0665599 
0.146553 
0.10828 
0.0621744 
0.0580259 
0.0487282 
0.0632563 
0.0299364 
0.0451835 
0.0295418 
0.0774387 
0.0514027 
0.0611466 
0.0591889 
0.0765943 
0.135274 
0.0877574 
0.064748 
0.0592006 
0.0430675 
0.0571648 
0.0869984 
0.0828687 
0.153456 
0.60831 
0.352597 
0.149609 
0.238496 
0.233379 
0.420256 
0.129441 
0.643992 
0.916722 
0.495264 
1.33 
0.661108 
0.119548 
0.0391942 
0.0984628 
0.0670731 
0.074594 
0.225178 
0.085465 
0.0288248 
0.0655637 
0.0373211 
0.0233557 
0.0451757 
0.0243927 
0.0743833 
0.0797626 
0.0571719 
0.0324507 
0.0801049 
0.119153 
0.14286 
