0
0.586968 
0.0799406 
0.0535816 
0.0613482 
0.0309368 
0.0481454 
0.059523 
0.0498054 
0.0846244 
0.0616291 
0.073366 
0.0748421 
0.0528808 
0.0618524 
0.034084 
0.063644 
0.0699379 
0.0177139 
0.126756 
0.0492759 
0.0864348 
0.0882803 
0.0217146 
0.0632393 
0.0750178 
0.0143229 
0.0758004 
0.0478472 
0.0744982 
0.0953498 
0.065757 
0.0253848 
0.0735683 
0.0724026 
0.0666106 
0.100168 
0.0788431 
0.0516521 
0.0455688 
0.0543199 
0.066354 
0.04689 
0.0693265 
0.0772753 
0.041764 
0.0232007 
0.0762769 
0.0519209 
0.0423043 
0.0451552 
0.0343776 
0.050577 
0.0437189 
0.0660049 
0.0797476 
0.0941592 
0.0773566 
0.0528568 
0.0713083 
0.0723731 
0.106446 
0.0670575 
0.0776714 
0.0746762 
0.0562597 
0.0666298 
0.109572 
0.144871 
0.119608 
0.0563192 
0.0807322 
0.0561057 
0.0742102 
0.106636 
0.109114 
0.0366638 
0.0544319 
0.0333327 
0.034675 
0.0343401 
0.0479505 
0.0433579 
0.0404917 
0.086025 
0.0698563 
0.0458629 
0.0376833 
0.0327107 
0.046363 
0.0580989 
0.0527439 
0.052783 
0.0962433 
0.108223 
0.0910327 
0.143192 
0.0959582 
0.182532 
0.183454 
0.0734584 
0.0438534 
0.0518208 
0.0741386 
0.0253317 
0.0608036 
0.0526386 
0.0863216 
0.217527 
0.102296 
0.0524023 
0.0786265 
0.085306 
0.0690446 
0.0774927 
0.0451675 
0.0881079 
0.0546321 
0.0294288 
0.0634878 
0.517835 
0.716428 
0.405333 
0.104018 
0.0828896 
0.381981 
0.567351 
0.255853 
0.125682 
0.140534 
0.11776 
0.0629846 
0.0725651 
0.113973 
0.086218 
0.187137 
0.12466 
0.0840859 
0.0623108 
0.0930781 
0.101907 
0.0881806 
0.0536874 
0.0584679 
0.0922705 
0.0683654 
0.0621303 
0.0751783 
0.0490552 
0.109327 
0.0825126 
0.0530106 
0.0841027 
0.0595262 
0.0491462 
0.0982528 
0.03937 
0.121217 
0.0417722 
0.0965008 
0.0915885 
0.0613736 
0.0924905 
0.0784369 
0.13258 
0.0740552 
0.0497592 
0.0726781 
0.0898177 
0.0957182 
0.0881627 
0.0569434 
0.0594206 
0.0329766 
0.0522818 
0.0823035 
0.0678336 
0.0589606 
0.0512562 
0.100715 
0.143694 
0.0632634 
0.0854055 
0.119202 
0.109362 
0.0662213 
0.0186619 
0.0408461 
0.0527104 
0.0513481 
0.0478741 
0.0678705 
0.0715976 
0.0446725 
0.105059 
0.0866734 
0.0587765 
0.0195466 
0.0732965 
0.0424323 
