0
0.653488 
0.125551 
0.0972586 
0.0361786 
0.0694246 
0.118105 
0.0709274 
0.0693348 
0.0524077 
0.100769 
0.0537764 
0.0430572 
0.0434009 
0.0343593 
0.0933661 
0.107664 
0.129189 
0.0536671 
0.0495792 
0.0549973 
0.114072 
0.0732069 
0.0301152 
0.0350615 
0.545954 
0.724173 
0.295506 
0.103375 
0.058931 
0.0842347 
0.0683161 
0.0445748 
0.0429702 
0.0490562 
0.066737 
0.0240266 
0.0505584 
0.0789787 
0.0680289 
0.0530007 
0.0659059 
0.0201094 
0.0593493 
0.0576607 
0.0458558 
0.0576309 
0.102755 
0.0535066 
0.0337598 
0.0585498 
0.0608619 
0.0779682 
0.0538648 
0.0361278 
0.0649223 
0.0570749 
0.0681 
0.0477371 
0.0378711 
0.0587684 
0.0427455 
0.0574034 
0.0687132 
0.0730097 
0.0606252 
0.0799806 
0.10565 
0.121013 
0.0684653 
0.0309383 
0.0485693 
0.0297075 
0.0432543 
0.0916332 
0.103115 
0.110545 
0.0223767 
0.0411831 
0.0571282 
0.0318984 
0.0562844 
0.0805813 
0.0453293 
0.0771901 
0.0729259 
0.0462694 
0.0505552 
0.0467129 
0.0350086 
0.0661756 
0.085027 
0.122368 
0.0814291 
0.060136 
0.0860136 
0.0784415 
0.0141599 
0.0568869 
0.0567049 
0.0385505 
0.0135587 
0.0362316 
0.151499 
0.109089 
0.0545904 
0.0531418 
0.11386 
0.134839 
0.0671974 
0.0297649 
0.066891 
0.0709576 
0.0838101 
0.0322441 
0.0639286 
0.119817 
0.314016 
0.151521 
0.0470753 
0.0362014 
0.0891967 
0.0492825 
0.0843265 
0.0305842 
0.057488 
0.107252 
0.173958 
0.218577 
0.159889 
0.0739685 
0.0636326 
0.0485255 
0.0356593 
0.161292 
0.0980856 
0.123538 
0.174655 
0.108706 
0.0225558 
0.139494 
0.041007 
0.0652624 
0.0583578 
0.0788771 
0.0765207 
0.0908879 
0.02215 
0.0263516 
0.0505414 
0.0382068 
0.0545697 
0.039743 
0.0596761 
0.0934298 
0.0862323 
0.0729362 
0.0722568 
0.0507842 
0.0422823 
0.0315466 
0.0310645 
0.0531329 
0.0942631 
0.0608416 
0.0348281 
0.124357 
0.555593 
0.406067 
0.244365 
0.0702258 
0.0326082 
0.120867 
0.0616059 
0.0830449 
0.0732575 
0.189324 
0.154598 
0.348458 
0.14422 
0.137259 
0.395483 
0.28211 
0.0644368 
0.0400334 
0.0685201 
0.0903382 
0.0244932 
0.0932433 
0.0819632 
0.0630392 
0.047536 
0.110908 
0.0668471 
0.0467586 
0.046659 
0.066751 
0.0484427 
0.0860031 
0.101184 
