0
0.530249 
0.253248 
0.373762 
0.0820404 
0.068868 
0.0764482 
0.0827689 
0.204796 
0.142707 
0.113982 
0.161746 
0.0651976 
0.142049 
0.127086 
0.0942089 
0.134011 
0.0658627 
0.0456495 
0.0211672 
0.030808 
0.0823872 
0.106258 
0.208225 
0.126446 
0.0830923 
0.103584 
0.101152 
0.171072 
0.183274 
0.1902 
0.155806 
0.184813 
0.121227 
0.121931 
0.0938398 
0.103869 
0.147608 
0.111904 
0.0933646 
0.099969 
0.0806892 
0.141289 
0.169373 
0.186723 
0.124869 
0.0441118 
0.0668853 
0.0688387 
0.110453 
0.0646698 
0.146161 
0.144573 
0.127917 
0.0989337 
0.162001 
0.109723 
0.150166 
0.119698 
0.0771202 
0.137467 
0.082684 
0.0529278 
0.0414483 
0.0829574 
0.0805645 
0.0765596 
0.128049 
0.0647251 
0.121781 
0.0591046 
0.0936317 
0.0605454 
0.181549 
0.192958 
0.143918 
0.110336 
0.149846 
0.143068 
0.0646539 
0.0504015 
0.0585632 
0.0690704 
0.0752839 
0.179138 
0.0922067 
0.0820048 
0.0847422 
0.0400159 
0.0746739 
0.0305554 
0.0536533 
0.0723683 
0.111951 
0.113608 
0.076076 
0.247906 
0.223237 
0.122229 
0.0338244 
0.0711164 
0.0833263 
0.107214 
0.0564321 
0.0594395 
0.0208412 
0.0601425 
0.0355573 
0.102779 
0.050121 
0.0598747 
0.0456101 
0.071707 
0.0512236 
0.14878 
0.168976 
0.0470054 
0.112207 
0.0840081 
0.0469043 
0.0909772 
0.109469 
0.0771776 
0.105677 
0.0933011 
0.0756003 
0.0905003 
0.121396 
0.0527483 
0.0241463 
0.0739259 
0.061616 
0.071083 
0.0706169 
0.0854719 
0.0896696 
0.096893 
0.100723 
0.077216 
0.10624 
0.0947156 
0.194871 
0.303388 
0.198967 
0.0938373 
0.0996657 
0.115266 
0.156566 
0.106903 
0.136136 
0.0444814 
0.0782088 
0.0966911 
0.11554 
0.0877698 
0.0521462 
0.043137 
0.0722983 
0.164415 
0.111912 
0.0608704 
0.0515737 
0.145457 
0.0679556 
0.0682207 
0.0369664 
0.0668083 
0.0661591 
0.13493 
0.162809 
0.121971 
0.0755896 
0.0642024 
0.0768105 
0.0613699 
0.0844801 
0.0956413 
0.0922981 
0.0957352 
0.11347 
0.123774 
0.0953209 
0.0397375 
0.134812 
0.0388168 
0.0987114 
0.199331 
0.541387 
0.447034 
0.13938 
0.0664252 
0.0712602 
0.0595277 
0.0397842 
0.0732421 
0.136729 
0.0947221 
0.0695021 
0.0615332 
0.0675408 
