0
0.838556 
0.217737 
0.0848046 
0.100131 
0.17798 
0.155724 
0.118368 
0.141455 
0.255279 
0.180154 
0.0597654 
0.0813992 
0.13522 
0.0979436 
0.106399 
0.105681 
0.0939191 
0.0989915 
0.207922 
0.175274 
0.185644 
0.151735 
0.146274 
0.106628 
0.272564 
0.369044 
0.241395 
0.224691 
0.131551 
0.152029 
0.196613 
0.231102 
0.0907661 
0.141309 
0.172006 
0.206966 
0.13129 
0.0134615 
0.104148 
0.172365 
0.182245 
0.16659 
0.144351 
0.0700911 
0.166045 
0.185678 
0.18941 
0.165466 
0.131229 
0.123911 
0.187485 
0.172101 
0.142843 
0.252559 
0.142662 
0.0980701 
0.179411 
0.242608 
0.188938 
0.198751 
0.255655 
0.507731 
0.373719 
0.181933 
0.30518 
0.203656 
0.184692 
0.15153 
0.177079 
0.175896 
0.163201 
0.143346 
0.138429 
0.0944162 
0.141178 
0.248112 
0.261869 
0.100399 
0.0896581 
0.181098 
0.151189 
0.247107 
0.312538 
0.313538 
0.202305 
0.235877 
0.301368 
0.210897 
0.151068 
0.130035 
0.133633 
0.193901 
0.327633 
0.299291 
0.257988 
0.183773 
0.171816 
0.116311 
0.26097 
0.201031 
0.352493 
0.505414 
0.158332 
0.148387 
0.120628 
0.0855026 
0.159443 
0.164852 
0.16322 
0.189895 
0.240098 
0.214327 
0.162559 
0.101266 
0.099664 
0.20722 
0.225628 
0.219454 
0.232155 
0.211683 
0.221555 
0.249987 
0.170721 
0.119619 
0.131808 
0.1562 
0.250504 
0.249727 
0.280953 
0.243711 
0.130127 
0.153864 
0.148047 
0.184328 
0.286885 
0.370081 
0.184933 
0.268416 
0.196235 
0.295906 
0.202542 
0.129277 
0.132334 
0.316649 
0.265616 
0.1585 
0.258274 
0.206318 
0.24949 
0.270902 
0.247904 
0.503298 
0.577056 
0.146374 
0.0599662 
0.121831 
0.127953 
0.238184 
0.375949 
0.34324 
0.292497 
0.197469 
0.27299 
0.214532 
0.281556 
0.168763 
0.152081 
0.106682 
0.0491983 
0.143196 
0.154551 
0.264938 
0.329509 
0.209603 
0.779724 
0.189271 
0.433759 
0.45514 
0.188114 
0.220087 
0.206188 
0.209823 
0.226971 
0.201996 
0.257273 
0.273163 
0.167095 
0.108872 
0.142007 
0.0707134 
0.132735 
0.138308 
0.104866 
0.18914 
0.221881 
0.201619 
0.174956 
0.21813 
0.133948 
