0
0.453566 
0.329493 
0.309595 
0.341898 
0.275065 
0.175252 
0.24088 
0.346893 
0.474136 
0.214402 
0.120979 
0.11445 
0.0400039 
0.0684263 
0.0492858 
0.0816203 
0.0292324 
0.0567311 
0.0560886 
0.0673671 
0.0632674 
0.0496987 
0.0707105 
0.0692615 
0.124529 
0.0460551 
0.0530584 
0.0682682 
0.132953 
0.0870965 
0.0917864 
0.112218 
0.0930371 
0.0883961 
0.0280489 
0.0812307 
0.0334681 
0.0855917 
0.271953 
0.220034 
0.0731324 
0.043831 
0.127437 
0.0869324 
0.170333 
0.0829933 
0.041625 
0.0912958 
0.0994682 
0.103527 
0.121712 
0.022072 
0.101674 
0.0737193 
0.0509775 
0.0686623 
0.190747 
0.0780918 
0.0479244 
0.0589396 
0.0822398 
0.0424313 
0.253624 
0.341718 
0.0448403 
0.0983868 
0.105063 
0.0661746 
0.291026 
0.193159 
0.138903 
0.132978 
0.188728 
0.108857 
0.105769 
0.114014 
0.11302 
0.0373051 
0.160319 
0.163373 
0.0875802 
0.0468589 
0.0881821 
0.0610597 
0.0642242 
0.0273089 
0.0467028 
0.0803362 
0.0339186 
0.0473472 
0.100163 
0.0513555 
0.039605 
0.0501391 
0.111283 
0.0824438 
0.105776 
0.0994316 
0.118665 
0.117127 
0.144539 
0.374608 
0.0705915 
0.474763 
0.147268 
0.0507809 
0.0683963 
0.0794633 
0.10582 
0.0604474 
0.14834 
0.0795267 
0.154944 
0.187016 
0.0719459 
0.07337 
0.0745998 
0.114014 
0.198059 
0.190941 
0.0698283 
0.075963 
0.140349 
0.130468 
0.10531 
0.0954438 
0.0637894 
0.0537364 
0.0941847 
0.0422731 
0.0538443 
0.0371758 
0.0316697 
0.078324 
0.090426 
0.150905 
0.28635 
0.209204 
0.0863009 
0.0611461 
0.0479922 
0.0403877 
0.0352579 
0.0294078 
0.0819273 
0.045116 
0.0804864 
0.0579126 
0.108479 
0.0399625 
0.0556293 
0.0629023 
0.0547685 
0.0612717 
0.0900797 
0.0967658 
0.328605 
0.121009 
0.0847863 
0.420693 
0.528628 
0.436841 
0.289004 
0.230647 
0.121493 
0.521477 
1.63853 
0.598633 
0.201289 
0.67453 
0.402012 
0.683205 
0.239124 
0.429156 
0.241425 
0.162124 
0.262267 
0.422597 
0.216929 
0.140772 
0.137397 
0.0926279 
0.129906 
0.0509828 
0.218603 
0.0973165 
0.0899726 
0.0819707 
0.0751681 
0.0998914 
0.0181843 
0.0897022 
0.0297432 
0.0850723 
0.0879821 
0.0704367 
0.0398709 
0.131932 
0.0881093 
