0
1.04607 
0.23997 
0.15022 
0.0670538 
0.135488 
0.15042 
0.270964 
0.184786 
0.164022 
0.0603976 
0.0391464 
0.080966 
0.14878 
0.0810104 
0.135613 
0.144726 
0.114077 
0.343812 
0.201591 
0.10966 
0.117789 
0.0862928 
0.0795486 
0.139039 
0.132348 
0.154904 
0.116944 
0.0572394 
0.0820528 
0.00956494 
0.0907707 
0.0976632 
0.0620744 
0.0908607 
0.0593362 
0.104415 
0.0621207 
0.0954811 
0.0863787 
0.0572842 
0.070508 
0.111424 
0.102674 
0.0691319 
0.0957979 
0.123659 
0.0766517 
0.0486944 
0.0912895 
0.0792184 
0.0732064 
0.0345927 
0.0353333 
0.0758147 
0.105674 
0.0721081 
0.119765 
0.0663309 
0.146503 
0.0836594 
0.0985474 
0.103593 
0.121122 
0.0869225 
0.171548 
0.0797193 
0.076595 
0.112708 
0.0603923 
0.0793421 
0.0535101 
0.0364897 
0.0560312 
0.0654458 
0.0678432 
0.0661077 
0.0587415 
0.0506297 
0.0649667 
0.0626054 
0.0643315 
0.0582848 
0.0344762 
0.0579632 
0.0893724 
0.118897 
0.0732529 
0.183682 
0.11031 
0.0953713 
0.267682 
0.077285 
0.0596915 
0.0974034 
0.0357016 
0.0931371 
0.116208 
0.244905 
0.219701 
0.0767975 
0.051004 
0.102932 
0.0873815 
0.0492508 
0.103658 
0.0728652 
0.0627472 
0.109355 
0.0335014 
0.0429219 
0.193577 
0.120881 
0.0818607 
0.0840494 
0.0983786 
0.130574 
0.0863756 
0.0563702 
0.0358499 
0.133442 
0.12282 
0.0694312 
0.0504291 
0.0609266 
0.0648919 
0.0681017 
0.118149 
0.0980244 
0.106239 
0.0418166 
0.0583318 
0.0782798 
0.120822 
0.0916705 
0.0716716 
0.0881688 
0.157979 
0.0987418 
0.0441164 
0.055976 
0.0803768 
0.0591693 
0.0624203 
0.0705693 
0.101167 
0.110941 
0.0543486 
0.467943 
0.420174 
0.443775 
0.110444 
0.0705972 
0.119695 
0.069776 
0.113882 
0.215385 
0.116583 
0.067157 
0.10283 
0.061278 
0.0306367 
0.0784204 
0.0967441 
0.0753136 
0.0903904 
0.113541 
0.0510253 
0.0955743 
0.167793 
0.0856531 
0.125362 
0.159931 
0.10685 
0.0859995 
0.0391499 
0.0403085 
0.0767749 
0.0503257 
0.0448701 
0.0696203 
0.152031 
0.0827041 
0.0822515 
0.0675475 
0.0433473 
0.0403742 
0.105992 
0.185015 
0.101628 
0.061038 
0.0474107 
0.145513 
0.0797218 
0.120193 
0.114817 
0.072313 
0.0759181 
0.0678055 
0.0223864 
