0
0.704193 
0.352581 
0.34421 
0.0748835 
0.14872 
0.176969 
0.0559519 
0.0568336 
0.0730113 
0.0591313 
0.0937878 
0.0343766 
0.0352131 
0.163306 
0.129247 
0.027406 
0.0523291 
0.0866796 
0.0786266 
0.0567718 
0.0645011 
0.0342515 
0.0616206 
0.132918 
0.0408473 
0.0544844 
0.0682567 
0.159205 
0.0778548 
0.311461 
0.0928399 
0.0503516 
0.0690912 
0.0744611 
0.0906662 
0.0862858 
0.0657359 
0.0869418 
0.0825559 
0.202458 
0.150004 
0.180881 
0.0331894 
0.0918505 
0.0786644 
0.233827 
0.224475 
0.0761885 
0.0913738 
0.406705 
0.253931 
0.600554 
0.809356 
0.416187 
0.588619 
0.207769 
0.14599 
0.298339 
0.198719 
0.135523 
0.250456 
0.245975 
0.191566 
0.0907984 
0.233696 
0.075753 
0.12232 
0.3254 
0.162549 
0.136496 
0.0867173 
0.0945323 
0.559577 
0.14574 
0.0991289 
0.176827 
0.181762 
0.147835 
0.348534 
0.143129 
0.437158 
0.15974 
0.0991438 
0.170921 
0.198114 
0.0270254 
0.052949 
0.0401532 
0.102394 
0.0838963 
0.0281683 
0.0443729 
0.336221 
0.409578 
0.395744 
0.129808 
0.309495 
0.129515 
0.0720195 
0.0405387 
0.0374272 
0.117566 
0.0550136 
0.470502 
0.381444 
0.332619 
0.370738 
0.453326 
0.0921532 
0.144513 
0.240599 
0.0517286 
0.116325 
0.0627674 
0.0613175 
0.346558 
0.0672597 
0.271446 
0.154278 
0.122802 
0.0462257 
0.433702 
0.292343 
0.21495 
0.280456 
0.112003 
0.159685 
0.194641 
0.280468 
0.273047 
0.0701459 
0.113769 
0.0861271 
0.0693468 
0.0987333 
0.0891528 
0.0750182 
0.653487 
0.406195 
0.533985 
0.548214 
0.545726 
0.740535 
0.563218 
0.52892 
0.240928 
0.45529 
0.164933 
0.449695 
0.120885 
0.326342 
0.347654 
0.196897 
0.118528 
0.0472573 
0.219438 
0.184161 
0.151845 
0.171902 
0.230269 
0.080883 
0.0912748 
0.0811831 
0.14924 
0.0524205 
0.0326083 
0.0965037 
0.255465 
0.618992 
0.821267 
0.252882 
0.679467 
0.546714 
0.594437 
0.201654 
0.109895 
0.0609445 
0.116698 
0.216253 
0.250269 
0.174981 
0.157186 
0.111257 
0.0891326 
0.0559133 
0.125526 
0.126024 
0.238264 
0.240137 
0.0812085 
0.100025 
0.0875835 
0.130819 
1.33505 
0.461163 
0.186573 
0.235163 
0.162826 
0.161133 
