0
0.98063 
0.35119 
0.126446 
0.191849 
0.123696 
0.176908 
0.130635 
0.19936 
0.117239 
0.0620057 
0.0992459 
0.0790466 
0.0503524 
0.0170079 
0.0836681 
0.0835642 
0.0471456 
0.0739234 
0.0335542 
0.0468026 
0.059989 
0.0779152 
0.0484807 
0.0512918 
0.0465128 
0.0517204 
0.038298 
0.0726512 
0.0774813 
0.0236343 
0.0716081 
0.0534399 
0.0395112 
0.043283 
0.155134 
0.133244 
0.832622 
0.597934 
0.129159 
0.0768717 
0.0553152 
0.08976 
0.0556264 
0.0558699 
0.0947502 
0.0886764 
0.0503417 
0.105448 
0.0530806 
0.0417355 
0.0426059 
0.037914 
0.10133 
0.0406731 
0.0529137 
0.0718222 
0.0747977 
0.0805398 
0.0366347 
0.0694655 
0.0361659 
0.0472924 
0.0446744 
0.0251705 
0.0728808 
0.0807549 
0.0209226 
0.0470936 
0.0314921 
0.0701433 
0.0255244 
0.0334765 
0.0536152 
0.0653603 
0.0255821 
0.0411803 
0.0795493 
0.0484956 
0.0341973 
0.0258169 
0.0382842 
0.0320943 
0.101893 
0.167751 
0.186722 
0.110022 
0.0226881 
0.0415167 
0.0521843 
0.0325142 
0.0319786 
0.00240021 
0.0477653 
0.136749 
0.0978191 
0.0148893 
0.109781 
0.106091 
0.0626645 
0.065484 
0.0584582 
0.0502443 
0.0581042 
0.027251 
0.134417 
0.129041 
0.153989 
0.117581 
0.064247 
0.0355704 
0.0485262 
0.0603785 
0.0384064 
0.06059 
0.0273747 
0.0319439 
0.0855956 
0.0634009 
0.0699968 
0.0646003 
0.061452 
0.047703 
0.0415771 
0.0127797 
0.0359036 
0.0274562 
0.0676286 
0.0596809 
0.057532 
0.0929422 
0.044006 
0.159268 
0.124997 
0.109861 
0.0797871 
0.0582899 
0.072844 
0.0433955 
0.0591277 
0.079514 
0.0383986 
0.0876988 
0.0993737 
0.090554 
0.0228009 
0.0541129 
0.0730731 
0.0733173 
0.317972 
0.367291 
0.05237 
0.0708884 
0.0817901 
0.106016 
0.0803486 
0.0410754 
0.0359151 
0.15487 
0.19509 
0.0907042 
0.0349731 
0.0594922 
0.0868142 
0.0969101 
0.0397334 
0.101263 
0.0807808 
0.0756384 
0.0506293 
0.0326279 
0.0594351 
0.0783188 
0.0820712 
0.0133799 
0.118602 
0.164875 
0.311091 
0.581142 
0.20312 
0.141399 
0.362066 
0.288289 
0.154212 
0.0774525 
0.126131 
0.281799 
0.107173 
0.356803 
0.238478 
0.0482346 
0.132254 
0.0741325 
0.0567062 
0.0604793 
0.0465636 
0.0559579 
0.042707 
0.0498785 
0.05362 
