0
0.690068 
0.190542 
0.171442 
0.14604 
0.168536 
0.105852 
0.100636 
0.100092 
0.060237 
0.0766755 
0.138571 
0.100785 
0.0913908 
0.0458415 
0.106679 
0.0859498 
0.116939 
0.0862074 
0.0755266 
0.07477 
0.0667861 
0.100271 
0.0370368 
0.044792 
0.0529521 
0.0832001 
0.0672463 
0.110943 
0.129729 
0.10912 
0.0658827 
0.0673219 
0.0445494 
0.088703 
0.0639494 
0.049986 
0.0345738 
0.0741526 
0.100937 
0.0475229 
0.0444975 
0.0985288 
0.0989816 
0.0503014 
0.0843578 
0.0711753 
0.0514664 
0.135753 
0.0912131 
0.0509721 
0.0431678 
0.077905 
0.123764 
0.100957 
0.0851471 
0.0559957 
0.0649678 
0.134215 
0.0429183 
0.0505024 
0.0815384 
0.0459606 
0.0395135 
0.130322 
0.0742252 
0.225001 
0.120181 
0.299307 
0.103909 
0.210602 
0.33362 
0.397287 
0.601922 
0.282113 
0.216323 
0.324301 
0.302057 
0.17592 
0.267192 
0.160304 
0.164954 
0.134963 
0.24924 
0.194148 
0.0832787 
0.0947227 
0.0612363 
0.0735736 
0.0622382 
0.0754224 
0.0843658 
0.133344 
0.0758928 
0.0726984 
0.0980218 
0.0843718 
0.0350385 
0.0609585 
0.0357839 
0.0508813 
0.0761755 
0.076995 
0.0816237 
0.0809758 
0.117638 
0.120618 
0.133686 
0.137077 
0.156759 
0.166206 
0.1416 
0.0912059 
0.0935448 
0.0881477 
0.042973 
0.0630421 
0.069176 
0.0968447 
0.107745 
0.0800461 
0.0532612 
0.0432482 
0.150137 
0.0534857 
0.0911056 
0.138098 
0.137148 
0.0519221 
0.0816799 
0.0941994 
0.0474245 
0.0352959 
0.0795228 
0.137843 
0.125046 
0.0487626 
0.0214183 
0.128284 
0.16727 
0.16917 
0.332016 
0.217241 
0.13747 
0.0635262 
0.106608 
0.144007 
0.140689 
0.0554936 
0.104718 
0.127258 
0.0962567 
0.0620259 
0.134785 
0.127797 
0.0793363 
0.113155 
0.0733051 
0.0353481 
0.0660702 
0.140064 
0.0958973 
0.0514849 
0.125208 
0.12439 
0.114555 
0.0580269 
0.0440237 
0.0831863 
0.105296 
0.0635504 
0.070603 
0.0530803 
0.0849018 
0.0733989 
0.071752 
0.0354324 
0.121218 
0.0917995 
0.0452373 
0.0938571 
0.0475588 
0.0351432 
0.083123 
0.0636715 
0.0815066 
0.0882435 
0.093966 
0.0952902 
0.060348 
0.0133851 
0.0293893 
0.0882263 
0.0801622 
0.123141 
0.103663 
0.0830626 
0.0778145 
0.103891 
0.125777 
